timestamp,yaw,pitch,roll,ax,ay,az,gx,gy,gz,mx,my,mz
1773079136.1071575,-0.05645155609555396,0.893479596918625,-7.230418969406289,-0.1493232616786736,-1.232446333725261,9.765644726809422,0.0,0.0,0.0,-4.25,-13.75,-40.5625
1773079136.1199663,-0.05645155609555396,0.893479596918625,-7.230418969406289,-0.15289474991413904,-1.2349731194741422,9.773791837757898,0.0,0.001090830782496456,0.0,-3.875,-13.25,-40.1875
1773079136.1331096,-0.05645155609555396,0.893479596918625,-7.230418969406289,-0.1552715354387036,-1.2366546671639764,9.779213649084918,0.0,0.002181661564992912,0.0,-3.875,-13.25,-40.1875
1773079136.145021,-0.05645155609555396,0.893479596918625,-7.230418969406289,-0.1552715354387036,-1.2366546671639764,9.779213649084918,0.0,0.002181661564992912,0.0,-3.875,-13.25,-40.1875
1773079136.1577053,-0.05645155609555396,0.893479596918625,-7.230418969406289,-0.15016303624022856,-1.2344286066601233,9.782821803957448,0.0,0.004363323129985824,-0.002181661564992912,-3.875,-13.25,-40.1875
1773079136.173543,-0.05645155609555396,0.893479596918625,-7.230418969406289,-0.15016303624022856,-1.2344286066601233,9.782821803957448,0.0,0.004363323129985824,-0.002181661564992912,-3.875,-13.25,-40.1875
1773079136.1867561,0.22251186306650686,0.9112061361649403,-7.2634338108506835,-0.13003782855272167,-1.2362922999688537,9.788568102426705,-0.050178215994836975,-0.013089969389957472,0.18216874067690814,-5.0,-13.6875,-40.1875
1773079136.1987345,0.22251186306650686,0.9112061361649403,-7.2634338108506835,-0.13003782855272167,-1.2362922999688537,9.788568102426705,-0.050178215994836975,-0.013089969389957472,0.18216874067690814,-5.0,-13.6875,-40.1875
1773079136.2263854,0.5508138082089505,0.9251483424889146,-7.288616489236852,-0.022981599845043374,-1.495106168510588,10.009824460843395,-0.025089107997418487,-0.032724923474893676,0.19962203319685143,-5.0,-13.6875,-40.1875
1773079136.238988,0.640069041437828,0.9520014192182195,-7.308943611199304,0.04826312446348331,-1.6673439068847646,10.157068095774234,-0.019634954084936207,0.014180800172453928,0.06217735460229799,-5.0,-13.6875,-40.1875
1773079136.2526305,0.640069041437828,0.9520014192182195,-7.308943611199304,0.04826312446348331,-1.6673439068847646,10.157068095774234,-0.019634954084936207,0.014180800172453928,0.06217735460229799,-5.0,-13.6875,-40.1875
1773079136.279406,-164.74919886503048,0.9241446008637921,-7.262798939738651,0.052189240439938556,-1.7853113094584936,10.178119520733185,0.039269908169872414,-0.01090830782496456,-0.06872233929727672,-4.6875,-14.375,-40.1875
1773079136.2930884,-164.7865722108921,0.9477294026193882,-7.2455909953936875,0.05480202676468039,-1.7734992819914552,10.192129008883542,0.011999138607461015,0.025089107997418487,-0.018544123302439753,-4.6875,-14.375,-40.1875
1773079136.310951,-164.75756063685964,0.9564322651323938,-7.244231595769641,0.06992125370633798,-1.4712686794170278,10.201452166751368,-0.001090830782496456,0.004363323129985824,0.04799655442984406,-4.6875,-14.375,-40.1875
1773079136.3274038,165.61109412522708,1.0194731867882512,7.409769471788329,0.07998293034317981,-1.2701375895407914,10.063816820751175,-0.016362461737446838,0.006544984694978736,0.008726646259971648,-4.6875,-13.6875,-41.375
1773079136.6252046,0.0,0.0,0.0,-0.05716093966602802,-1.3202682399122114,9.972222035475601,-0.018544123302439753,0.0,-0.00545415391248228,-4.6875,-13.6875,-41.375
1773079136.6702747,0.0,0.0,0.0,-0.05716093966602802,-1.3202682399122114,9.972222035475601,-0.018544123302439753,0.0,-0.00545415391248228,-4.6875,-13.6875,-41.375
1773079136.7063265,-164.59531967274813,0.9698469444252519,-7.2140950246740365,-0.18856999364757954,-1.3536296277383344,9.911266729055502,0.019634954084936207,-0.003272492347489368,0.037088246604879506,-2.5,-3.0625,-51.25
1773079136.7254262,-164.65039738548646,0.9464767455442484,-7.22429291747804,-0.2358799106491532,-1.1450185508604613,9.89746254720687,-0.009817477042468103,-0.011999138607461015,-0.04363323129985824,-2.5,-3.0625,-51.25
1773079136.747589,-164.59415345306846,0.9339783778525328,-7.2615351619687845,-0.18039122753699563,-1.006190209536656,9.774542220340559,-0.030543261909900768,-0.004363323129985824,0.039269908169872414,-2.5,-3.0625,-51.25
1773079136.8423223,-164.6571072214865,0.9409853823340502,-7.239169226089952,-0.14346412877505943,-1.2282419996878717,9.692740115921051,-0.002181661564992912,0.004363323129985824,0.020725784867432664,-2.0625,-11.0625,-49.75
1773079136.8832843,-164.6239881801793,0.9441494687229308,-7.246154735374963,-0.011845982417492129,-1.3760149855524817,9.638301729219249,-0.007635815477475192,-0.002181661564992912,0.02181661564992912,-2.0625,-11.0625,-49.75
1773079136.9194958,-164.6239881801793,0.9441494687229308,-7.246154735374963,-0.011845982417492129,-1.3760149855524817,9.638301729219249,-0.007635815477475192,-0.002181661564992912,0.02181661564992912,-2.0625,-11.0625,-49.75
1773079136.9503567,-164.58187281639186,0.9546834935058124,-7.251766786979675,-0.13834272555600285,-1.474356256912967,9.612108926107783,-0.008726646259971648,-0.008726646259971648,0.026179938779914945,-3.5625,-11.5,-49.75
1773079137.0149064,-164.6085073954738,0.9579393859257925,-7.236879536962014,-0.08537531505337834,-1.268847226166519,9.711756817986064,-0.002181661564992912,0.001090830782496456,0.008726646259971648,-2.5,-11.75,-49.25
1773079137.0543048,-164.6085073954738,0.9579393859257925,-7.236879536962014,-0.11033810578037481,-1.3963470867692824,9.667682690549631,-0.004363323129985824,0.003272492347489368,-0.003272492347489368,-2.5,-11.75,-49.25
1773079137.1011932,-164.631282500883,0.9566021897666287,-7.237317482595307,-0.12695056415654732,-1.4209848090019077,9.695218750105377,0.006544984694978736,0.006544984694978736,-0.013089969389957472,-2.875,-10.6875,-50.0625
1773079137.1437542,-164.61794323602973,0.9574927999219164,-7.237320023863424,-0.14201810677257393,-1.3512841390565085,9.759189850106218,-0.008726646259971648,0.0,0.011999138607461015,-2.875,-10.6875,-50.0625
1773079137.1617637,-164.61794323602973,0.9574927999219164,-7.237320023863424,-0.14201810677257393,-1.3512841390565085,9.759189850106218,-0.008726646259971648,0.0,0.011999138607461015,-2.875,-10.6875,-50.0625
1773079137.1933138,-164.6018377496997,0.9583846911482222,-7.236880807598543,-0.14468813922073756,-1.2939876811729036,9.78956685966153,-0.004363323129985824,-0.004363323129985824,0.011999138607461015,-2.875,-11.5,-51.0
1773079137.2414002,-164.6246126549611,0.9570474948153649,-7.237318753229369,-0.1464650159887737,-1.2893086455679306,9.779676414821285,0.00545415391248228,0.003272492347489368,-0.013089969389957472,-2.875,-11.5,-51.0
1773079137.2588692,-164.61794323602973,0.9574927999219164,-7.237320023863424,-0.1476475076288877,-1.2861947996410734,9.77309443426361,-0.001090830782496456,0.002181661564992912,0.006544984694978736,-2.875,-11.0625,-50.5
1773079137.295316,-164.61794323602973,0.9574927999219164,-7.237320023863424,-0.14843444260608643,-1.2841225699606882,9.768714199728018,-0.003272492347489368,-0.001090830782496456,0.006544984694978736,-2.875,-11.0625,-50.5
1773079137.3220274,-164.61794323602973,0.9574927999219164,-7.237320023863424,-0.14843444260608643,-1.2841225699606882,9.768714199728018,-0.003272492347489368,-0.001090830782496456,0.006544984694978736,-2.875,-11.0625,-50.5
1773079137.3437405,-164.61794323602973,0.9574927999219164,-7.237320023863424,-0.14843444260608643,-1.2841225699606882,9.768714199728018,-0.003272492347489368,-0.001090830782496456,0.006544984694978736,-2.875,-11.0625,-50.5
1773079137.367226,-164.6246126549611,0.9570474948153649,-7.237318753229369,-0.16233858587205002,-1.3195397530372273,9.75576386745305,0.00545415391248228,0.002181661564992912,-0.01090830782496456,-3.875,-10.6875,-49.75
1773079137.408223,-164.6246126549611,0.9570474948153649,-7.237318753229369,-0.16233858587205002,-1.3195397530372273,9.75576386745305,0.00545415391248228,0.002181661564992912,-0.01090830782496456,-3.875,-10.6875,-49.75
1773079137.42999,-164.6246126549611,0.9570474948153649,-7.237318753229369,-0.17159163789609155,-1.3431094927388059,9.747145565988747,-0.006544984694978736,-0.001090830782496456,0.007635815477475192,-2.875,-11.5,-50.0625
1773079137.4489079,-164.6246126549611,0.9570474948153649,-7.237318753229369,-0.17774944065472742,-1.37217533804824,9.724684624100393,0.0,0.001090830782496456,0.0,-2.875,-11.5,-50.0625
1773079137.468609,-164.6246126549611,0.9570474948153649,-7.237318753229369,-0.17774944065472742,-1.37217533804824,9.724684624100393,0.0,0.001090830782496456,0.0,-2.875,-11.5,-50.0625
1773079137.5064857,-164.6246126549611,0.9570474948153649,-7.237318753229369,-0.16512183106683873,-1.324616099268514,9.743188235252047,0.00545415391248228,0.002181661564992912,-0.007635815477475192,-2.875,-11.5,-49.75
1773079137.5271719,-164.6239489592196,0.9491921172825887,-7.231274407993423,-0.15671829794574052,-1.2929659571321142,9.755502181774593,-0.001090830782496456,0.002181661564992912,0.002181661564992912,-2.875,-11.5,-49.75
1773079137.543526,-164.6237148115171,0.9482545452907413,-7.22429969437206,-0.1477807288199461,-1.268558029388274,9.763696975629552,-0.00545415391248228,0.001090830782496456,0.007635815477475192,-2.875,-11.5,-49.75
1773079137.5645728,-164.6237148115171,0.9482545452907413,-7.22429969437206,-0.1477807288199461,-1.268558029388274,9.763696975629552,-0.00545415391248228,0.001090830782496456,0.007635815477475192,-2.875,-11.5,-49.75
1773079137.5907314,-164.6239489592196,0.9491921172825887,-7.231274407993423,-0.14183287640591882,-1.2523148261291666,9.769150519398181,-0.003272492347489368,0.003272492347489368,0.001090830782496456,-2.5,-10.25,-48.5
1773079137.6158223,-164.62418332629903,0.950129689528626,-7.238249231995613,-0.141219758773568,-1.2481953792233387,9.772779791856129,0.004363323129985824,0.004363323129985824,-0.006544984694978736,-2.5,-10.25,-48.5
1773079137.634717,-164.62418332629903,0.950129689528626,-7.238249231995613,-0.141219758773568,-1.2481953792233387,9.772779791856129,0.004363323129985824,0.004363323129985824,-0.006544984694978736,-2.5,-10.25,-48.5
1773079137.6518214,-164.6239489592196,0.9491921172825887,-7.231274407993423,-0.14081173583821122,-1.2454539333247474,9.778540143842584,0.001090830782496456,0.001090830782496456,-0.001090830782496456,-2.875,-11.5,-49.25
1773079137.6654937,-164.6239489592196,0.9491921172825887,-7.231274407993423,-0.14081173583821122,-1.2454539333247474,9.778540143842584,0.001090830782496456,0.001090830782496456,-0.001090830782496456,-2.875,-11.5,-49.25
1773079137.683526,-164.6239489592196,0.9491921172825887,-7.231274407993423,-0.14054020113264612,-1.2269039731665954,9.782373593742221,-0.003272492347489368,-0.001090830782496456,0.004363323129985824,-2.875,-11.5,-49.25
1773079137.7048252,-164.6239489592196,0.9491921172825887,-7.231274407993423,-0.14054020113264612,-1.2269039731665954,9.782373593742221,-0.003272492347489368,-0.001090830782496456,0.004363323129985824,-2.875,-11.5,-49.25
1773079137.7215552,-164.6239489592196,0.9491921172825887,-7.231274407993423,-0.14370460952665332,-1.2145591818979775,9.784924711827989,-0.002181661564992912,0.002181661564992912,0.0,-2.875,-10.6875,-49.25
1773079137.734231,-164.6239489592196,0.9491921172825887,-7.231274407993423,-0.14370460952665332,-1.2145591818979775,9.784924711827989,-0.002181661564992912,0.002181661564992912,0.0,-2.875,-10.6875,-49.25
1773079137.7534196,-164.62418332629903,0.950129689528626,-7.238249231995613,-0.14915559967142658,-1.2431400899895797,9.773242005586933,0.003272492347489368,0.003272492347489368,-0.006544984694978736,-2.875,-10.6875,-49.25
1773079137.774428,-164.62418332629903,0.950129689528626,-7.238249231995613,-0.14915559967142658,-1.2431400899895797,9.773242005586933,0.003272492347489368,0.003272492347489368,-0.006544984694978736,-2.875,-10.6875,-49.25
1773079137.7938037,-164.62418332629903,0.950129689528626,-7.238249231995613,-0.1527831727212235,-1.262160365054878,9.76546729508789,-0.001090830782496456,0.004363323129985824,-0.001090830782496456,-3.1875,-11.0625,-49.75
1773079137.813216,-164.6239489592196,0.9491921172825887,-7.231274407993423,-0.1551972820632172,-1.2614376988111624,9.760293312099984,-0.004363323129985824,-0.001090830782496456,0.006544984694978736,-3.1875,-11.0625,-49.75
1773079137.831697,-164.62418332629903,0.950129689528626,-7.238249231995613,-0.15680384486294568,-1.2609567724986805,9.756850084218708,-0.003272492347489368,0.001090830782496456,0.001090830782496456,-3.1875,-11.0625,-49.75
1773079137.8477325,-164.62418332629903,0.950129689528626,-7.238249231995613,-0.15680384486294568,-1.2609567724986805,9.756850084218708,-0.003272492347489368,0.001090830782496456,0.001090830782496456,-3.1875,-11.0625,-49.75
1773079137.8630455,-164.62418332629903,0.950129689528626,-7.238249231995613,-0.15787299445968261,-1.287397615068578,9.754558654527097,0.001090830782496456,0.003272492347489368,-0.002181661564992912,-2.875,-10.6875,-50.5625
1773079137.8838348,-164.62418332629903,0.950129689528626,-7.238249231995613,-0.1585845015731275,-1.30499370043528,9.756378845371595,0.002181661564992912,0.00545415391248228,-0.00545415391248228,-2.875,-10.6875,-50.5625
1773079137.9071648,-164.62418332629903,0.950129689528626,-7.238249231995613,-0.1523677781944311,-1.2732172464905154,9.774315720582342,0.001090830782496456,0.002181661564992912,0.0,-2.875,-10.6875,-50.5625
1773079137.9288568,-164.62418332629903,0.950129689528626,-7.238249231995613,-0.14488550652393964,-1.2520703713565235,9.789597622374387,-0.002181661564992912,0.0,0.003272492347489368,-3.1875,-10.6875,-50.0625
1773079137.9526439,-164.62418332629903,0.950129689528626,-7.238249231995613,-0.14325125001699807,-1.2379973621809255,9.796422445599646,-0.002181661564992912,0.001090830782496456,0.002181661564992912,-3.1875,-10.6875,-50.0625
1773079137.9967272,-164.62418332629903,0.950129689528626,-7.238249231995613,-0.14325125001699807,-1.2379973621809255,9.796422445599646,-0.002181661564992912,0.001090830782496456,0.002181661564992912,-3.1875,-10.6875,-50.0625
1773079138.0102134,-164.6237539994063,0.9432118980939113,-7.239179814621268,-0.14885389398210858,-1.255392825438933,9.787583842388507,0.002181661564992912,0.003272492347489368,-0.003272492347489368,-3.5625,-10.6875,-50.0625
1773079138.022798,-164.6237539994063,0.9432118980939113,-7.239179814621268,-0.14885389398210858,-1.255392825438933,9.787583842388507,0.002181661564992912,0.003272492347489368,-0.003272492347489368,-3.5625,-10.6875,-50.0625
1773079138.0419962,-164.6237539994063,0.9432118980939113,-7.239179814621268,-0.15258239095525575,-1.2669693119170802,9.781701850685161,0.001090830782496456,0.001090830782496456,-0.002181661564992912,-3.5625,-10.6875,-50.0625
1773079138.0582893,-164.6237539994063,0.9432118980939113,-7.239179814621268,-0.1483734406262062,-1.241222217277266,9.794513009449334,0.0,0.0,0.004363323129985824,-3.5625,-12.1875,-49.375
1773079138.101779,-164.6237539994063,0.9432118980939113,-7.239179814621268,-0.1483734406262062,-1.241222217277266,9.794513009449334,0.0,0.0,0.004363323129985824,-3.5625,-12.1875,-49.375
1773079138.1230123,-164.6237539994063,0.9432118980939113,-7.239179814621268,-0.1455724311992796,-1.224087813408362,9.803038692496871,0.001090830782496456,0.001090830782496456,-0.002181661564992912,-3.5625,-12.1875,-49.375
1773079138.137359,-164.6237539994063,0.9432118980939113,-7.239179814621268,-0.1437083907149854,-1.2260655058667165,9.79198688079029,0.002181661564992912,0.0,-0.002181661564992912,-3.5625,-12.1875,-49.375
1773079138.1491811,-164.6237539994063,0.9432118980939113,-7.239179814621268,-0.1437083907149854,-1.2260655058667165,9.79198688079029,0.002181661564992912,0.0,-0.002181661564992912,-3.5625,-12.1875,-49.375
1773079138.1682074,-164.6237539994063,0.9432118980939113,-7.239179814621268,-0.14581300430270355,-1.2273816381054792,9.784632023556387,0.0,-0.001090830782496456,-0.002181661564992912,-3.1875,-11.5,-49.0
1773079138.189979,-164.6237539994063,0.9432118980939113,-7.239179814621268,-0.14581300430270355,-1.2273816381054792,9.784632023556387,0.0,-0.001090830782496456,-0.002181661564992912,-3.1875,-11.5,-49.0
1773079138.2113717,-164.6237539994063,0.9432118980939113,-7.239179814621268,-0.1481456826816275,-1.217697899613674,9.793193901563804,-0.002181661564992912,-0.002181661564992912,0.003272492347489368,-3.1875,-11.5,-49.0
1773079138.2320533,-164.6237539994063,0.9432118980939113,-7.239179814621268,-0.1481456826816275,-1.217697899613674,9.793193901563804,-0.002181661564992912,-0.002181661564992912,0.003272492347489368,-3.1875,-11.5,-49.0
1773079138.2487245,-164.6237539994063,0.9432118980939113,-7.239179814621268,-0.1487659725387048,-1.2351935364456432,9.782090170690536,0.0,-0.003272492347489368,0.001090830782496456,-2.875,-10.6875,-50.5625
1773079138.2726612,-164.6237539994063,0.9432118980939113,-7.239179814621268,-0.1487659725387048,-1.2351935364456432,9.782090170690536,0.0,-0.003272492347489368,0.001090830782496456,-2.875,-10.6875,-50.5625
1773079138.2957911,-164.6237539994063,0.9432118980939113,-7.239179814621268,-0.14945347961682776,-1.2445497390394937,9.773128304487697,-0.001090830782496456,-0.002181661564992912,0.0,-2.5,-11.5,-49.75
1773079138.3438826,-164.6237539994063,0.9432118980939113,-7.239179814621268,-0.14963629679003157,-1.2430278005068678,9.77208185169111,-0.001090830782496456,-0.001090830782496456,0.001090830782496456,-2.5,-11.5,-49.75
1773079138.3689275,-164.6237539994063,0.9432118980939113,-7.239179814621268,-0.14975795957659707,-1.2520503025365308,9.771385449044626,-0.001090830782496456,0.0,0.0,-2.5,-11.5,-49.75
1773079138.3930295,-164.6237539994063,0.9432118980939113,-7.239179814621268,-0.14975795957659707,-1.2520503025365308,9.771385449044626,-0.001090830782496456,0.0,0.0,-2.5,-11.5,-49.75
1773079138.4078217,-164.6237539994063,0.9432118980939113,-7.239179814621268,-0.14983892480199404,-1.25805467684932,9.770922000862718,0.002181661564992912,0.0,-0.002181661564992912,-3.1875,-11.0625,-48.5625
1773079138.4228816,-164.6237539994063,0.9432118980939113,-7.239179814621268,-0.14983892480199404,-1.25805467684932,9.770922000862718,0.002181661564992912,0.0,-0.002181661564992912,-3.1875,-11.0625,-48.5625
1773079138.4437644,-164.6237539994063,0.9432118980939113,-7.239179814621268,-0.1465476945477355,-1.2587054091739058,9.770613581274715,0.001090830782496456,-0.001090830782496456,0.0,-3.1875,-11.0625,-48.5625
1773079138.4588704,-164.6237539994063,0.9432118980939113,-7.239179814621268,-0.14435741757897738,-1.255793352559442,9.77709855489881,-0.002181661564992912,-0.001090830782496456,-0.001090830782496456,-2.5,-10.6875,-49.0
1773079138.4919395,-164.6237539994063,0.9432118980939113,-7.239179814621268,-0.14435741757897738,-1.255793352559442,9.77709855489881,-0.002181661564992912,-0.001090830782496456,-0.001090830782496456,-2.5,-10.6875,-49.0
1773079138.526107,-164.6237539994063,0.9432118980939113,-7.239179814621268,-0.14624492443058512,-1.2538554114123202,9.781414232403744,0.0,-0.002181661564992912,-0.002181661564992912,-2.5,-10.6875,-49.0
1773079138.5422552,-164.6237539994063,0.9432118980939113,-7.239179814621268,-0.14624492443058512,-1.2538554114123202,9.781414232403744,0.0,-0.002181661564992912,-0.002181661564992912,-2.5,-10.6875,-49.0
1773079138.5573974,-164.6237539994063,0.9432118980939113,-7.239179814621268,-0.147501039155497,-1.2525657332271316,9.784286267574,0.001090830782496456,0.0,0.0,-2.5,-11.0625,-50.5625
1773079138.5712588,-164.6237539994063,0.9432118980939113,-7.239179814621268,-0.147501039155497,-1.2525657332271316,9.784286267574,0.001090830782496456,0.0,0.0,-2.5,-11.0625,-50.5625
1773079138.594415,-164.6237539994063,0.9432118980939113,-7.239179814621268,-0.14833696947320496,-1.2483623550942187,9.776162239775113,-0.001090830782496456,-0.001090830782496456,0.0,-2.5,-11.0625,-50.5625
1773079138.6082647,-164.6237539994063,0.9432118980939113,-7.239179814621268,-0.14833696947320496,-1.2483623550942187,9.776162239775113,-0.001090830782496456,-0.001090830782496456,0.0,-2.5,-11.0625,-50.5625
1773079138.628083,-164.6237539994063,0.9432118980939113,-7.239179814621268,-0.14889327176168612,-1.2455650539015755,9.77075579002629,-0.001090830782496456,-0.002181661564992912,0.001090830782496456,-2.5,-11.0625,-50.5625
1773079138.6443436,-164.6237539994063,0.9432118980939113,-7.239179814621268,-0.14889327176168612,-1.2455650539015755,9.77075579002629,-0.001090830782496456,-0.002181661564992912,0.001090830782496456,-2.5,-11.0625,-50.5625
1773079138.6650238,-164.6237539994063,0.9432118980939113,-7.239179814621268,-0.1492634847203666,-1.2503937046204119,9.767157858112448,0.001090830782496456,0.0,-0.001090830782496456,-2.0625,-10.6875,-49.375
1773079138.6986122,-164.6237539994063,0.9432118980939113,-7.239179814621268,-0.14950985730881872,-1.2536071177342347,9.774798809737279,0.001090830782496456,0.001090830782496456,-0.002181661564992912,-2.0625,-10.6875,-49.375
1773079138.7191334,-164.6237539994063,0.9432118980939113,-7.239179814621268,-0.14950985730881872,-1.2536071177342347,9.774798809737279,0.001090830782496456,0.001090830782496456,-0.002181661564992912,-2.0625,-10.6875,-49.375
1773079138.7371595,-164.6237539994063,0.9432118980939113,-7.239179814621268,-0.1463287038069521,-1.2490553848506685,9.77988377768858,0.0,0.0,0.001090830782496456,-3.1875,-11.0625,-51.0
1773079138.759666,-164.6237539994063,0.9432118980939113,-7.239179814621268,-0.14421168168727289,-1.2460262574628431,9.776577543642718,-0.001090830782496456,0.002181661564992912,-0.001090830782496456,-3.1875,-11.0625,-51.0
1773079138.8268843,-164.6237539994063,0.9432118980939113,-7.239179814621268,-0.14280282711531297,-1.2440104070238154,9.774377281818252,0.001090830782496456,0.001090830782496456,-0.001090830782496456,-3.875,-11.5,-50.0625
1773079138.8462555,-164.6237539994063,0.9432118980939113,-7.239179814621268,-0.1418652501356104,-1.2426688810751674,9.776258143859923,-0.001090830782496456,0.002181661564992912,0.001090830782496456,-3.875,-11.5,-50.0625
1773079138.891879,-164.6237539994063,0.9432118980939113,-7.239179814621268,-0.1418652501356104,-1.2426688810751674,9.776258143859923,-0.001090830782496456,0.002181661564992912,0.001090830782496456,-3.875,-11.5,-50.0625
1773079138.9302635,0.0006816460254094207,0.9431695802213736,-7.238855872496204,0.46274615133044744,1.1600037302739497,9.774997712325701,0.0013410257071290814,0.0007625441920981415,0.0,-2.5,-11.0625,-50.0625
1773079139.2537217,0.0006816460254094207,0.9431695802213736,-7.238855872496204,0.4633236313274228,1.1591619660430221,9.778903587169413,0.00028924075751547,0.0010517849496136115,-0.001090830782496456,5.907263735345595,9.459759387060053,-50.0625
1773079139.4101717,0.0006816460254094207,0.9431695802213736,-7.238855872496204,0.46364739073506656,1.1586900378546725,9.775587077203767,-0.0007625441920981415,0.0013410257071290814,-0.001090830782496456,4.822532641117276,9.758060331098513,-49.75
1773079139.4290538,0.0006816460254094207,0.9431695802213736,-7.238855872496204,0.46364739073506656,1.1586900378546725,9.775587077203767,-0.0007625441920981415,0.0013410257071290814,-0.001090830782496456,4.822532641117276,9.758060331098513,-49.75
1773079139.450391,0.0006816460254094207,0.9431695802213736,-7.238855872496204,0.46369264912198466,1.15862406692675,9.780408360882005,0.0004733034345826715,-0.002392810656742693,-0.003272492347489368,4.822532641117276,9.758060331098513,-49.75
1773079139.475656,0.0006816460254094207,0.9431695802213736,-7.238855872496204,0.4637227680729094,1.1585801640111615,9.783616871312605,0.003444595606356305,0.00018406267706720146,0.001090830782496456,5.821389113198838,10.326037661791188,-50.5625
1773079139.5622942,0.0006816460254094207,0.9431695802213736,-7.238855872496204,0.4646297896584834,1.1617763219402393,9.785752099162758,-0.0010517849496136115,0.00028924075751547,-0.003272492347489368,5.821389113198838,10.326037661791188,-50.5625
1773079139.6854174,0.0006816460254094207,0.9431695802213736,-7.238855872496204,0.46504482613146103,1.1631723780831233,9.784773597587195,0.0013410257071290814,0.0007625441920981415,0.001090830782496456,5.037972211811719,10.541477232485631,-49.25
1773079139.720172,0.0006816460254094207,0.9431695802213736,-7.238855872496204,0.46504482613146103,1.1631723780831233,9.784773597587195,0.0013410257071290814,0.0007625441920981415,0.001090830782496456,5.037972211811719,10.541477232485631,-49.25
1773079139.7430983,0.0006816460254094207,0.9431695802213736,-7.238855872496204,0.46462262676790894,1.1616070142777628,9.77983166416238,0.00028924075751547,0.0010517849496136115,0.001090830782496456,5.104261310486932,10.78252858675859,-50.5625
1773079139.7694206,0.0006816460254094207,0.9431695802213736,-7.238855872496204,0.4652286355679254,1.1637906569805299,9.779887974380499,0.00086772227254641,0.003155354848840835,0.002181661564992912,5.104261310486932,10.78252858675859,-50.5625
1773079139.7935505,0.0006816460254094207,0.9431695802213736,-7.238855872496204,0.46474494989459003,1.1620184719773592,9.78327055990895,0.0013410257071290814,0.0007625441920981415,0.002181661564992912,5.887678211874051,10.567089016064148,-50.0625
1773079139.8472872,0.0006816460254094207,0.9431695802213736,-7.238855872496204,0.46442306248210835,1.1608391026543528,9.785521632792177,0.0019195072221600217,0.0028661140913253647,0.001090830782496456,5.887678211874051,10.567089016064148,-50.0625
1773079139.865965,0.0006816460254094207,0.9431695802213736,-7.238855872496204,0.4600964974156607,1.1577158484755201,9.780329473235195,0.00028924075751547,0.0010517849496136115,0.0,4.67639518040228,10.640910880498451,-50.0625
1773079139.9553437,0.0006816460254094207,0.9431695802213736,-7.238855872496204,0.45721721669483834,1.1556373577085424,9.776874149050245,0.00057848151503094,0.002103569899227223,0.001090830782496456,4.67639518040228,10.640910880498451,-50.0625
1773079139.978244,0.0006816460254094207,0.9431695802213736,-7.238855872496204,0.45721721669483834,1.1556373577085424,9.776874149050245,0.00057848151503094,0.002103569899227223,0.001090830782496456,4.67639518040228,10.640910880498451,-50.0625
1773079140.0106266,0.0006816460254094207,0.9431695802213736,-7.238855872496204,0.4594134401279633,1.1565925423901722,9.774574669403663,-0.00028924075751547,-0.0010517849496136115,-0.001090830782496456,5.526101180464612,10.666522664076968,-49.75
1773079140.0392387,0.0006816460254094207,0.9431695802213736,-7.238855872496204,0.46410037711825936,1.1563412293655002,9.773044391385731,0.0010517849496136115,-0.00028924075751547,0.001090830782496456,5.526101180464612,10.666522664076968,-49.75
1773079140.063628,0.0006816460254094207,0.9431695802213736,-7.238855872496204,0.46399410649981004,1.157060961115116,9.772026008459124,0.0010517849496136115,-0.00028924075751547,-0.002181661564992912,4.560389257720657,10.219071010520771,-49.375
1773079140.1445272,0.0006816460254094207,0.9431695802213736,-7.238855872496204,0.46714875941932726,1.1566529567943704,9.77469339770487,0.0007625441920981415,-0.0013410257071290814,-0.001090830782496456,4.560389257720657,10.219071010520771,-49.375
1773079140.1619418,0.0006816460254094207,0.9431695802213736,-7.238855872496204,0.4660227708685092,1.1572684122368055,9.779813627158541,0.0004733034345826715,-0.002392810656742693,-0.002181661564992912,6.006697383358414,9.821336418469492,-51.0
1773079140.186714,0.0006816460254094207,0.9431695802213736,-7.238855872496204,0.4660227708685092,1.1572684122368055,9.779813627158541,0.0004733034345826715,-0.002392810656742693,-0.002181661564992912,6.006697383358414,9.821336418469492,-51.0
1773079140.2169588,0.0006816460254094207,0.9431695802213736,-7.238855872496204,0.465273438066056,1.1576779909586585,9.78322108266325,0.0010517849496136115,-0.00028924075751547,-0.001090830782496456,6.006697383358414,9.821336418469492,-51.0
1773079140.2537155,0.0006816460254094207,0.9431695802213736,-7.238855872496204,0.4647747654566192,1.1579505610227572,9.785488706237862,-0.00028924075751547,-0.0010517849496136115,0.0,6.785594530290676,10.060881267090336,-49.75
1773079140.3105886,0.0006816460254094207,0.9431695802213736,-7.238855872496204,0.46766827923455184,1.1572449755954237,9.79034289610307,0.0010517849496136115,-0.00028924075751547,-0.001090830782496456,6.785594530290676,10.060881267090336,-49.75
1773079140.3480194,0.0006816460254094207,0.9431695802213736,-7.238855872496204,0.4695938803310992,1.1567754163754387,9.793573305233512,0.0,0.0,-0.001090830782496456,5.821389113198838,10.326037661791188,-49.0
1773079140.3642588,0.0006816460254094207,0.9431695802213736,-7.238855872496204,0.4717623241106622,1.1596883047888336,9.785687771301829,-0.0010517849496136115,0.00028924075751547,0.0,5.821389113198838,10.326037661791188,-49.0
1773079140.4021106,0.0006816460254094207,0.9431695802213736,-7.238855872496204,0.4717623241106622,1.1596883047888336,9.785687771301829,-0.0010517849496136115,0.00028924075751547,0.0,5.821389113198838,10.326037661791188,-49.0
1773079140.4248483,0.0006816460254094207,0.9431695802213736,-7.238855872496204,0.4723184214626728,1.1584014246598775,9.78044003655748,-0.0013410257071290814,-0.0007625441920981415,0.0,5.459812081789399,10.425471309804008,-50.5625
1773079140.451592,0.0006816460254094207,0.9431695802213736,-7.238855872496204,0.4726884980384214,1.1575450203094502,9.780292839413471,0.00028924075751547,0.0010517849496136115,-0.002181661564992912,5.459812081789399,10.425471309804008,-50.5625
1773079140.4817457,0.0006816460254094207,0.9431695802213736,-7.238855872496204,0.4726884980384214,1.1575450203094502,9.780292839413471,0.00028924075751547,0.0010517849496136115,-0.002181661564992912,5.459812081789399,10.425471309804008,-50.5625
1773079140.5231867,0.0006816460254094207,0.9431695802213736,-7.238855872496204,0.4729347798655558,1.1569750927809044,9.780194881358435,0.0010517849496136115,-0.00028924075751547,-0.002181661564992912,5.887678211874051,10.567089016064148,-49.375
1773079140.549424,0.0006816460254094207,0.9431695802213736,-7.238855872496204,0.47309867767036556,1.1565958123771647,9.776784579659752,0.0010517849496136115,-0.00028924075751547,0.001090830782496456,5.887678211874051,10.567089016064148,-49.375
1773079140.565362,0.0006816460254094207,0.9431695802213736,-7.238855872496204,0.47320774982860797,1.1563434055053157,9.774515061974844,0.0013410257071290814,0.0007625441920981415,-0.001090830782496456,6.1889924047152505,10.484227642720132,-50.0625
1773079140.5868483,0.0006816460254094207,0.9431695802213736,-7.238855872496204,0.47416731389168687,1.1594008063806442,9.779694946722351,-0.00028924075751547,-0.0010517849496136115,0.0,6.1889924047152505,10.484227642720132,-50.0625
1773079140.6314063,0.0006816460254094207,0.9431695802213736,-7.238855872496204,0.4715805182276583,1.1623224502699543,9.783142102158713,0.0,0.0,0.001090830782496456,6.3049983273968735,10.90606751269781,-49.375
1773079140.651456,0.0006816460254094207,0.9431695802213736,-7.238855872496204,0.4715805182276583,1.1623224502699543,9.783142102158713,0.0,0.0,0.001090830782496456,6.3049983273968735,10.90606751269781,-49.375
1773079140.677365,0.0006816460254094207,0.9431695802213736,-7.238855872496204,0.4689720568494638,1.1610413968124147,9.785436145594362,-0.0016302664646445516,-0.001814329141711753,-0.002181661564992912,6.3049983273968735,10.90606751269781,-49.375
1773079140.7040782,0.056626191187394766,0.0578064680972096,-7.358354229670217,0.46723615494069815,1.1601888700467269,9.786962805874643,0.0013410257071290814,0.0007625441920981415,0.001090830782496456,5.423654521147559,8.87972953615343,-51.0
1773079140.7289953,0.0006816460254094207,0.9431695802213736,-7.238855872496204,0.4669679093718939,1.1628468978364843,9.787978781237257,-0.0007625441920981415,0.0013410257071290814,0.001090830782496456,5.423654521147559,8.87972953615343,-51.0
1773079140.752226,0.0006816460254094207,0.9431695802213736,-7.238855872496204,0.4669679093718939,1.1628468978364843,9.787978781237257,-0.0007625441920981415,0.0013410257071290814,0.001090830782496456,5.423654521147559,8.87972953615343,-51.0
1773079140.8106115,0.0006816460254094207,0.9431695802213736,-7.238855872496204,0.4667893949423541,1.1646157856384518,9.781964678077248,-0.00028924075751547,-0.0010517849496136115,0.0,4.822532641117276,9.758060331098513,-50.0625
1773079140.904786,0.0006816460254094207,0.9431695802213736,-7.238855872496204,0.46989597041260683,1.1649059829507056,9.777962359606198,0.002392810656742693,0.0004733034345826715,0.0,4.822532641117276,9.758060331098513,-50.0625
1773079140.9848883,0.0006816460254094207,0.9431695802213736,-7.238855872496204,0.4724522097228828,1.1620022524368043,9.780216556465904,0.0018143291417117532,-0.0016302664646445516,0.0,5.459812081789399,10.425471309804008,-50.0625
1773079141.0058231,0.0006816460254094207,0.9431695802213736,-7.238855872496204,0.4724522097228828,1.1620022524368043,9.780216556465904,0.0018143291417117532,-0.0016302664646445516,0.0,5.459812081789399,10.425471309804008,-50.0625
1773079141.035133,0.0006816460254094207,0.9431695802213736,-7.238855872496204,0.47277753263107836,1.1599413309711133,9.786834339323605,-0.0010517849496136115,0.00028924075751547,0.0,5.705383190517215,9.904197791813509,-50.5625
1773079141.0674763,0.0006816460254094207,0.9431695802213736,-7.238855872496204,0.47299403139238755,1.1585698107576972,9.791238399889926,0.00028924075751547,0.0010517849496136115,-0.001090830782496456,5.705383190517215,9.904197791813509,-50.5625
1773079141.1365855,0.0006816460254094207,0.9431695802213736,-7.238855872496204,0.4731381088995891,1.1576570793765533,9.790824141292912,0.00028924075751547,0.0010517849496136115,0.0,6.006697383358414,9.821336418469492,-49.375
1773079141.1730652,0.0006816460254094207,0.9431695802213736,-7.238855872496204,0.47412096863136494,1.160275041667254,9.790548456824173,0.0,0.0,-0.001090830782496456,6.006697383358414,9.821336418469492,-49.375
1773079141.2719717,0.0006816460254094207,0.9431695802213736,-7.238855872496204,0.47412096863136494,1.160275041667254,9.790548456824173,0.0,0.0,-0.001090830782496456,6.006697383358414,9.821336418469492,-49.375
1773079141.3434453,0.0006816460254094207,0.9431695802213736,-7.238855872496204,0.47154967597462455,1.1629042440873452,9.790364991889822,0.00086772227254641,0.003155354848840835,0.001090830782496456,5.821389113198838,10.326037661791188,-51.0
1773079141.360892,0.0006816460254094207,0.9431695802213736,-7.238855872496204,0.47154967597462455,1.1629042440873452,9.790364991889822,0.00086772227254641,0.003155354848840835,0.001090830782496456,5.821389113198838,10.326037661791188,-51.0
1773079141.3838258,0.0006816460254094207,0.9431695802213736,-7.238855872496204,0.4698385094347848,1.1646539489278003,9.78689778631813,0.0010517849496136115,-0.00028924075751547,0.0,5.821389113198838,10.326037661791188,-51.0
1773079141.4397402,0.0006816460254094207,0.9431695802213736,-7.238855872496204,0.47515049687545347,1.1640444024332706,9.784590399741393,-0.0007625441920981415,0.0013410257071290814,0.001090830782496456,6.3049983273968735,10.90606751269781,-50.0625
1773079141.4900205,0.0006816460254094207,0.9431695802213736,-7.238855872496204,0.47868556517843075,1.1636387560502415,9.783054859749772,0.00028924075751547,0.0010517849496136115,0.001090830782496456,6.3049983273968735,10.90606751269781,-50.0625
1773079141.527922,0.0006816460254094207,0.9431695802213736,-7.238855872496204,0.4769257610556027,1.1610304058449126,9.778687863331134,0.0013410257071290814,0.0007625441920981415,0.0,5.907263735345595,9.459759387060053,-49.0
1773079141.5549386,0.0006816460254094207,0.9431695802213736,-7.238855872496204,0.472529256241186,1.1601815556806314,9.775781675997077,0.00057848151503094,0.002103569899227223,0.001090830782496456,5.907263735345595,9.459759387060053,-49.0
1773079141.5849128,0.0006816460254094207,0.9431695802213736,-7.238855872496204,0.4728288062283431,1.1587296776183955,9.773847640790502,-0.0013410257071290814,-0.0007625441920981415,-0.002181661564992912,5.821389113198838,10.326037661791188,-49.375
1773079141.6058524,0.0006816460254094207,0.9431695802213736,-7.238855872496204,0.4728288062283431,1.1587296776183955,9.773847640790502,-0.0013410257071290814,-0.0007625441920981415,-0.002181661564992912,5.821389113198838,10.326037661791188,-49.375
1773079141.6269777,0.0006816460254094207,0.9431695802213736,-7.238855872496204,0.46980277856962893,1.1586504467467025,9.779250785379753,-0.0010517849496136115,0.00028924075751547,0.001090830782496456,5.821389113198838,10.326037661791188,-49.375
1773079141.6586967,0.0006816460254094207,0.9431695802213736,-7.238855872496204,0.47101436579467304,1.1577107417264734,9.786191629454141,-0.0004733034345826715,0.002392810656742693,0.0,5.705383190517215,9.904197791813509,-50.0625
1773079141.6903572,0.0006816460254094207,0.9431695802213736,-7.238855872496204,0.4718206635586239,1.1570853785327035,9.787465571944018,0.0007625441920981415,-0.0013410257071290814,-0.003272492347489368,5.705383190517215,9.904197791813509,-50.0625
1773079141.7082767,0.0006816460254094207,0.9431695802213736,-7.238855872496204,0.47235724571359694,1.1566692063130146,9.79165847814748,-0.00010517808044826849,-0.004496380555969916,-0.001090830782496456,5.705383190517215,9.904197791813509,-50.0625
1773079141.736276,0.0006816460254094207,0.9431695802213736,-7.238855872496204,0.47235724571359694,1.1566692063130146,9.79165847814748,-0.00010517808044826849,-0.004496380555969916,-0.001090830782496456,5.705383190517215,9.904197791813509,-50.0625
1773079141.7496994,0.0006816460254094207,0.9431695802213736,-7.238855872496204,0.47182735738353165,1.153166873520785,9.791103698680734,-0.00028924075751547,-0.0010517849496136115,-0.001090830782496456,6.666575358806313,10.80663386468499,-49.0
1773079141.7694092,0.0006816460254094207,0.9431695802213736,-7.238855872496204,0.47182735738353165,1.153166873520785,9.791103698680734,-0.00028924075751547,-0.0010517849496136115,-0.001090830782496456,6.666575358806313,10.80663386468499,-49.0
1773079141.7910867,0.0006816460254094207,0.9431695802213736,-7.238855872496204,0.4723617003792982,1.1540614850001518,9.790734499142907,0.0010517849496136115,-0.00028924075751547,-0.002181661564992912,6.666575358806313,10.80663386468499,-49.0
1773079141.8191116,0.0006816460254094207,0.9431695802213736,-7.238855872496204,0.47183032191379404,1.1514314641172307,9.790488800974712,0.002103569899227223,-0.00057848151503094,0.0,5.459812081789399,10.425471309804008,-50.5625
1773079141.8334343,0.0006816460254094207,0.9431695802213736,-7.238855872496204,0.47183032191379404,1.1514314641172307,9.790488800974712,0.002103569899227223,-0.00057848151503094,0.0,5.459812081789399,10.425471309804008,-50.5625
1773079141.8536131,0.0006816460254094207,0.9431695802213736,-7.238855872496204,0.4691382984120971,1.1537935671880641,9.790325291588406,0.002392810656742693,0.0004733034345826715,0.003272492347489368,5.459812081789399,10.425471309804008,-50.5625
1773079141.8728464,0.0006816460254094207,0.9431695802213736,-7.238855872496204,0.4691382984120971,1.1537935671880641,9.790325291588406,0.002392810656742693,0.0004733034345826715,0.003272492347489368,5.459812081789399,10.425471309804008,-50.5625
1773079141.893658,0.0006816460254094207,0.9431695802213736,-7.238855872496204,0.464121412014616,1.1562524981554678,9.78687136621102,-0.00086772227254641,-0.003155354848840835,-0.001090830782496456,5.605949542504395,9.54262076040407,-49.75
1773079141.9157593,0.0006816460254094207,0.9431695802213736,-7.238855872496204,0.465782060508729,1.1634526611439813,9.784572817455244,0.00028924075751547,0.0010517849496136115,0.0,5.605949542504395,9.54262076040407,-49.75
1773079141.9358902,0.0006816460254094207,0.9431695802213736,-7.238855872496204,0.466887203530902,1.1682442891817464,9.783043158934747,0.0,0.0,-0.001090830782496456,5.605949542504395,9.54262076040407,-49.75
1773079141.949664,0.0006816460254094207,0.9431695802213736,-7.238855872496204,0.466887203530902,1.1682442891817464,9.783043158934747,0.0,0.0,-0.001090830782496456,5.605949542504395,9.54262076040407,-49.75
1773079141.9679158,0.0006816460254094207,0.9431695802213736,-7.238855872496204,0.47084803869587644,1.1705460863547024,9.782025188276762,0.0,0.0,0.0,4.67639518040228,10.640910880498451,-49.375
1773079141.9981875,0.0006816460254094207,0.9431695802213736,-7.238855872496204,0.47084803869587644,1.1705460863547024,9.782025188276762,0.0,0.0,0.0,4.67639518040228,10.640910880498451,-49.375
1773079142.014708,0.0006816460254094207,0.9431695802213736,-7.238855872496204,0.473483930252739,1.1720779066605453,9.784692851882669,0.0007625441920981415,-0.0013410257071290814,0.001090830782496456,4.67639518040228,10.640910880498451,-49.375
1773079142.0321352,0.0006816460254094207,0.9431695802213736,-7.238855872496204,0.4743511088788086,1.169871941133555,9.786468152212645,0.00018406267706720146,-0.003444595606356305,-0.001090830782496456,6.268840766755034,9.360325739047234,-49.75
1773079142.055556,0.0006816460254094207,0.9431695802213736,-7.238855872496204,0.4743511088788086,1.169871941133555,9.786468152212645,0.00018406267706720146,-0.003444595606356305,-0.001090830782496456,6.268840766755034,9.360325739047234,-49.75
1773079142.091165,0.0006816460254094207,0.9431695802213736,-7.238855872496204,0.4758151843276224,1.1716292705465674,9.78430448304352,-0.0013410257071290814,-0.0007625441920981415,0.0,6.268840766755034,9.360325739047234,-49.75
1773079142.1209993,0.0006816460254094207,0.9431695802213736,-7.238855872496204,0.4758151843276224,1.1716292705465674,9.78430448304352,-0.0013410257071290814,-0.0007625441920981415,0.0,6.268840766755034,9.360325739047234,-49.75
1773079142.143496,0.0006816460254094207,0.9431695802213736,-7.238855872496204,0.4759025324238291,1.1695733788112965,9.779519473673917,0.0010517849496136115,-0.00028924075751547,0.001090830782496456,5.489943619822772,9.12078089042639,-49.375
1773079142.172252,0.0006816460254094207,0.9431695802213736,-7.238855872496204,0.47362226453732237,1.1723175584164485,9.779680215097821,-0.0010517849496136115,0.00028924075751547,0.001090830782496456,5.489943619822772,9.12078089042639,-49.375
1773079142.2013886,0.0006816460254094207,0.9431695802213736,-7.238855872496204,0.47121779397092894,1.1709184044602075,9.779787186719831,0.0013410257071290814,0.0007625441920981415,0.001090830782496456,4.560389257720657,10.219071010520771,-49.75
1773079142.2289324,0.0006816460254094207,0.9431695802213736,-7.238855872496204,0.47121779397092894,1.1709184044602075,9.779787186719831,0.0013410257071290814,0.0007625441920981415,0.001090830782496456,4.560389257720657,10.219071010520771,-49.75
1773079142.2479296,0.0006816460254094207,0.9431695802213736,-7.238855872496204,0.46961764566869024,1.169987283131903,9.783203486846647,0.00028924075751547,0.0010517849496136115,0.0,4.560389257720657,10.219071010520771,-49.75
1773079142.2692442,0.0006816460254094207,0.9431695802213736,-7.238855872496204,0.4717781396773528,1.1684806545290385,9.78547699641847,0.0,0.0,0.0,5.06207748973812,8.97916318416625,-50.5625
1773079142.2913058,0.0006816460254094207,0.9431695802213736,-7.238855872496204,0.47232894654563395,1.1642526351950018,9.786989991641754,0.00028924075751547,0.0010517849496136115,0.002181661564992912,5.06207748973812,8.97916318416625,-50.5625
1773079142.3206024,0.0006816460254094207,0.9431695802213736,-7.238855872496204,0.4726955023635591,1.161438935558271,9.787996873061584,0.0013410257071290814,0.0007625441920981415,0.0,5.06207748973812,8.97916318416625,-50.5625
1773079142.3361635,0.0006816460254094207,0.9431695802213736,-7.238855872496204,0.4726955023635591,1.161438935558271,9.787996873061584,0.0013410257071290814,0.0007625441920981415,0.0,5.06207748973812,8.97916318416625,-50.5625
1773079142.3547454,0.0006816460254094207,0.9431695802213736,-7.238855872496204,0.4729394411656916,1.1595664498811111,9.785321829691558,0.002103569899227223,-0.00057848151503094,0.001090830782496456,5.128366588413333,9.22021453843921,-50.5625
1773079142.3780758,0.0006816460254094207,0.9431695802213736,-7.238855872496204,0.47310177971353573,1.1583203315799968,9.773506283089041,0.00086772227254641,0.003155354848840835,0.0,5.128366588413333,9.22021453843921,-50.5625
1773079142.404583,0.0006816460254094207,0.9431695802213736,-7.238855872496204,0.46998443937471096,1.158378031530843,9.76564316881337,-0.0007625441920981415,0.0013410257071290814,0.0,5.128366588413333,9.22021453843921,-50.5625
1773079142.4173222,0.0006816460254094207,0.9431695802213736,-7.238855872496204,0.46998443937471096,1.158378031530843,9.76564316881337,-0.0007625441920981415,0.0013410257071290814,0.0,5.128366588413333,9.22021453843921,-50.5625
1773079142.4365058,0.0006816460254094207,0.9431695802213736,-7.238855872496204,0.46790988420219637,1.1584164302035806,9.763755465806971,0.0016302664646445516,0.001814329141711753,0.0,4.344949687026214,9.435654109133653,-50.5625
1773079142.451689,0.0006816460254094207,0.9431695802213736,-7.238855872496204,0.46790988420219637,1.1584164302035806,9.763755465806971,0.0016302664646445516,0.001814329141711753,0.0,4.344949687026214,9.435654109133653,-50.5625
1773079142.4974973,0.0006816460254094207,0.9431695802213736,-7.238855872496204,0.46561052149492793,1.1584589899181985,9.772805695715789,0.00028924075751547,0.0010517849496136115,-0.001090830782496456,6.268840766755034,9.360325739047234,-49.75
1773079142.5312567,0.0006816460254094207,0.9431695802213736,-7.238855872496204,0.46561052149492793,1.1584589899181985,9.772805695715789,0.00028924075751547,0.0010517849496136115,-0.001090830782496456,6.268840766755034,9.360325739047234,-49.75
1773079142.547213,0.0006816460254094207,0.9431695802213736,-7.238855872496204,0.4649990907130649,1.1584703071060012,9.775212270864502,0.0013410257071290814,0.0007625441920981415,0.0,6.268840766755034,9.360325739047234,-49.75
1773079142.5632184,0.0006816460254094207,0.9431695802213736,-7.238855872496204,0.4645921903578644,1.1584778385680627,9.776813819742765,-0.00057848151503094,-0.002103569899227223,0.0,6.268840766755034,9.360325739047234,-49.75
1773079142.5826364,0.0006816460254094207,0.9431695802213736,-7.238855872496204,0.4645921903578644,1.1584778385680627,9.776813819742765,-0.00057848151503094,-0.002103569899227223,0.0,6.268840766755034,9.360325739047234,-49.75
1773079142.6145124,0.0006816460254094207,0.9431695802213736,-7.238855872496204,0.4652083804770377,1.1617082255009072,9.777879632630775,-0.00028924075751547,-0.0010517849496136115,0.0,5.343806159107776,10.003631439826329,-49.375
1773079142.639922,0.0006816460254094207,0.9431695802213736,-7.238855872496204,0.4656184481180529,1.1638580119189288,9.778588919201836,0.0010517849496136115,-0.00028924075751547,0.0,5.343806159107776,10.003631439826329,-49.375
1773079142.6551278,0.0006816460254094207,0.9431695802213736,-7.238855872496204,0.46589134355239287,1.1652886707654344,9.772370718076989,0.0007625441920981415,-0.0013410257071290814,0.0,5.343806159107776,10.003631439826329,-49.375
1773079142.6934752,0.0006816460254094207,0.9431695802213736,-7.238855872496204,0.46929832724447895,1.165353780486093,9.768232574690261,0.002392810656742693,0.0004733034345826715,0.001090830782496456,4.706526718435654,9.336220461120833,-49.375
1773079142.7192686,0.0006816460254094207,0.9431695802213736,-7.238855872496204,0.46929832724447895,1.165353780486093,9.768232574690261,0.002392810656742693,0.0004733034345826715,0.001090830782496456,4.706526718435654,9.336220461120833,-49.375
1773079142.7474856,0.0006816460254094207,0.9431695802213736,-7.238855872496204,0.47156563683306074,1.165397110277868,9.765478686492484,0.0,0.0,0.001090830782496456,4.706526718435654,9.336220461120833,-49.375
1773079142.7687023,0.0006816460254094207,0.9431695802213736,-7.238855872496204,0.47307450603675427,1.1654259457702687,9.756955781245171,-0.0013410257071290814,-0.0007625441920981415,-0.001090830782496456,4.706526718435654,9.336220461120833,-49.375
1773079142.7897413,0.0006816460254094207,0.9431695802213736,-7.238855872496204,0.474078641636639,1.1654451354683482,9.761319218132133,0.0007625441920981415,-0.0013410257071290814,0.001090830782496456,6.006697383358414,9.821336418469492,-51.0
1773079142.8085153,0.0006816460254094207,0.9431695802213736,-7.238855872496204,0.47474688266143256,1.1654579059980568,9.764223036637622,-0.0007625441920981415,0.0013410257071290814,-0.001090830782496456,6.006697383358414,9.821336418469492,-51.0
1773079142.8333786,0.0006816460254094207,0.9431695802213736,-7.238855872496204,0.47519158959869134,1.1654664046429217,9.766155495415246,0.0010517849496136115,-0.00028924075751547,0.0,6.006697383358414,9.821336418469492,-51.0
1773079142.8571715,0.0006816460254094207,0.9431695802213736,-7.238855872496204,0.47519158959869134,1.1654664046429217,9.766155495415246,0.0010517849496136115,-0.00028924075751547,0.0,6.006697383358414,9.821336418469492,-51.0
1773079142.8919098,0.0006816460254094207,0.9431695802213736,-7.238855872496204,0.4722621622687604,1.1663590381563276,9.767441525144775,0.00057848151503094,0.002103569899227223,-0.001090830782496456,5.489943619822772,9.12078089042639,-50.0625
1773079142.9172585,0.0006816460254094207,0.9431695802213736,-7.238855872496204,0.4703126611045388,1.1669530757881297,9.768297363563885,0.00028924075751547,0.0010517849496136115,0.0,5.489943619822772,9.12078089042639,-50.0625
1773079142.935945,0.0006816460254094207,0.9431695802213736,-7.238855872496204,0.4703126611045388,1.1669530757881297,9.768297363563885,0.00028924075751547,0.0010517849496136115,0.0,5.489943619822772,9.12078089042639,-50.0625
1773079142.9536626,0.0006816460254094207,0.9431695802213736,-7.238855872496204,0.4690152898571043,1.167348401196259,9.77221202617878,0.0013410257071290814,0.0007625441920981415,0.001090830782496456,5.489943619822772,9.12078089042639,-50.0625
1773079142.9946737,0.0006816460254094207,0.9431695802213736,-7.238855872496204,0.46726492602433856,1.1643861110103197,9.781507413833985,0.00028924075751547,0.0010517849496136115,0.0,5.821389113198838,10.326037661791188,-49.375
1773079143.0137122,0.0006816460254094207,0.9431695802213736,-7.238855872496204,0.4661000784464782,1.162414739982527,9.787693390482241,0.00057848151503094,0.002103569899227223,0.0,5.821389113198838,10.326037661791188,-49.375
1773079143.0317655,0.0006816460254094207,0.9431695802213736,-7.238855872496204,0.4653248853956122,1.1611028145851885,9.788464977132449,0.00018406267706720146,-0.003444595606356305,-0.001090830782496456,5.821389113198838,10.326037661791188,-49.375
1773079143.0539374,0.0006816460254094207,0.9431695802213736,-7.238855872496204,0.4653248853956122,1.1611028145851885,9.788464977132449,0.00018406267706720146,-0.003444595606356305,-0.001090830782496456,5.821389113198838,10.326037661791188,-49.375
1773079143.0809534,0.0006816460254094207,0.9431695802213736,-7.238855872496204,0.4648090030797346,1.1602297428884263,9.782288236014335,-0.0007625441920981415,0.0013410257071290814,-0.001090830782496456,5.037972211811719,10.541477232485631,-49.75
1773079143.1006544,0.0006816460254094207,0.9431695802213736,-7.238855872496204,0.4648090030797346,1.1602297428884263,9.782288236014335,-0.0007625441920981415,0.0013410257071290814,-0.001090830782496456,5.037972211811719,10.541477232485631,-49.75
1773079143.1219003,0.0006816460254094207,0.9431695802213736,-7.238855872496204,0.4644656891613011,1.1596487234270811,9.781522795506268,-0.0004733034345826715,0.002392810656742693,0.0,5.037972211811719,10.541477232485631,-49.75
1773079143.135955,0.0006816460254094207,0.9431695802213736,-7.238855872496204,0.4642372175836514,1.1592620614659686,9.781013403398681,-0.00028924075751547,-0.0010517849496136115,0.0,5.037972211811719,10.541477232485631,-49.75
1773079143.1499689,0.0006816460254094207,0.9431695802213736,-7.238855872496204,0.4642372175836514,1.1592620614659686,9.781013403398681,-0.00028924075751547,-0.0010517849496136115,0.0,5.037972211811719,10.541477232485631,-49.75
1773079143.172354,0.0006816460254094207,0.9431695802213736,-7.238855872496204,0.4673105471298949,1.1581177644899607,9.780674408641364,-0.0010517849496136115,0.00028924075751547,0.0,5.887678211874051,10.567089016064148,-50.5625
1773079143.216225,0.0006816460254094207,0.9431695802213736,-7.238855872496204,0.46935581361157946,1.1573562476350623,9.777103699709869,-0.0016302664646445516,-0.001814329141711753,0.0,5.887678211874051,10.567089016064148,-50.5625
1773079143.243439,0.0006816460254094207,0.9431695802213736,-7.238855872496204,0.4739422904369916,1.1559624889146438,9.771382321096073,0.0007625441920981415,-0.0013410257071290814,-0.001090830782496456,4.67639518040228,10.640910880498451,-49.0
1773079143.2634416,0.0006816460254094207,0.9431695802213736,-7.238855872496204,0.47143076763223524,1.1600342884048536,9.770919919247898,-0.0004733034345826715,0.002392810656742693,0.0,4.67639518040228,10.640910880498451,-49.0
1773079143.293144,0.0006816460254094207,0.9431695802213736,-7.238855872496204,0.47298475209019264,1.1618570477204233,9.770612195983304,-0.0007625441920981415,0.0013410257071290814,0.002181661564992912,6.570154959596233,9.277464365703217,-49.0
1773079143.3246584,0.0006816460254094207,0.9431695802213736,-7.238855872496204,0.47298475209019264,1.1618570477204233,9.770612195983304,-0.0007625441920981415,0.0013410257071290814,0.002181661564992912,6.570154959596233,9.277464365703217,-49.0
1773079143.340758,0.0006816460254094207,0.9431695802213736,-7.238855872496204,0.473131933627635,1.1598446988544044,9.770407409588211,0.0013410257071290814,0.0007625441920981415,-0.001090830782496456,6.570154959596233,9.277464365703217,-49.0
1773079143.3615515,0.0006816460254094207,0.9431695802213736,-7.238855872496204,0.4732298812966774,1.158505503163479,9.77696134994453,-0.0004733034345826715,0.002392810656742693,-0.001090830782496456,6.570154959596233,9.277464365703217,-49.0
1773079143.392896,0.0006816460254094207,0.9431695802213736,-7.238855872496204,0.473295064376278,1.157614283390964,9.78132292403935,-0.0016302664646445516,-0.001814329141711753,0.0,6.122703306040037,10.243176288447172,-48.5625
1773079143.4050834,0.0006816460254094207,0.9431695802213736,-7.238855872496204,0.473295064376278,1.157614283390964,9.78132292403935,-0.0016302664646445516,-0.001814329141711753,0.0,6.122703306040037,10.243176288447172,-48.5625
1773079143.417112,0.0006816460254094207,0.9431695802213736,-7.238855872496204,0.4742254207477939,1.160246561416907,9.780880391170157,-0.0016302664646445516,-0.001814329141711753,-0.001090830782496456,6.122703306040037,10.243176288447172,-48.5625
1773079143.4291894,0.0006816460254094207,0.9431695802213736,-7.238855872496204,0.4742254207477939,1.160246561416907,9.780880391170157,-0.0016302664646445516,-0.001814329141711753,-0.001090830782496456,6.122703306040037,10.243176288447172,-48.5625
1773079143.4445152,0.0006816460254094207,0.9431695802213736,-7.238855872496204,0.47484456252027607,1.1619983130387,9.777240778781806,0.0,0.0,0.0,6.122703306040037,10.243176288447172,-48.5625
1773079143.4738598,0.0006816460254094207,0.9431695802213736,-7.238855872496204,0.47114424186443704,1.160825687105865,9.774818657394492,-0.00057848151503094,-0.002103569899227223,0.001090830782496456,6.666575358806313,10.80663386468499,-49.75
1773079143.5187724,0.0006816460254094207,0.9431695802213736,-7.238855872496204,0.46868171980326634,1.1600453176466532,9.773206762668105,-0.00028924075751547,-0.0010517849496136115,-0.002181661564992912,6.666575358806313,10.80663386468499,-49.75
1773079143.5425906,0.0006816460254094207,0.9431695802213736,-7.238855872496204,0.46868171980326634,1.1600453176466532,9.773206762668105,-0.00028924075751547,-0.0010517849496136115,-0.002181661564992912,6.666575358806313,10.80663386468499,-49.75
1773079143.573905,0.0006816460254094207,0.9431695802213736,-7.238855872496204,0.4711552914688902,1.1618643875576362,9.782169399855697,-0.0007625441920981415,0.0013410257071290814,-0.001090830782496456,5.887678211874051,10.567089016064148,-49.75
1773079143.6076381,0.0006816460254094207,0.9431695802213736,-7.238855872496204,0.47280142578075685,1.163074958263053,9.78813393478482,0.0018143291417117532,-0.0016302664646445516,-0.001090830782496456,5.887678211874051,10.567089016064148,-49.75
1773079143.627336,0.0006816460254094207,0.9431695802213736,-7.238855872496204,0.46978455718761986,1.1615421824757568,9.785413042737293,0.0004733034345826715,-0.002392810656742693,0.0,5.887678211874051,10.567089016064148,-49.75
1773079143.6458242,0.0006816460254094207,0.9431695802213736,-7.238855872496204,0.46978455718761986,1.1615421824757568,9.785413042737293,0.0004733034345826715,-0.002392810656742693,0.0,5.887678211874051,10.567089016064148,-49.75
1773079143.666357,0.0006816460254094207,0.9431695802213736,-7.238855872496204,0.4677768648395176,1.1605221373115389,9.780257207766699,-0.0010517849496136115,0.00028924075751547,0.0,5.459812081789399,10.425471309804008,-49.375
1773079143.7107124,0.0006816460254094207,0.9431695802213736,-7.238855872496204,0.4664407680092485,1.1598433086494027,9.77682605718822,-0.0013410257071290814,-0.0007625441920981415,0.002181661564992912,5.459812081789399,10.425471309804008,-49.375
1773079143.7332158,0.0006816460254094207,0.9431695802213736,-7.238855872496204,0.4664385882540684,1.1626169305867387,9.777887776514024,0.0007625441920981415,-0.0013410257071290814,-0.001090830782496456,6.1889924047152505,10.484227642720132,-49.75
1773079143.7663682,0.0006816460254094207,0.9431695802213736,-7.238855872496204,0.4687755347201358,1.1603503924134897,9.781939450572485,-0.0013410257071290814,-0.0007625441920981415,-0.001090830782496456,6.1889924047152505,10.484227642720132,-49.75
1773079143.8173523,0.0006816460254094207,0.9431695802213736,-7.238855872496204,0.4687755347201358,1.1603503924134897,9.781939450572485,-0.0013410257071290814,-0.0007625441920981415,-0.001090830782496456,6.1889924047152505,10.484227642720132,-49.75
1773079143.835089,0.0006816460254094207,0.9431695802213736,-7.238855872496204,0.4671053716589264,1.1597290143382673,9.784635794398227,0.0010517849496136115,-0.00028924075751547,0.001090830782496456,5.907263735345595,9.459759387060053,-50.5625
1773079143.8657718,0.0006816460254094207,0.9431695802213736,-7.238855872496204,0.4659938967986354,1.1593154941704544,9.786430181094124,0.0,0.0,0.001090830782496456,5.907263735345595,9.459759387060053,-50.5625
1773079143.9097893,0.0006816460254094207,0.9431695802213736,-7.238855872496204,0.4670281782154683,1.1654910507760474,9.780934101980991,0.0004733034345826715,-0.002392810656742693,-0.001090830782496456,5.907263735345595,9.459759387060053,-50.5625
1773079143.9414937,0.0006816460254094207,0.9431695802213736,-7.238855872496204,0.4644911061157155,1.1704877924717667,9.780621634433746,0.0007625441920981415,-0.0013410257071290814,-0.001090830782496456,7.5690114316777946,9.845441696395893,-50.1875
1773079143.9597268,0.0006816460254094207,0.9431695802213736,-7.238855872496204,0.466028087803257,1.1729260904928214,9.780413690771546,-0.0018143291417117532,0.0016302664646445516,-0.001090830782496456,7.5690114316777946,9.845441696395893,-50.1875
1773079144.0049336,0.0006816460254094207,0.9431695802213736,-7.238855872496204,0.4652769764267366,1.1680980009303104,9.780275306587235,0.0013410257071290814,0.0007625441920981415,0.001090830782496456,5.037972211811719,10.541477232485631,-50.0625
1773079144.0250115,0.0006816460254094207,0.9431695802213736,-7.238855872496204,0.4652769764267366,1.1680980009303104,9.780275306587235,0.0013410257071290814,0.0007625441920981415,0.001090830782496456,5.037972211811719,10.541477232485631,-50.0625
1773079144.04255,0.0006816460254094207,0.9431695802213736,-7.238855872496204,0.4656640979563106,1.1681103360887282,9.77349299004379,0.0016302664646445516,0.001814329141711753,0.001090830782496456,5.037972211811719,10.541477232485631,-50.0625
1773079144.0588028,0.0006816460254094207,0.9431695802213736,-7.238855872496204,0.4656640979563106,1.1681103360887282,9.77349299004379,0.0016302664646445516,0.001814329141711753,0.001090830782496456,5.037972211811719,10.541477232485631,-50.0625
1773079144.1006112,0.0006816460254094207,0.9431695802213736,-7.238855872496204,0.46826012007860146,1.1640061924097034,9.768979434147568,0.00115696303006188,0.004207139798454446,0.0,5.037972211811719,10.541477232485631,-50.0625
1773079144.138283,0.0006816460254094207,0.9431695802213736,-7.238855872496204,0.4708747215617032,1.164500305466576,9.772665936532993,0.0010517849496136115,-0.00028924075751547,0.001090830782496456,5.821389113198838,10.326037661791188,-50.0625
1773079144.164062,0.0006816460254094207,0.9431695802213736,-7.238855872496204,0.4717277318815107,1.1616037573573452,9.775119262689564,0.0013410257071290814,0.0007625441920981415,0.0,5.821389113198838,10.326037661791188,-50.0625
1773079144.2090325,0.0006816460254094207,0.9431695802213736,-7.238855872496204,0.472295400720593,1.159676136947215,9.773406812133993,0.0010517849496136115,-0.00028924075751547,-0.001090830782496456,5.343806159107776,10.003631439826329,-49.375
1773079144.2480059,0.0006816460254094207,0.9431695802213736,-7.238855872496204,0.4726731779917258,1.158393327097204,9.772267195418587,0.002103569899227223,-0.00057848151503094,0.002181661564992912,5.343806159107776,10.003631439826329,-49.375
1773079144.2889166,0.0006816460254094207,0.9431695802213736,-7.238855872496204,0.47469854006598494,1.1639903811298962,9.774853904932156,0.0007625441920981415,-0.0013410257071290814,-0.002181661564992912,6.1889924047152505,10.484227642720132,-49.75
1773079144.3243632,0.0006816460254094207,0.9431695802213736,-7.238855872496204,0.47469854006598494,1.1639903811298962,9.774853904932156,0.0007625441920981415,-0.0013410257071290814,-0.002181661564992912,6.1889924047152505,10.484227642720132,-49.75
1773079144.3485396,0.0006816460254094207,0.9431695802213736,-7.238855872496204,0.47604639590162756,1.1677151580654626,9.776575331217998,-0.00028924075751547,-0.0010517849496136115,0.001090830782496456,6.1889924047152505,10.484227642720132,-49.75
1773079144.370435,0.0006816460254094207,0.9431695802213736,-7.238855872496204,0.47694337890371147,1.1701939555075973,9.777720921181634,-0.0010517849496136115,0.00028924075751547,-0.001090830782496456,5.821389113198838,10.326037661791188,-49.0
1773079144.40467,0.0006816460254094207,0.9431695802213736,-7.238855872496204,0.47987870814043193,1.167731214926197,9.781828410212675,-0.00028924075751547,-0.0010517849496136115,0.001090830782496456,5.821389113198838,10.326037661791188,-49.0
1773079144.4443345,0.0006816460254094207,0.9431695802213736,-7.238855872496204,0.48183213695769334,1.1660922885798901,9.784561898279176,0.0007625441920981415,-0.0013410257071290814,0.001090830782496456,6.006697383358414,9.821336418469492,-51.0
1773079144.4803405,0.0006816460254094207,0.9431695802213736,-7.238855872496204,0.47579439459621736,1.1635501820958238,9.789726115759688,-0.00057848151503094,-0.002103569899227223,-0.001090830782496456,6.006697383358414,9.821336418469492,-51.0
1773079144.5067885,0.0006816460254094207,0.9431695802213736,-7.238855872496204,0.47579439459621736,1.1635501820958238,9.789726115759688,-0.00057848151503094,-0.002103569899227223,-0.001090830782496456,6.006697383358414,9.821336418469492,-51.0
1773079144.534068,0.0006816460254094207,0.9431695802213736,-7.238855872496204,0.47088936674047205,1.158633063798893,9.78981773309756,-0.0019195072221600217,-0.0028661140913253647,-0.001090830782496456,5.887678211874051,10.567089016064148,-49.75
1773079144.562456,0.0006816460254094207,0.9431695802213736,-7.238855872496204,0.46762512549522495,1.155360776500096,9.789878703412482,0.0,0.0,-0.001090830782496456,5.887678211874051,10.567089016064148,-49.75
1773079144.5858915,0.0006816460254094207,0.9431695802213736,-7.238855872496204,0.47045213975982036,1.158746877754356,9.78991927847598,-0.0007625441920981415,0.0013410257071290814,-0.001090830782496456,6.1889924047152505,10.484227642720132,-49.375
1773079144.6152773,0.0006816460254094207,0.9431695802213736,-7.238855872496204,0.4723334861730901,1.1610002903138363,9.789946280727483,-0.0007625441920981415,0.0013410257071290814,0.0,6.1889924047152505,10.484227642720132,-49.375
1773079144.638138,0.0006816460254094207,0.9431695802213736,-7.238855872496204,0.4723334861730901,1.1610002903138363,9.789946280727483,-0.0007625441920981415,0.0013410257071290814,0.0,6.1889924047152505,10.484227642720132,-49.375
1773079144.6623127,0.0006816460254094207,0.9431695802213736,-7.238855872496204,0.4735855011951047,1.162499911199903,9.793309362131543,0.00028924075751547,0.0010517849496136115,0.001090830782496456,6.1889924047152505,10.484227642720132,-49.375
1773079144.6791432,0.0006816460254094207,0.9431695802213736,-7.238855872496204,0.47441870320633117,1.1634978921477173,9.795547455237864,-0.0004733034345826715,0.002392810656742693,-0.003272492347489368,5.821389113198838,10.326037661791188,-50.1875
1773079144.7188432,0.0006816460254094207,0.9431695802213736,-7.238855872496204,0.47408621207714163,1.1609366624913353,9.797036881198983,0.002971292171773633,0.0025768733338098946,0.001090830782496456,5.821389113198838,10.326037661791188,-50.1875
1773079144.7338922,0.0006816460254094207,0.9431695802213736,-7.238855872496204,0.47408621207714163,1.1609366624913353,9.797036881198983,0.002971292171773633,0.0025768733338098946,0.001090830782496456,5.821389113198838,10.326037661791188,-50.1875
1773079144.7610343,0.0006816460254094207,0.9431695802213736,-7.238855872496204,0.47386494294483533,1.1592321927658231,9.794682965830809,0.0016302664646445516,0.001814329141711753,0.001090830782496456,5.821389113198838,10.326037661791188,-50.1875
1773079144.8063655,0.0006816460254094207,0.9431695802213736,-7.238855872496204,0.4704923159800489,1.1589848649638537,9.793116461448248,-0.0013410257071290814,-0.0007625441920981415,-0.002181661564992912,6.006697383358414,9.821336418469492,-51.0
1773079144.8307862,0.0006816460254094207,0.9431695802213736,-7.238855872496204,0.4704923159800489,1.1589848649638537,9.793116461448248,-0.0013410257071290814,-0.0007625441920981415,-0.002181661564992912,6.006697383358414,9.821336418469492,-51.0
1773079144.8525443,0.0006816460254094207,0.9431695802213736,-7.238855872496204,0.47147324523867007,1.1579332933142912,9.788728858573334,0.0013410257071290814,0.0007625441920981415,0.002181661564992912,6.006697383358414,9.821336418469492,-51.0
1773079144.9014177,0.0006816460254094207,0.9431695802213736,-7.238855872496204,0.4721260427025846,1.1572334841283325,9.785808957872815,-0.00057848151503094,-0.002103569899227223,0.0,6.55056943612469,10.384793994707312,-50.5625
1773079144.9203885,0.0006816460254094207,0.9431695802213736,-7.238855872496204,0.4721260427025846,1.1572334841283325,9.785808957872815,-0.00057848151503094,-0.002103569899227223,0.0,6.55056943612469,10.384793994707312,-50.5625
1773079144.9438365,0.0006816460254094207,0.9431695802213736,-7.238855872496204,0.4734474498827787,1.1599931437614321,9.780520684866728,-0.0010517849496136115,0.00028924075751547,0.0,6.55056943612469,10.384793994707312,-50.5625
1773079144.969193,0.0006816460254094207,0.9431695802213736,-7.238855872496204,0.473439853839928,1.1586042915908674,9.777001398255058,-0.0013410257071290814,-0.0007625441920981415,-0.001090830782496456,5.907263735345595,9.459759387060053,-49.375
1773079145.0191681,0.0006816460254094207,0.9431695802213736,-7.238855872496204,0.4734347987582643,1.157680025985852,9.774659352327998,-0.0007625441920981415,0.0013410257071290814,0.0,5.907263735345595,9.459759387060053,-49.375
1773079145.045814,0.0006816460254094207,0.9431695802213736,-7.238855872496204,0.47343143465788595,1.1570649375504374,9.776445858633226,-0.0013410257071290814,-0.0007625441920981415,-0.001090830782496456,4.921966289130096,10.119637362507952,-49.375
1773079145.0721977,0.0006816460254094207,0.9431695802213736,-7.238855872496204,0.4734291958866637,1.1566556030676571,9.780979870330093,0.00028924075751547,0.0010517849496136115,0.0,4.921966289130096,10.119637362507952,-49.375
1773079145.092131,0.0006816460254094207,0.9431695802213736,-7.238855872496204,0.4734291958866637,1.1566556030676571,9.780979870330093,0.00028924075751547,0.0010517849496136115,0.0,4.921966289130096,10.119637362507952,-49.375
1773079145.1140382,0.0006816460254094207,0.9431695802213736,-7.238855872496204,0.473427706009424,1.1563831955419326,9.783997204466127,0.0013410257071290814,0.0007625441920981415,0.002181661564992912,4.921966289130096,10.119637362507952,-49.375
1773079145.1292214,0.0006816460254094207,0.9431695802213736,-7.238855872496204,0.473426714512764,1.1562019113765545,9.786005206627827,-0.00028924075751547,-0.0010517849496136115,-0.002181661564992912,5.821389113198838,10.326037661791188,-49.375
1773079145.1498315,0.0006816460254094207,0.9431695802213736,-7.238855872496204,0.473426714512764,1.1562019113765545,9.786005206627827,-0.00028924075751547,-0.0010517849496136115,-0.002181661564992912,5.821389113198838,10.326037661791188,-49.375
1773079145.192163,0.0006816460254094207,0.9431695802213736,-7.238855872496204,0.4734260546828125,1.156081268789572,9.780651286220946,0.0013410257071290814,0.0007625441920981415,-0.002181661564992912,5.821389113198838,10.326037661791188,-49.375
1773079145.2367966,0.0006816460254094207,0.9431695802213736,-7.238855872496204,0.47342561557335056,1.1560009824956012,9.777088311997376,0.0019195072221600217,0.0028661140913253647,0.0,6.122703306040037,10.243176288447172,-49.0
1773079145.2585545,0.0006816460254094207,0.9431695802213736,-7.238855872496204,0.47019994852193414,1.1568345306240047,9.77471719245262,-0.00028924075751547,-0.0010517849496136115,0.0,6.122703306040037,10.243176288447172,-49.0
1773079145.2884154,0.0006816460254094207,0.9431695802213736,-7.238855872496204,0.47019994852193414,1.1568345306240047,9.77471719245262,-0.00028924075751547,-0.0010517849496136115,0.0,6.122703306040037,10.243176288447172,-49.0
1773079145.3167706,0.0006816460254094207,0.9431695802213736,-7.238855872496204,0.47127867796125317,1.1565022698319303,9.776484350590046,0.0,0.0,-0.001090830782496456,5.887678211874051,10.567089016064148,-50.0625
1773079145.3458688,0.0006816460254094207,0.9431695802213736,-7.238855872496204,0.4687711855239479,1.1571681317465852,9.777660374590052,0.0010517849496136115,-0.00028924075751547,-0.002181661564992912,5.887678211874051,10.567089016064148,-50.0625
1773079145.378442,0.0006816460254094207,0.9431695802213736,-7.238855872496204,0.4687711855239479,1.1571681317465852,9.777660374590052,0.0010517849496136115,-0.00028924075751547,-0.002181661564992912,5.887678211874051,10.567089016064148,-50.0625
1773079145.4105155,0.0006816460254094207,0.9431695802213736,-7.238855872496204,0.4671024773174471,1.1576112554126232,9.775097893717689,-0.0010517849496136115,0.00028924075751547,-0.002181661564992912,5.343806159107776,10.003631439826329,-49.0
1773079145.431284,0.0006816460254094207,0.9431695802213736,-7.238855872496204,0.4659919706467128,1.1579061492623557,9.773392591321917,0.00057848151503094,0.002103569899227223,-0.001090830782496456,5.343806159107776,10.003631439826329,-49.0
1773079145.4504735,0.0006816460254094207,0.9431695802213736,-7.238855872496204,0.46525294086251157,1.1581023978251725,9.778947955041646,-0.0004733034345826715,0.002392810656742693,0.0,5.343806159107776,10.003631439826329,-49.0
1773079145.4796681,0.0006816460254094207,0.9431695802213736,-7.238855872496204,0.4679864996256039,1.1573460212913027,9.782644987539648,-0.0013410257071290814,-0.0007625441920981415,0.0,5.605949542504395,9.54262076040407,-49.75
1773079145.5128472,0.0006816460254094207,0.9431695802213736,-7.238855872496204,0.4679864996256039,1.1573460212913027,9.782644987539648,-0.0013410257071290814,-0.0007625441920981415,0.0,5.605949542504395,9.54262076040407,-49.75
1773079145.5358717,0.0006816460254094207,0.9431695802213736,-7.238855872496204,0.46980565244658967,1.156842661157292,9.781760209661188,0.00057848151503094,0.002103569899227223,-0.001090830782496456,5.605949542504395,9.54262076040407,-49.75
1773079145.5544918,0.0006816460254094207,0.9431695802213736,-7.238855872496204,0.46956485901908135,1.1638454080291427,9.78117139986669,0.0010517849496136115,-0.00028924075751547,-0.001090830782496456,5.821389113198838,10.326037661791188,-50.0625
1773079145.5788345,0.0006816460254094207,0.9431695802213736,-7.238855872496204,0.46956485901908135,1.1638454080291427,9.78117139986669,0.0010517849496136115,-0.00028924075751547,-0.001090830782496456,5.821389113198838,10.326037661791188,-50.0625
1773079145.6000257,0.0006816460254094207,0.9431695802213736,-7.238855872496204,0.4694046136829134,1.1685056578465511,9.780779553525887,-0.0022087479796754914,-0.003917899040938976,0.0,5.821389113198838,10.326037661791188,-50.0625
1773079145.6157596,0.0006816460254094207,0.9431695802213736,-7.238855872496204,0.4692979722017513,1.171607002041635,9.777173672455975,0.00018406267706720146,-0.003444595606356305,-0.001090830782496456,5.821389113198838,10.326037661791188,-50.0625
1773079145.6354058,0.0006816460254094207,0.9431695802213736,-7.238855872496204,0.4692979722017513,1.171607002041635,9.777173672455975,0.00018406267706720146,-0.003444595606356305,-0.001090830782496456,5.821389113198838,10.326037661791188,-50.0625
1773079145.669409,0.0006816460254094207,0.9431695802213736,-7.238855872496204,0.47218737103688624,1.1649699688256885,9.773177042928426,-0.0010517849496136115,0.00028924075751547,0.0,6.122703306040037,10.243176288447172,-49.0
1773079145.7215006,0.0006816460254094207,0.9431695802213736,-7.238855872496204,0.47218737103688624,1.1649699688256885,9.773177042928426,-0.0010517849496136115,0.00028924075751547,0.0,6.122703306040037,10.243176288447172,-49.0
1773079145.7646184,0.0006816460254094207,0.9431695802213736,-7.238855872496204,0.47287674085819,1.1598841392867374,9.785894638169886,-0.00057848151503094,-0.002103569899227223,0.001090830782496456,5.526101180464612,10.666522664076968,-49.75
1773079145.8099413,0.0006816460254094207,0.9431695802213736,-7.238855872496204,0.47287674085819,1.1598841392867374,9.785894638169886,-0.00057848151503094,-0.002103569899227223,0.001090830782496456,5.526101180464612,10.666522664076968,-49.75
1773079145.8459115,0.0006816460254094207,0.9431695802213736,-7.238855872496204,0.46781022003319717,1.1591090021388912,9.787062859078285,-0.0004733034345826715,0.002392810656742693,-0.001090830782496456,5.887678211874051,10.567089016064148,-50.0625
1773079145.890233,0.0006816460254094207,0.9431695802213736,-7.238855872496204,0.46781022003319717,1.1591090021388912,9.787062859078285,-0.0004733034345826715,0.002392810656742693,-0.001090830782496456,5.887678211874051,10.567089016064148,-50.0625
1773079145.9379427,0.0006816460254094207,0.9431695802213736,-7.238855872496204,0.46646296551804034,1.15890288297776,9.784700253819294,-0.0007625441920981415,0.0013410257071290814,-0.001090830782496456,5.887678211874051,10.567089016064148,-50.0625
1773079145.9714563,0.0006816460254094207,0.9431695802213736,-7.238855872496204,0.4720171323459719,1.15699175745816,9.783127966411465,0.0016302664646445516,0.001814329141711753,-0.001090830782496456,5.887678211874051,10.567089016064148,-50.0625
1773079146.000545,0.0006816460254094207,0.9431695802213736,-7.238855872496204,0.4757133683258516,1.1557199247735372,9.778736514997837,-0.0013410257071290814,-0.0007625441920981415,0.0,5.037972211811719,10.541477232485631,-51.0
1773079146.0357478,0.0006816460254094207,0.9431695802213736,-7.238855872496204,0.47494779725182557,1.1557605120894072,9.775814053137793,-0.0010517849496136115,0.00028924075751547,0.0,5.037972211811719,10.541477232485631,-51.0
1773079146.0593164,0.0006816460254094207,0.9431695802213736,-7.238855872496204,0.4744383182540504,1.1557875224947287,9.773869187415972,-0.00028924075751547,-0.0010517849496136115,-0.002181661564992912,6.3049983273968735,10.90606751269781,-50.5625
1773079146.0931356,0.0006816460254094207,0.9431695802213736,-7.238855872496204,0.4740992656722844,1.155805497617744,9.772574901003674,0.0010517849496136115,-0.00028924075751547,0.001090830782496456,6.3049983273968735,10.90606751269781,-50.5625
1773079146.1236155,0.0006816460254094207,0.9431695802213736,-7.238855872496204,0.4740992656722844,1.155805497617744,9.772574901003674,0.0010517849496136115,-0.00028924075751547,0.001090830782496456,6.3049983273968735,10.90606751269781,-50.5625
1773079146.1512756,0.0006816460254094207,0.9431695802213736,-7.238855872496204,0.4738736299665846,1.1558174598613156,9.771713567854416,0.00057848151503094,0.002103569899227223,-0.002181661564992912,5.244372511094956,9.64205440841689,-49.0
1773079146.1775846,0.0006816460254094207,0.9431695802213736,-7.238855872496204,0.4737234719249574,1.1558254206007852,9.774485471972627,0.003155354848840835,-0.00086772227254641,0.002181661564992912,5.244372511094956,9.64205440841689,-49.0
1773079146.2211308,0.0006816460254094207,0.9431695802213736,-7.238855872496204,0.4736235434256297,1.155830718383975,9.776330143199097,-0.00028924075751547,-0.0010517849496136115,0.0,5.459812081789399,10.425471309804008,-50.0625
1773079146.2381077,0.0006816460254094207,0.9431695802213736,-7.238855872496204,0.47033166729662695,1.1567212217596925,9.777557751293985,-0.00028924075751547,-0.0010517849496136115,-0.003272492347489368,5.459812081789399,10.425471309804008,-50.0625
1773079146.258389,0.0006816460254094207,0.9431695802213736,-7.238855872496204,0.47033166729662695,1.1567212217596925,9.777557751293985,-0.00028924075751547,-0.0010517849496136115,-0.003272492347489368,5.459812081789399,10.425471309804008,-50.0625
1773079146.3087204,0.0006816460254094207,0.9431695802213736,-7.238855872496204,0.4681603211591021,1.163080049579104,9.776692253697801,0.0007625441920981415,-0.0013410257071290814,-0.001090830782496456,5.459812081789399,10.425471309804008,-50.0625
1773079146.3427322,0.0006816460254094207,0.9431695802213736,-7.238855872496204,0.46669595390644425,1.161545570689715,9.777798731785834,-0.00057848151503094,-0.002103569899227223,-0.002181661564992912,5.459812081789399,10.425471309804008,-50.0625
1773079146.3731327,0.0006816460254094207,0.9431695802213736,-7.238855872496204,0.46669595390644425,1.161545570689715,9.777798731785834,-0.00057848151503094,-0.002103569899227223,-0.002181661564992912,5.459812081789399,10.425471309804008,-50.0625
1773079146.3936574,0.0006816460254094207,0.9431695802213736,-7.238855872496204,0.4657214338578545,1.1605243921300792,9.788570415715208,-0.00057848151503094,-0.002103569899227223,0.001090830782496456,5.343806159107776,10.003631439826329,-49.375
1773079146.4341176,0.0006816460254094207,0.9431695802213736,-7.238855872496204,0.4693439370933219,1.1638774023490617,9.797164252969011,-0.0010517849496136115,0.00028924075751547,0.0,5.343806159107776,10.003631439826329,-49.375
1773079146.4482818,0.0006816460254094207,0.9431695802213736,-7.238855872496204,0.4693439370933219,1.1638774023490617,9.797164252969011,-0.0010517849496136115,0.00028924075751547,0.0,5.343806159107776,10.003631439826329,-49.375
1773079146.4655564,0.0006816460254094207,0.9431695802213736,-7.238855872496204,0.47248296743815477,1.1676399719488728,9.794767730320928,0.00028924075751547,0.0010517849496136115,-0.001090830782496456,5.128366588413333,9.22021453843921,-49.75
1773079146.50398,0.0006816460254094207,0.9431695802213736,-7.238855872496204,0.47779733189634915,1.1692569422267063,9.783137536147581,-0.0013410257071290814,-0.0007625441920981415,0.0,5.128366588413333,9.22021453843921,-49.75
1773079146.5268965,0.0006816460254094207,0.9431695802213736,-7.238855872496204,0.47779733189634915,1.1692569422267063,9.783137536147581,-0.0013410257071290814,-0.0007625441920981415,0.0,5.128366588413333,9.22021453843921,-49.75
1773079146.544952,0.0006816460254094207,0.9431695802213736,-7.238855872496204,0.47399625465980294,1.168881598575257,9.775397771843002,-0.0010517849496136115,0.00028924075751547,0.0,4.921966289130096,10.119637362507952,-49.0
1773079146.5707362,0.0006816460254094207,0.9431695802213736,-7.238855872496204,0.4705797024595119,1.1654064367391062,9.773592156864455,0.0,0.0,0.001090830782496456,4.921966289130096,10.119637362507952,-49.0
1773079146.625899,0.0006816460254094207,0.9431695802213736,-7.238855872496204,0.4683060251356071,1.1630937553572491,9.772390540266272,-0.00028924075751547,-0.0010517849496136115,-0.001090830782496456,5.343806159107776,10.003631439826329,-50.0625
1773079146.6580114,0.0006816460254094207,0.9431695802213736,-7.238855872496204,0.4676798960353727,1.164780066560942,9.771590877843119,0.002392810656742693,0.0004733034345826715,0.0,5.343806159107776,10.003631439826329,-50.0625
1773079146.6928053,0.0006816460254094207,0.9431695802213736,-7.238855872496204,0.47048858894246176,1.1650153100694844,9.771058711433325,0.0,0.0,0.0,5.037972211811719,10.541477232485631,-51.0
1773079146.7157063,0.0006816460254094207,0.9431695802213736,-7.238855872496204,0.4714707649367895,1.1619464871676026,9.770704560632296,0.0,0.0,-0.001090830782496456,5.037972211811719,10.541477232485631,-51.0
1773079146.738228,0.0006816460254094207,0.9431695802213736,-7.238855872496204,0.4721243920893899,1.1599042198073986,9.777159100644974,0.0007625441920981415,-0.0013410257071290814,-0.002181661564992912,5.037972211811719,10.541477232485631,-51.0
1773079146.7523317,0.0006816460254094207,0.9431695802213736,-7.238855872496204,0.4721243920893899,1.1599042198073986,9.777159100644974,0.0007625441920981415,-0.0013410257071290814,-0.002181661564992912,5.037972211811719,10.541477232485631,-51.0
1773079146.7790637,0.0006816460254094207,0.9431695802213736,-7.238855872496204,0.47255937365795175,1.1585451136928038,9.781454524921475,-0.0019195072221600217,-0.0028661140913253647,0.0,5.343806159107776,10.003631439826329,-49.375
1773079146.8005793,0.0006816460254094207,0.9431695802213736,-7.238855872496204,0.4696234742037924,1.1585276215159352,9.780967970087133,0.00028924075751547,0.0010517849496136115,0.0,5.343806159107776,10.003631439826329,-49.375
1773079146.8268924,0.0006816460254094207,0.9431695802213736,-7.238855872496204,0.475007393331329,1.1599673999762359,9.780644173280052,-0.00028924075751547,-0.0010517849496136115,0.001090830782496456,6.122703306040037,10.243176288447172,-51.0
1773079146.8467016,0.0006816460254094207,0.9431695802213736,-7.238855872496204,0.475007393331329,1.1599673999762359,9.780644173280052,-0.00028924075751547,-0.0010517849496136115,0.001090830782496456,6.122703306040037,10.243176288447172,-51.0
1773079146.8637707,0.0006816460254094207,0.9431695802213736,-7.238855872496204,0.47125260395025353,1.1594741371495807,9.780428690121987,0.00028924075751547,0.0010517849496136115,-0.001090830782496456,6.122703306040037,10.243176288447172,-51.0
1773079146.8976133,0.0006816460254094207,0.9431695802213736,-7.238855872496204,0.47125260395025353,1.1594741371495807,9.780428690121987,0.00028924075751547,0.0010517849496136115,-0.001090830782496456,6.122703306040037,10.243176288447172,-51.0
1773079146.9299273,0.0006816460254094207,0.9431695802213736,-7.238855872496204,0.4719792083898681,1.1582588984883642,9.7802852884874,0.00028924075751547,0.0010517849496136115,0.0,5.605949542504395,9.54262076040407,-50.0625
1773079146.9806817,0.0006816460254094207,0.9431695802213736,-7.238855872496204,0.47246275552772815,1.1574501707344298,9.786880079716124,0.00115696303006188,0.004207139798454446,-0.001090830782496456,5.605949542504395,9.54262076040407,-50.0625
1773079147.004146,0.0006816460254094207,0.9431695802213736,-7.238855872496204,0.4727845507463986,1.1569119714482674,9.787923727902873,0.0010517849496136115,-0.00028924075751547,-0.001090830782496456,4.858690201759116,11.303802104749089,-50.0625
1773079147.0212746,0.0006816460254094207,0.9431695802213736,-7.238855872496204,0.46977332704076097,1.1574407835955907,9.788618264112841,0.0016302664646445516,0.001814329141711753,-0.001090830782496456,4.858690201759116,11.303802104749089,-50.0625
1773079147.0398278,0.0006816460254094207,0.9431695802213736,-7.238855872496204,0.46776939130223194,1.1577927021724157,9.789080470202098,0.0013410257071290814,0.0007625441920981415,0.0,4.858690201759116,11.303802104749089,-50.0625
1773079147.0803008,0.0006816460254094207,0.9431695802213736,-7.238855872496204,0.4696611692826445,1.1571399222939203,9.789388063191318,0.0019195072221600217,0.0028661140913253647,-0.001090830782496456,5.459812081789399,10.425471309804008,-49.75
1773079147.1062698,0.0006816460254094207,0.9431695802213736,-7.238855872496204,0.47092012639606434,1.1567055045768104,9.789592762889605,0.00057848151503094,0.002103569899227223,0.001090830782496456,5.459812081789399,10.425471309804008,-49.75
1773079147.1230466,0.0006816460254094207,0.9431695802213736,-7.238855872496204,0.4717579482915728,1.1564164044388376,9.789728988252168,0.0007625441920981415,-0.0013410257071290814,0.0,5.459812081789399,10.425471309804008,-49.75
1773079147.145835,0.0006816460254094207,0.9431695802213736,-7.238855872496204,0.4717579482915728,1.1564164044388376,9.789728988252168,0.0007625441920981415,-0.0013410257071290814,0.0,5.459812081789399,10.425471309804008,-49.75
1773079147.1619272,0.0006816460254094207,0.9431695802213736,-7.238855872496204,0.4723155094039499,1.156224011526477,9.786474533001899,-0.0010517849496136115,0.00028924075751547,0.0,6.368274414767853,9.721902770456673,-49.375
1773079147.2116916,0.0006816460254094207,0.9431695802213736,-7.238855872496204,0.47357353785605555,1.1593213510214453,9.78430872938749,0.0010517849496136115,-0.00028924075751547,0.001090830782496456,6.368274414767853,9.721902770456673,-49.375
1773079147.2331371,0.0006816460254094207,0.9431695802213736,-7.238855872496204,0.4744107417378332,1.1613825958557975,9.782867411275713,-0.00028924075751547,-0.0010517849496136115,0.001090830782496456,5.705383190517215,9.904197791813509,-49.75
1773079147.2498903,0.0006816460254094207,0.9431695802213736,-7.238855872496204,0.4744107417378332,1.1613825958557975,9.782867411275713,-0.00028924075751547,-0.0010517849496136115,0.001090830782496456,5.705383190517215,9.904197791813509,-49.75
1773079147.283905,0.0006816460254094207,0.9431695802213736,-7.238855872496204,0.4749678915689761,1.1627543312674453,9.781908230172904,0.00028924075751547,0.0010517849496136115,-0.001090830782496456,5.705383190517215,9.904197791813509,-49.75
1773079147.303547,-30.419427754888815,0.9702409108486411,7.077530423354506,0.4753386685578303,1.1636672058606083,9.777924794156421,0.0013410257071290814,0.0007625441920981415,0.0,5.605949542504395,9.54262076040407,-49.75
1773079147.3334665,-30.419427754888815,0.9702409108486411,7.077530423354506,0.4753386685578303,1.1636672058606083,9.777924794156421,0.0013410257071290814,0.0007625441920981415,0.0,5.605949542504395,9.54262076040407,-49.75
1773079147.364074,0.0006816460254094207,0.9431695802213736,-7.238855872496204,0.47558541650206243,1.164274713704881,9.775273861985347,0.0,0.0,-0.001090830782496456,5.605949542504395,9.54262076040407,-49.75
1773079147.4025128,0.0006816460254094207,0.9431695802213736,-7.238855872496204,0.4757496245025938,1.1646790033889372,9.77350969623835,-0.00018406267706720146,0.003444595606356305,0.0,5.605949542504395,9.54262076040407,-49.375
1773079147.418372,0.0006816460254094207,0.9431695802213736,-7.238855872496204,0.4757496245025938,1.1646790033889372,9.77350969623835,-0.00018406267706720146,0.003444595606356305,0.0,5.605949542504395,9.54262076040407,-49.375
1773079147.4474528,0.0006816460254094207,0.9431695802213736,-7.238855872496204,0.47174655050346476,1.1626096565886748,9.772335663640746,0.0004733034345826715,-0.002392810656742693,-0.001090830782496456,5.605949542504395,9.54262076040407,-49.375
1773079147.4678347,0.0006816460254094207,0.9431695802213736,-7.238855872496204,0.46996952723449537,1.1644579042381933,9.771554358061843,-0.0007625441920981415,0.0013410257071290814,0.0,6.484280337449476,10.143742640434352,-49.375
1773079147.5012577,0.0006816460254094207,0.9431695802213736,-7.238855872496204,0.46996952723449537,1.1644579042381933,9.771554358061843,-0.0007625441920981415,0.0013410257071290814,0.0,6.484280337449476,10.143742640434352,-49.375
1773079147.5172088,0.0006816460254094207,0.9431695802213736,-7.238855872496204,0.46878693809964683,1.1656878924026686,9.777724631341478,0.00028924075751547,0.0010517849496136115,0.0,6.484280337449476,10.143742640434352,-49.375
1773079147.5311852,0.0006816460254094207,0.9431695802213736,-7.238855872496204,0.4679999382407914,1.166506435786259,9.781830879282607,0.0004733034345826715,-0.002392810656742693,0.0,6.484280337449476,10.143742640434352,-49.375
1773079147.5439641,0.0006816460254094207,0.9431695802213736,-7.238855872496204,0.4679999382407914,1.166506435786259,9.781830879282607,0.0004733034345826715,-0.002392810656742693,0.0,6.484280337449476,10.143742640434352,-49.375
1773079147.5629084,0.0006816460254094207,0.9431695802213736,-7.238855872496204,0.4665892208659031,1.1638257924353348,9.784563541417633,0.0,0.0,0.0,6.122703306040037,10.243176288447172,-49.75
1773079147.6035204,0.0006816460254094207,0.9431695802213736,-7.238855872496204,0.4656504042116606,1.1620418542300432,9.786382097542656,0.0007625441920981415,-0.0013410257071290814,0.0,6.122703306040037,10.243176288447172,-49.75
1773079147.6265814,0.0006816460254094207,0.9431695802213736,-7.238855872496204,0.4656504042116606,1.1620418542300432,9.786382097542656,0.0007625441920981415,-0.0013410257071290814,0.0,6.122703306040037,10.243176288447172,-49.75
1773079147.6592104,0.0006816460254094207,0.9431695802213736,-7.238855872496204,0.46502563221553134,1.160854663282317,9.787592326329257,0.00057848151503094,0.002103569899227223,0.0,5.104261310486932,10.78252858675859,-50.0625
1773079147.6940775,0.0006816460254094207,0.9431695802213736,-7.238855872496204,0.4646098534312678,1.160064600968397,9.785052608360278,-0.00057848151503094,-0.002103569899227223,-0.002181661564992912,5.104261310486932,10.78252858675859,-50.0625
1773079147.726906,0.0006816460254094207,0.9431695802213736,-7.238855872496204,0.46433315729489383,1.1595388233240578,9.786707566129751,0.0016302664646445516,0.001814329141711753,-0.001090830782496456,5.642107103146235,11.088362534054646,-49.75
1773079147.7530172,0.0006816460254094207,0.9431695802213736,-7.238855872496204,0.46433315729489383,1.1595388233240578,9.786707566129751,0.0016302664646445516,0.001814329141711753,-0.001090830782496456,5.642107103146235,11.088362534054646,-49.75
1773079147.795477,0.0006816460254094207,0.9431695802213736,-7.238855872496204,0.4650359968672197,1.1624142990040458,9.784463810330926,-0.0004733034345826715,0.002392810656742693,0.0,5.642107103146235,11.088362534054646,-49.75
1773079147.8308225,0.0006816460254094207,0.9431695802213736,-7.238855872496204,0.4687291035803448,1.1634409181877254,9.786315727618522,-0.0013410257071290814,-0.0007625441920981415,-0.001090830782496456,5.526101180464612,10.666522664076968,-51.25
1773079147.8512552,0.0006816460254094207,0.9431695802213736,-7.238855872496204,0.4687291035803448,1.1634409181877254,9.786315727618522,-0.0013410257071290814,-0.0007625441920981415,-0.001090830782496456,5.526101180464612,10.666522664076968,-51.25
1773079147.9005473,0.0006816460254094207,0.9431695802213736,-7.238855872496204,0.47118682484322444,1.1641241217863765,9.790893269593465,-0.0007625441920981415,0.0013410257071290814,0.002181661564992912,5.104261310486932,10.78252858675859,-49.75
1773079147.950352,0.0006816460254094207,0.9431695802213736,-7.238855872496204,0.4769347634782845,1.1669171832181846,9.793939572643295,0.0010517849496136115,-0.00028924075751547,-0.001090830782496456,5.104261310486932,10.78252858675859,-49.75
1773079147.96624,0.0006816460254094207,0.9431695802213736,-7.238855872496204,0.4766475998420762,1.1664375373317222,9.795966853293523,0.002103569899227223,-0.00057848151503094,0.0,6.851883628965889,10.301932621363296,-51.0
1773079148.027348,0.0006816460254094207,0.9431695802213736,-7.238855872496204,0.4764564956500076,1.166118338352277,9.79731598592004,0.0,0.0,-0.001090830782496456,6.851883628965889,10.301932621363296,-51.0
1773079148.0587034,0.0006816460254094207,0.9431695802213736,-7.238855872496204,0.47310394311598497,1.166792892757327,9.79486870690487,0.0007625441920981415,-0.0013410257071290814,-0.001090830782496456,6.1889924047152505,10.484227642720132,-49.75
1773079148.089708,0.0006816460254094207,0.9431695802213736,-7.238855872496204,0.4699858790948741,1.1640164263496466,9.789894958350851,0.0013410257071290814,0.0007625441920981415,-0.001090830782496456,6.1889924047152505,10.484227642720132,-49.75
1773079148.1294255,0.0006816460254094207,0.9431695802213736,-7.238855872496204,0.4679108423198822,1.1621687189704972,9.786584984248565,-0.00028924075751547,-0.0010517849496136115,0.0,6.006697383358414,9.821336418469492,-50.5625
1773079148.143785,0.0006816460254094207,0.9431695802213736,-7.238855872496204,0.4679108423198822,1.1621687189704972,9.786584984248565,-0.00028924075751547,-0.0010517849496136115,0.0,6.006697383358414,9.821336418469492,-50.5625
1773079148.1584659,0.0006816460254094207,0.9431695802213736,-7.238855872496204,0.4665299285258047,1.1609390903499173,9.781037121751007,0.002392810656742693,0.0004733034345826715,0.001090830782496456,6.006697383358414,9.821336418469492,-50.5625
1773079148.1752844,0.0006816460254094207,0.9431695802213736,-7.238855872496204,0.4665299285258047,1.1609390903499173,9.781037121751007,0.002392810656742693,0.0004733034345826715,0.001090830782496456,6.006697383358414,9.821336418469492,-50.5625
1773079148.2053585,0.0006816460254094207,0.9431695802213736,-7.238855872496204,0.4656109458216639,1.160120786238773,9.777345081232566,-0.0010517849496136115,0.00028924075751547,-0.001090830782496456,6.1889924047152505,10.484227642720132,-49.75
1773079148.2224088,0.0006816460254094207,0.9431695802213736,-7.238855872496204,0.4656109458216639,1.160120786238773,9.777345081232566,-0.0010517849496136115,0.00028924075751547,-0.001090830782496456,6.1889924047152505,10.484227642720132,-49.75
1773079148.2363744,0.0006816460254094207,0.9431695802213736,-7.238855872496204,0.46588635085795205,1.162801588822837,9.77488806951034,-0.00028924075751547,-0.0010517849496136115,0.0,6.1889924047152505,10.484227642720132,-49.75
1773079148.253447,0.0006816460254094207,0.9431695802213736,-7.238855872496204,0.46588635085795205,1.162801588822837,9.77488806951034,-0.00028924075751547,-0.0010517849496136115,0.0,6.1889924047152505,10.484227642720132,-49.75
1773079148.2694607,0.0006816460254094207,0.9431695802213736,-7.238855872496204,0.4628442550041514,1.165472610756189,9.773252955655817,0.0010517849496136115,-0.00028924075751547,0.0,6.1889924047152505,10.484227642720132,-49.75
1773079148.2844362,0.0006816460254094207,0.9431695802213736,-7.238855872496204,0.4608197741958843,1.1672501460155646,9.77216480565105,0.00028924075751547,0.0010517849496136115,0.0,5.343806159107776,10.003631439826329,-49.0
1773079148.299814,0.0006816460254094207,0.9431695802213736,-7.238855872496204,0.4608197741958843,1.1672501460155646,9.77216480565105,0.00028924075751547,0.0010517849496136115,0.0,5.343806159107776,10.003631439826329,-49.0
1773079148.3126242,0.0006816460254094207,0.9431695802213736,-7.238855872496204,0.459472504832915,1.1684330758743093,9.77144065397831,0.0019195072221600217,0.0028661140913253647,0.002181661564992912,5.343806159107776,10.003631439826329,-49.0
1773079148.3280613,0.0006816460254094207,0.9431695802213736,-7.238855872496204,0.46180128695081846,1.168333324720927,9.774303850836725,0.00028924075751547,0.0010517849496136115,-0.001090830782496456,5.343806159107776,10.003631439826329,-49.0
1773079148.3445756,0.0006816460254094207,0.9431695802213736,-7.238855872496204,0.46180128695081846,1.168333324720927,9.774303850836725,0.00028924075751547,0.0010517849496136115,-0.001090830782496456,5.343806159107776,10.003631439826329,-49.0
1773079148.361568,0.0006816460254094207,0.9431695802213736,-7.238855872496204,0.46335106543608245,1.1682669414426445,9.776209276361996,0.0013410257071290814,0.0007625441920981415,-0.001090830782496456,5.887678211874051,10.567089016064148,-49.375
1773079148.380547,0.0006816460254094207,0.9431695802213736,-7.238855872496204,0.4634954479456812,1.1649973892835226,9.777477315764067,0.0019195072221600217,0.0028661140913253647,-0.003272492347489368,5.887678211874051,10.567089016064148,-49.375
1773079148.4160454,0.0006816460254094207,0.9431695802213736,-7.238855872496204,0.46447851065314527,1.1660469136738925,9.778321181821216,0.0007625441920981415,-0.0013410257071290814,-0.001090830782496456,4.2590750648794575,10.301932383864788,-50.0625
1773079148.4502113,0.0006816460254094207,0.9431695802213736,-7.238855872496204,0.46447851065314527,1.1660469136738925,9.778321181821216,0.0007625441920981415,-0.0013410257071290814,-0.001090830782496456,4.2590750648794575,10.301932383864788,-50.0625
1773079148.4826317,0.0006816460254094207,0.9431695802213736,-7.238855872496204,0.4649778283842014,1.1650637180280208,9.775911381050642,-0.00028924075751547,-0.0010517849496136115,-0.001090830782496456,4.2590750648794575,10.301932383864788,-50.0625
1773079148.4987397,0.0006816460254094207,0.9431695802213736,-7.238855872496204,0.4649778283842014,1.1650637180280208,9.775911381050642,-0.00028924075751547,-0.0010517849496136115,-0.001090830782496456,4.2590750648794575,10.301932383864788,-50.0625
1773079148.5113845,0.0006816460254094207,0.9431695802213736,-7.238855872496204,0.46546501827570597,1.1660910547124155,9.77393395805475,0.002682051414258163,0.001525088384196283,0.001090830782496456,6.1889924047152505,10.484227642720132,-50.1875
1773079148.524568,0.0006816460254094207,0.9431695802213736,-7.238855872496204,0.46578923770623454,1.1667747357997773,9.775963116847564,0.00028924075751547,0.0010517849496136115,-0.001090830782496456,6.1889924047152505,10.484227642720132,-50.1875
1773079148.5598032,0.0006816460254094207,0.9431695802213736,-7.238855872496204,0.46578923770623454,1.1667747357997773,9.775963116847564,0.00028924075751547,0.0010517849496136115,-0.001090830782496456,6.1889924047152505,10.484227642720132,-50.1875
1773079148.601717,0.0006816460254094207,0.9431695802213736,-7.238855872496204,0.4724557517734323,1.1654557624058295,9.777313499356993,0.0007625441920981415,-0.0013410257071290814,-0.001090830782496456,5.705383190517215,9.904197791813509,-50.1875
1773079148.632576,0.0006816460254094207,0.9431695802213736,-7.238855872496204,0.47689224241531086,1.1645780003460555,9.784902387246897,-0.00057848151503094,-0.002103569899227223,-0.001090830782496456,5.705383190517215,9.904197791813509,-50.1875
1773079148.6701238,0.0006816460254094207,0.9431695802213736,-7.238855872496204,0.4766193025496586,1.1648808372607051,9.779917372242236,0.00018406267706720146,-0.003444595606356305,0.0,6.006697383358414,9.821336418469492,-50.5625
1773079148.7151308,0.0006816460254094207,0.9431695802213736,-7.238855872496204,0.4723253115288461,1.1627439747757042,9.77994501215022,0.0016302664646445516,0.001814329141711753,-0.001090830782496456,6.006697383358414,9.821336418469492,-50.5625
1773079148.7434125,0.0006816460254094207,0.9431695802213736,-7.238855872496204,0.4726930833004926,1.1604349389020696,9.779963406200226,-0.00028924075751547,-0.0010517849496136115,0.0,5.887678211874051,10.567089016064148,-50.5625
1773079148.7727406,0.0006816460254094207,0.9431695802213736,-7.238855872496204,0.46971245647726884,1.1597852790819712,9.783320758942349,0.00028924075751547,0.0010517849496136115,0.0,5.887678211874051,10.567089016064148,-50.5625
1773079148.796274,0.0006816460254094207,0.9431695802213736,-7.238855872496204,0.46772888262219664,1.1593529377288712,9.785555039688145,0.002103569899227223,-0.00057848151503094,0.0,5.887678211874051,10.567089016064148,-50.5625
1773079148.8302526,0.0006816460254094207,0.9431695802213736,-7.238855872496204,0.46640883637961794,1.1590652193879525,9.787041928565921,0.0,0.0,-0.002181661564992912,5.343806159107776,10.003631439826329,-49.0
1773079148.8580098,0.0006816460254094207,0.9431695802213736,-7.238855872496204,0.46553036035106454,1.1588737460460956,9.788031436504443,0.0,0.0,-0.002181661564992912,5.343806159107776,10.003631439826329,-49.0
1773079148.9267461,0.0006816460254094207,0.9431695802213736,-7.238855872496204,0.4672841414360727,1.1546339700868282,9.785344831276683,0.0007625441920981415,-0.0013410257071290814,0.001090830782496456,5.526101180464612,10.666522664076968,-49.75
1773079148.9585662,0.0006816460254094207,0.9431695802213736,-7.238855872496204,0.46522588832815265,1.1526994243075208,9.773521590386997,0.002103569899227223,-0.00057848151503094,0.002181661564992912,5.526101180464612,10.666522664076968,-49.75
1773079148.9881356,0.0006816460254094207,0.9431695802213736,-7.238855872496204,0.46522588832815265,1.1526994243075208,9.773521590386997,0.002103569899227223,-0.00057848151503094,0.002181661564992912,5.526101180464612,10.666522664076968,-49.75
1773079149.0461338,0.0006816460254094207,0.9431695802213736,-7.238855872496204,0.46385614387702556,1.1514120057016841,9.765653355649166,-0.00057848151503094,-0.002103569899227223,-0.001090830782496456,6.790114284745533,9.60589684777505,-50.1875
1773079149.068893,0.0006816460254094207,0.9431695802213736,-7.238855872496204,0.463831572006033,1.1537806178298826,9.7637622450324,0.00028924075751547,0.0010517849496136115,0.002181661564992912,6.790114284745533,9.60589684777505,-50.1875
1773079149.1173372,0.0006816460254094207,0.9431695802213736,-7.238855872496204,0.46615361676916345,1.1512445501529083,9.762503732042031,-0.0013410257071290814,-0.0007625441920981415,0.001090830782496456,5.887678211874051,10.567089016064148,-49.75
1773079149.171085,0.0006816460254094207,0.9431695802213736,-7.238855872496204,0.46615361676916345,1.1512445501529083,9.762503732042031,-0.0013410257071290814,-0.0007625441920981415,0.001090830782496456,5.887678211874051,10.567089016064148,-49.75
1773079149.295134,0.0006816460254094207,0.9431695802213736,-7.238855872496204,0.4734299144616734,1.1529185114903746,9.757763729576922,0.0,0.0,0.001090830782496456,6.1889924047152505,10.484227642720132,-49.375
1773079149.3268964,-0.015079805795151165,1.0620540686684476,-8.123990735280541,0.4766535590420406,1.1530092250831148,9.761856898721538,0.0,0.0,0.0,6.1889924047152505,10.484227642720132,-49.375
1773079149.3749573,0.0006816460254094207,0.9431695802213736,-7.238855872496204,0.47879885849980547,1.1530695939657463,9.764580857063585,0.0018143291417117532,-0.0016302664646445516,0.001090830782496456,5.887678211874051,10.567089016064148,-49.375
1773079149.4410205,0.0006816460254094207,0.9431695802213736,-7.238855872496204,0.4802265313243829,1.153109768782773,9.76639362091161,0.0016302664646445516,0.001814329141711753,-0.001090830782496456,5.887678211874051,10.567089016064148,-49.375
1773079149.479745,0.0006816460254094207,0.9431695802213736,-7.238855872496204,0.4802265313243829,1.153109768782773,9.76639362091161,0.0016302664646445516,0.001814329141711753,-0.001090830782496456,5.887678211874051,10.567089016064148,-49.375
1773079149.5169268,0.0006816460254094207,0.9431695802213736,-7.238855872496204,0.47795125681201406,1.1540234824349065,9.76759999500257,-0.00028924075751547,-0.0010517849496136115,0.001090830782496456,6.122703306040037,10.243176288447172,-50.0625
1773079149.5538075,0.0006816460254094207,0.9431695802213736,-7.238855872496204,0.47643708704051424,1.154631548663551,9.775093046898661,0.002392810656742693,0.0004733034345826715,0.001090830782496456,6.122703306040037,10.243176288447172,-50.0625
1773079149.5833626,0.0006816460254094207,0.9431695802213736,-7.238855872496204,0.4722040491429911,1.1559231877063536,9.780079589232637,-0.00018406267706720146,0.003444595606356305,0.0,5.887678211874051,10.567089016064148,-50.0625
1773079149.6165242,0.0006816460254094207,0.9431695802213736,-7.238855872496204,0.46938700970832103,1.156782759060785,9.780052965745249,0.0004733034345826715,-0.002392810656742693,-0.001090830782496456,5.887678211874051,10.567089016064148,-50.0625
1773079149.643248,0.0006816460254094207,0.9431695802213736,-7.238855872496204,0.4707376762619152,1.1564678164349338,9.776690136404477,0.00028924075751547,0.0010517849496136115,-0.002181661564992912,6.666575358806313,10.80663386468499,-49.75
1773079149.7329938,0.0006816460254094207,0.9431695802213736,-7.238855872496204,0.4716365297653981,1.1562582256355693,9.76776198762882,0.0010517849496136115,-0.00028924075751547,0.0,6.666575358806313,10.80663386468499,-49.75
1773079149.7622588,0.0006816460254094207,0.9431695802213736,-7.238855872496204,0.4722347067311144,1.156118745299875,9.755130180937938,0.00028924075751547,0.0010517849496136115,0.001090830782496456,5.244372511094956,9.64205440841689,-50.5625
1773079149.8054733,0.0006816460254094207,0.9431695802213736,-7.238855872496204,0.4735197645799085,1.1592512975235423,9.75341407810632,-0.0016302664646445516,-0.001814329141711753,-0.001090830782496456,5.244372511094956,9.64205440841689,-50.5625
1773079149.8387673,0.0006816460254094207,0.9431695802213736,-7.238855872496204,0.4735197645799085,1.1592512975235423,9.75341407810632,-0.0016302664646445516,-0.001814329141711753,-0.001090830782496456,5.244372511094956,9.64205440841689,-50.5625
1773079149.8683329,0.0006816460254094207,0.9431695802213736,-7.238855872496204,0.47760033105221894,1.1604489982753075,9.762307365963963,0.0013410257071290814,0.0007625441920981415,0.002181661564992912,5.705383190517215,9.904197791813509,-50.5625
1773079149.895803,0.0006816460254094207,0.9431695802213736,-7.238855872496204,0.4794289246964428,1.1580206799174384,9.768225749688689,0.0016302664646445516,0.001814329141711753,0.0,5.705383190517215,9.904197791813509,-50.5625
1773079149.9096737,0.0006816460254094207,0.9431695802213736,-7.238855872496204,0.4794289246964428,1.1580206799174384,9.768225749688689,0.0016302664646445516,0.001814329141711753,0.0,5.705383190517215,9.904197791813509,-50.5625
1773079149.9375405,0.0006816460254094207,0.9431695802213736,-7.238855872496204,0.4774204585109698,1.1572916389365546,9.768819256237498,-0.00057848151503094,-0.002103569899227223,0.0,5.821389113198838,10.326037661791188,-49.75
1773079149.9512553,0.0006816460254094207,0.9431695802213736,-7.238855872496204,0.4705200748028099,1.161805800657041,9.769214228215827,0.0,0.0,-0.001090830782496456,5.821389113198838,10.326037661791188,-49.75
1773079149.9678373,0.0006816460254094207,0.9431695802213736,-7.238855872496204,0.4705200748028099,1.161805800657041,9.769214228215827,0.0,0.0,-0.001090830782496456,5.821389113198838,10.326037661791188,-49.75
1773079149.994463,0.0006816460254094207,0.9431695802213736,-7.238855872496204,0.4659279465273662,1.1648099248555344,9.769477077655278,0.0010517849496136115,-0.00028924075751547,-0.001090830782496456,5.821389113198838,10.326037661791188,-49.75
1773079150.0117397,0.0006816460254094207,0.9431695802213736,-7.238855872496204,0.46609731128646703,1.1659221581911812,9.769652001021013,0.00028924075751547,0.0010517849496136115,-0.001090830782496456,5.907263735345595,9.459759387060053,-50.5625
1773079150.0280502,0.0006816460254094207,0.9431695802213736,-7.238855872496204,0.46609731128646703,1.1659221581911812,9.769652001021013,0.00028924075751547,0.0010517849496136115,-0.001090830782496456,5.907263735345595,9.459759387060053,-50.5625
1773079150.0458992,0.0006816460254094207,0.9431695802213736,-7.238855872496204,0.4662100216417203,1.1666623370515936,9.769768410566888,0.0013410257071290814,0.0007625441920981415,0.001090830782496456,5.907263735345595,9.459759387060053,-50.5625
1773079150.0606596,0.0006816460254094207,0.9431695802213736,-7.238855872496204,0.46628502912408426,1.1671549178148586,9.769845879819288,0.0010517849496136115,-0.00028924075751547,-0.002181661564992912,5.907263735345595,9.459759387060053,-50.5625
1773079150.088406,0.0006816460254094207,0.9431695802213736,-7.238855872496204,0.46628502912408426,1.1671549178148586,9.769845879819288,0.0010517849496136115,-0.00028924075751547,-0.002181661564992912,5.907263735345595,9.459759387060053,-50.5625
1773079150.104937,0.0006816460254094207,0.9431695802213736,-7.238855872496204,0.4654479680055245,1.1642573499813489,9.76989743474137,-0.00028924075751547,-0.0010517849496136115,-0.002181661564992912,5.128366588413333,9.22021453843921,-50.0625
1773079150.1230123,0.0006816460254094207,0.9431695802213736,-7.238855872496204,0.4654479680055245,1.1642573499813489,9.76989743474137,-0.00028924075751547,-0.0010517849496136115,-0.002181661564992912,5.128366588413333,9.22021453843921,-50.0625
1773079150.140596,0.0006816460254094207,0.9431695802213736,-7.238855872496204,0.46811628801068306,1.1614420731959176,9.769931743966112,0.002392810656742693,0.0004733034345826715,0.0,5.128366588413333,9.22021453843921,-50.0625
1773079150.167483,0.0006816460254094207,0.9431695802213736,-7.238855872496204,0.46989202516702855,1.1595685379439151,9.763264352957279,0.0010517849496136115,-0.00028924075751547,0.0,5.128366588413333,9.22021453843921,-50.0625
1773079150.1975696,0.0006816460254094207,0.9431695802213736,-7.238855872496204,0.47107375840829274,1.1583217211624677,9.768862613842495,0.0010517849496136115,-0.00028924075751547,-0.001090830782496456,7.213460660375329,10.202498973350476,-50.0625
1773079150.21419,0.0006816460254094207,0.9431695802213736,-7.238855872496204,0.47107375840829274,1.1583217211624677,9.768862613842495,0.0010517849496136115,-0.00028924075751547,-0.001090830782496456,7.213460660375329,10.202498973350476,-50.0625
1773079150.2414272,0.0006816460254094207,0.9431695802213736,-7.238855872496204,0.4718601886795288,1.1574919785222704,9.772588193924935,0.0010517849496136115,-0.00028924075751547,0.001090830782496456,7.213460660375329,10.202498973350476,-50.0625
1773079150.2598765,0.0006816460254094207,0.9431695802213736,-7.238855872496204,0.4700451521712444,1.1610521466532107,9.775067525852343,0.00057848151503094,0.002103569899227223,0.001090830782496456,7.213460660375329,10.202498973350476,-50.0625
1773079150.286721,0.0006816460254094207,0.9431695802213736,-7.238855872496204,0.472062640479242,1.1625344210144832,9.77671749355408,0.0004733034345826715,-0.002392810656742693,0.001090830782496456,5.459812081789399,10.425471309804008,-49.375
1773079150.30634,0.0006816460254094207,0.9431695802213736,-7.238855872496204,0.4734052564113934,1.1635208580438205,9.77781552862824,-0.0013410257071290814,-0.0007625441920981415,-0.001090830782496456,5.459812081789399,10.425471309804008,-49.375
1773079150.3212483,0.0006816460254094207,0.9431695802213736,-7.238855872496204,0.4734052564113934,1.1635208580438205,9.77781552862824,-0.0013410257071290814,-0.0007625441920981415,-0.001090830782496456,5.459812081789399,10.425471309804008,-49.375
1773079150.33908,0.0006816460254094207,0.9431695802213736,-7.238855872496204,0.4742987523162375,1.1641773208676212,9.778546258704237,-0.00028924075751547,-0.0010517849496136115,0.0,5.459812081789399,10.425471309804008,-49.375
1773079150.3559349,0.0006816460254094207,0.9431695802213736,-7.238855872496204,0.4716679890309334,1.1655011673038747,9.782377663114344,0.0,0.0,0.0,5.887678211874051,10.567089016064148,-49.75
1773079150.373176,0.0006816460254094207,0.9431695802213736,-7.238855872496204,0.4716679890309334,1.1655011673038747,9.782377663114344,0.0,0.0,0.0,5.887678211874051,10.567089016064148,-49.75
1773079150.3995593,0.0006816460254094207,0.9431695802213736,-7.238855872496204,0.46903026769193046,1.1631567974898929,9.784927419949678,-0.0010517849496136115,0.00028924075751547,-0.001090830782496456,5.887678211874051,10.567089016064148,-49.75
1773079150.4325016,0.0006816460254094207,0.9431695802213736,-7.238855872496204,0.46903026769193046,1.1631567974898929,9.784927419949678,-0.0010517849496136115,0.00028924075751547,-0.001090830782496456,5.887678211874051,10.567089016064148,-49.75
1773079150.4473956,0.0006816460254094207,0.9431695802213736,-7.238855872496204,0.4705002684350767,1.1607096678068303,9.779934031226304,0.0013410257071290814,0.0007625441920981415,0.001090830782496456,6.368274414767853,9.721902770456673,-50.1875
1773079150.46879,0.0006816460254094207,0.9431695802213736,-7.238855872496204,0.47147853750865626,1.1590811303389819,9.776610986810706,0.0004733034345826715,-0.002392810656742693,0.0,6.368274414767853,9.721902770456673,-50.1875
1773079150.4925632,0.0006816460254094207,0.9431695802213736,-7.238855872496204,0.4721295646491419,1.1579973568460844,9.774399537872963,-0.0004733034345826715,0.002392810656742693,0.0,6.368274414767853,9.721902770456673,-50.1875
1773079150.5213327,0.0006816460254094207,0.9431695802213736,-7.238855872496204,0.47256281593868543,1.1572761176931041,9.776272955015719,0.0016302664646445516,0.001814329141711753,0.0,5.605949542504395,9.54262076040407,-49.0
1773079150.5355816,0.0006816460254094207,0.9431695802213736,-7.238855872496204,0.47256281593868543,1.1572761176931041,9.776272955015719,0.0016302664646445516,0.001814329141711753,0.0,5.605949542504395,9.54262076040407,-49.0
1773079150.553986,0.0006816460254094207,0.9431695802213736,-7.238855872496204,0.47285113983214255,1.156796141093565,9.777519693196782,-0.00028924075751547,-0.0010517849496136115,0.0,5.605949542504395,9.54262076040407,-49.0
1773079150.5994058,0.0006816460254094207,0.9431695802213736,-7.238855872496204,0.4739299939226338,1.1597020968572362,9.778349383529301,0.0,0.0,0.0,5.605949542504395,9.54262076040407,-49.0
1773079150.6417694,0.0006816460254094207,0.9431695802213736,-7.238855872496204,0.47464795926826586,1.1616359779563066,9.775556421470025,-0.0013410257071290814,-0.0007625441920981415,-0.002181661564992912,6.006697383358414,9.821336418469492,-49.375
1773079150.6730642,0.0006816460254094207,0.9431695802213736,-7.238855872496204,0.47512575718558564,1.1629229542248707,9.777042848126326,-0.0013410257071290814,-0.0007625441920981415,0.002181661564992912,6.006697383358414,9.821336418469492,-49.375
1773079150.6936681,0.0006816460254094207,0.9431695802213736,-7.238855872496204,0.47455674860202507,1.1605540477261584,9.77803204846162,-0.0007625441920981415,0.0013410257071290814,0.001090830782496456,6.570154959596233,9.277464365703217,-50.5625
1773079150.7097068,0.0006816460254094207,0.9431695802213736,-7.238855872496204,0.47595203526627666,1.1654283165716344,9.778690350234667,-0.0013410257071290814,-0.0007625441920981415,0.0,6.570154959596233,9.277464365703217,-50.5625
1773079150.7281704,0.0006816460254094207,0.9431695802213736,-7.238855872496204,0.47595203526627666,1.1654283165716344,9.778690350234667,-0.0013410257071290814,-0.0007625441920981415,0.0,6.570154959596233,9.277464365703217,-50.5625
1773079150.7491136,0.0006816460254094207,0.9431695802213736,-7.238855872496204,0.47599360519477835,1.1654467132101731,9.779128442710917,-0.00057848151503094,-0.002103569899227223,0.0,6.570154959596233,9.277464365703217,-50.5625
1773079150.7772388,0.0006816460254094207,0.9431695802213736,-7.238855872496204,0.47602126951782975,1.1654589559676167,9.776074876652729,-0.0019195072221600217,-0.0028661140913253647,-0.002181661564992912,5.343806159107776,10.003631439826329,-50.5625
1773079150.816744,0.0006816460254094207,0.9431695802213736,-7.238855872496204,0.47515270205560534,1.1622417285569604,9.774042762551572,0.0,0.0,-0.001090830782496456,5.343806159107776,10.003631439826329,-50.5625
1773079150.8569338,0.0006816460254094207,0.9431695802213736,-7.238855872496204,0.47457468011202925,1.1601006996539536,9.772690413317454,0.00028924075751547,0.0010517849496136115,0.001090830782496456,5.343806159107776,10.003631439826329,-50.5625
1773079150.8887124,0.0006816460254094207,0.9431695802213736,-7.238855872496204,0.4741900129655075,1.1586758688358623,9.775135551716199,-0.00028924075751547,-0.0010517849496136115,-0.002181661564992912,7.050750924991529,11.025086684182174,-48.5625
1773079150.9098394,0.0006816460254094207,0.9431695802213736,-7.238855872496204,0.4771593961054856,1.1568406820826413,9.776762764006579,-0.0013410257071290814,-0.0007625441920981415,-0.001090830782496456,7.050750924991529,11.025086684182174,-48.5625
1773079150.9349427,0.0006816460254094207,0.9431695802213736,-7.238855872496204,0.4771593961054856,1.1568406820826413,9.776762764006579,-0.0013410257071290814,-0.0007625441920981415,-0.001090830782496456,7.050750924991529,11.025086684182174,-48.5625
1773079150.9814749,0.0006816460254094207,0.9431695802213736,-7.238855872496204,0.47913548741495793,1.1556193857987522,9.774500543901354,-0.00086772227254641,-0.003155354848840835,-0.002181661564992912,5.821389113198838,10.326037661791188,-50.5625
1773079151.0115323,0.0006816460254094207,0.9431695802213736,-7.238855872496204,0.4772251792780508,1.1556936045247819,9.772995061691981,-0.0010517849496136115,0.00028924075751547,-0.004363323129985824,5.821389113198838,10.326037661791188,-50.5625
1773079151.043891,0.0006816460254094207,0.9431695802213736,-7.238855872496204,0.47272851572350455,1.1566299740180614,9.771993180098981,0.0,0.0,0.001090830782496456,6.967889551647512,10.723772491340974,-50.5625
1773079151.0765133,0.0006816460254094207,0.9431695802213736,-7.238855872496204,0.4729614111879518,1.1563661396957219,9.771326439090592,-0.002971292171773633,-0.0025768733338098946,-0.002181661564992912,6.967889551647512,10.723772491340974,-50.5625
1773079151.1152701,0.0006816460254094207,0.9431695802213736,-7.238855872496204,0.4740033782781132,1.1594159357304021,9.774227842104812,0.0,0.0,0.001090830782496456,6.967889551647512,10.723772491340974,-50.5625
1773079151.1377292,0.0006816460254094207,0.9431695802213736,-7.238855872496204,0.47792217056605507,1.1605585631628432,9.7795038051073,-0.00028924075751547,-0.0010517849496136115,-0.001090830782496456,4.921966289130096,10.119637362507952,-50.0625
1773079151.1613255,0.0006816460254094207,0.9431695802213736,-7.238855872496204,0.4805300830579023,1.1613189689551482,9.779669787841769,0.00057848151503094,0.002103569899227223,0.002181661564992912,4.921966289130096,10.119637362507952,-50.0625
1773079151.2082753,0.0006816460254094207,0.9431695802213736,-7.238855872496204,0.4805300830579023,1.1613189689551482,9.779669787841769,0.00057848151503094,0.002103569899227223,0.002181661564992912,4.921966289130096,10.119637362507952,-50.0625
1773079151.2472525,0.0006816460254094207,0.9431695802213736,-7.238855872496204,0.4781532670997762,1.1594866134468478,9.779780247497408,-0.0018143291417117532,0.0016302664646445516,0.002181661564992912,4.159641416866638,9.940355352455349,-50.1875
1773079151.2800794,0.0006816460254094207,0.9431695802213736,-7.238855872496204,0.47657152263041724,1.1582672013248259,9.779853757164322,0.00028924075751547,0.0010517849496136115,0.0,4.159641416866638,9.940355352455349,-50.1875
1773079151.3046615,0.0006816460254094207,0.9431695802213736,-7.238855872496204,0.47657152263041724,1.1582672013248259,9.779853757164322,0.00028924075751547,0.0010517849496136115,0.0,4.159641416866638,9.940355352455349,-50.1875
1773079151.3334923,0.0006816460254094207,0.9431695802213736,-7.238855872496204,0.47551888935530223,1.1574556961793463,9.779902677026495,0.002392810656742693,0.0004733034345826715,0.001090830782496456,6.484280337449476,10.143742640434352,-50.5625
1773079151.35007,0.0006816460254094207,0.9431695802213736,-7.238855872496204,0.4715929988404227,1.1578026263303205,9.7799352326483,-0.00028924075751547,-0.0010517849496136115,0.0,6.484280337449476,10.143742640434352,-50.5625
1773079151.3808525,0.0006816460254094207,0.9431695802213736,-7.238855872496204,0.4722057373868156,1.1571465267101457,9.776611786343624,0.00057848151503094,0.002103569899227223,0.0,5.705383190517215,9.904197791813509,-49.75
1773079151.4010108,0.0006816460254094207,0.9431695802213736,-7.238855872496204,0.4722057373868156,1.1571465267101457,9.776611786343624,0.00057848151503094,0.002103569899227223,0.0,5.705383190517215,9.904197791813509,-49.75
1773079151.4170105,0.0006816460254094207,0.9431695802213736,-7.238855872496204,0.47261350804470204,1.1567098997420322,9.774400069953188,0.00028924075751547,0.0010517849496136115,0.002181661564992912,5.705383190517215,9.904197791813509,-49.75
1773079151.4311182,0.0006816460254094207,0.9431695802213736,-7.238855872496204,0.47288487486242875,1.1564193293721956,9.772928197401844,0.0,0.0,0.001090830782496456,5.705383190517215,9.904197791813509,-49.75
1773079151.4509869,0.0006816460254094207,0.9431695802213736,-7.238855872496204,0.47288487486242875,1.1564193293721956,9.772928197401844,0.0,0.0,0.001090830782496456,5.705383190517215,9.904197791813509,-49.75
1773079151.4812138,0.0006816460254094207,0.9431695802213736,-7.238855872496204,0.47306546644825986,1.1562259580369532,9.76525845924618,0.002103569899227223,-0.00057848151503094,0.0,6.122703306040037,10.243176288447172,-49.75
1773079151.516742,0.0006816460254094207,0.9431695802213736,-7.238855872496204,0.46996027330231566,1.156984249333633,9.766844557594814,0.00028924075751547,0.0010517849496136115,0.002181661564992912,6.122703306040037,10.243176288447172,-49.75
1773079151.5425925,0.0006816460254094207,0.9431695802213736,-7.238855872496204,0.47434455160891936,1.155714928200536,9.76790008832795,0.0013410257071290814,0.0007625441920981415,0.001090830782496456,6.55056943612469,10.384793994707312,-50.5625
1773079151.562486,0.0006816460254094207,0.9431695802213736,-7.238855872496204,0.47434455160891936,1.155714928200536,9.76790008832795,0.0013410257071290814,0.0007625441920981415,0.001090830782496456,6.55056943612469,10.384793994707312,-50.5625
1773079151.5868971,0.0006816460254094207,0.9431695802213736,-7.238855872496204,0.47081149018841706,1.1566441646860746,9.768602532239802,-0.00028924075751547,-0.0010517849496136115,0.001090830782496456,6.55056943612469,10.384793994707312,-50.5625
1773079151.6043844,0.0006816460254094207,0.9431695802213736,-7.238855872496204,0.46523490245098015,1.1581495389471332,9.775760224230964,0.0,0.0,-0.001090830782496456,6.55056943612469,10.384793994707312,-50.5625
1773079151.622381,0.0006816460254094207,0.9431695802213736,-7.238855872496204,0.46241072336646705,1.16237672353071,9.773833364879787,-0.00028924075751547,-0.0010517849496136115,-0.001090830782496456,5.343806159107776,10.003631439826329,-50.0625
1773079151.6411319,0.0006816460254094207,0.9431695802213736,-7.238855872496204,0.4596442859736866,1.1619644928213602,9.772551061506006,-0.0010517849496136115,0.00028924075751547,0.0,5.343806159107776,10.003631439826329,-50.0625
1773079151.6666033,0.0006816460254094207,0.9431695802213736,-7.238855872496204,0.4596442859736866,1.1619644928213602,9.772551061506006,-0.0010517849496136115,0.00028924075751547,0.0,5.343806159107776,10.003631439826329,-50.0625
1773079151.7062175,0.0006816460254094207,0.9431695802213736,-7.238855872496204,0.4724787076281894,1.164592996506418,9.771697702935022,0.00028924075751547,0.0010517849496136115,-0.001090830782496456,5.343806159107776,10.003631439826329,-50.0625
1773079151.7411137,0.0006816460254094207,0.9431695802213736,-7.238855872496204,0.4704567696222686,1.1657777947980925,9.784510249167951,-0.0018143291417117532,0.0016302664646445516,-0.001090830782496456,5.642107103146235,11.088362534054646,-50.0625
1773079151.8029888,0.0006816460254094207,0.9431695802213736,-7.238855872496204,0.4691111924658558,1.1665662648261381,9.793036855560445,0.0,0.0,0.002181661564992912,5.642107103146235,11.088362534054646,-50.0625
1773079151.8346198,0.0006816460254094207,0.9431695802213736,-7.238855872496204,0.4649903510703702,1.1679779605821994,9.792020993451576,0.00057848151503094,0.002103569899227223,0.001090830782496456,5.489943619822772,9.12078089042639,-50.5625
1773079151.8626816,0.0006816460254094207,0.9431695802213736,-7.238855872496204,0.4613609993943046,1.1656920535092086,9.784654725151409,0.0,0.0,-0.002181661564992912,5.489943619822772,9.12078089042639,-50.5625
1773079151.9008226,0.0006816460254094207,0.9431695802213736,-7.238855872496204,0.45894570639639765,1.1641708078873882,9.786442779298895,0.0010517849496136115,-0.00028924075751547,-0.002181661564992912,5.821389113198838,10.326037661791188,-51.0
1773079151.9161108,0.0006816460254094207,0.9431695802213736,-7.238855872496204,0.45894570639639765,1.1641708078873882,9.786442779298895,0.0010517849496136115,-0.00028924075751547,-0.002181661564992912,5.821389113198838,10.326037661791188,-51.0
1773079151.9318118,0.0006816460254094207,0.9431695802213736,-7.238855872496204,0.4637891055448306,1.1613844803991251,9.780942485945534,-0.0004733034345826715,0.002392810656742693,0.002181661564992912,5.821389113198838,10.326037661791188,-51.0
1773079151.9490411,0.0006816460254094207,0.9431695802213736,-7.238855872496204,0.4670123335737991,1.1595302105810037,9.783972325575816,0.00028924075751547,0.0010517849496136115,0.001090830782496456,5.821389113198838,10.326037661791188,-51.0
1773079151.966871,0.0006816460254094207,0.9431695802213736,-7.238855872496204,0.4670123335737991,1.1595302105810037,9.783972325575816,0.00028924075751547,0.0010517849496136115,0.001090830782496456,5.821389113198838,10.326037661791188,-51.0
1773079151.9877386,0.0006816460254094207,0.9431695802213736,-7.238855872496204,0.4659319809922867,1.1591831924907792,9.779298426589602,0.00057848151503094,0.002103569899227223,0.0,5.821389113198838,10.326037661791188,-49.75
1773079152.0010073,0.0006816460254094207,0.9431695802213736,-7.238855872496204,0.4659319809922867,1.1591831924907792,9.779298426589602,0.00057848151503094,0.002103569899227223,0.0,5.821389113198838,10.326037661791188,-49.75
1773079152.019192,164.58559875531978,-6.2036700423405335,-0.2588416520910085,0.4652130184176193,1.1589522558281806,9.779533110732467,0.00057848151503094,0.002103569899227223,0.001090830782496456,5.821389113198838,10.326037661791188,-49.75
1773079152.0428627,0.0006816460254094207,0.9431695802213736,-7.238855872496204,0.4615091820265417,1.1596855478191375,9.779689290407951,0.0010517849496136115,-0.00028924075751547,0.0,5.821389113198838,10.326037661791188,-49.75
1773079152.0741725,0.0006816460254094207,0.9431695802213736,-7.238855872496204,0.4615091820265417,1.1596855478191375,9.779689290407951,0.0010517849496136115,-0.00028924075751547,0.0,5.821389113198838,10.326037661791188,-49.75
1773079152.0983942,0.0006816460254094207,0.9431695802213736,-7.238855872496204,0.4654950699407923,1.1583995899273423,9.779793226237345,-0.002682051414258163,-0.001525088384196283,0.001090830782496456,5.821389113198838,10.326037661791188,-49.375
1773079152.1274693,0.0006816460254094207,0.9431695802213736,-7.238855872496204,0.46580923675365044,1.1616561519046025,9.783207506078087,-0.00028924075751547,-0.0010517849496136115,0.001090830782496456,5.821389113198838,10.326037661791188,-49.375
1773079152.1547034,0.0006816460254094207,0.9431695802213736,-7.238855872496204,0.46580923675365044,1.1616561519046025,9.783207506078087,-0.00028924075751547,-0.0010517849496136115,0.001090830782496456,5.821389113198838,10.326037661791188,-49.375
1773079152.1776276,0.0006816460254094207,0.9431695802213736,-7.238855872496204,0.469243686087109,1.1629363797621037,9.782134559464776,0.0,0.0,0.0,5.244372511094956,9.64205440841689,-50.5625
1773079152.212651,0.0006816460254094207,0.9431695802213736,-7.238855872496204,0.469243686087109,1.1629363797621037,9.782134559464776,0.0,0.0,0.0,5.244372511094956,9.64205440841689,-50.5625
1773079152.2299676,0.0006816460254094207,0.9431695802213736,-7.238855872496204,0.46830389892423807,1.1646753348603731,9.781420525479216,0.001525088384196283,-0.002682051414258163,0.001090830782496456,5.244372511094956,9.64205440841689,-50.5625
1773079152.2457004,0.0006816460254094207,0.9431695802213736,-7.238855872496204,0.4741292307234073,1.1640586345325012,9.780945343838109,-0.0010517849496136115,0.00028924075751547,0.0,5.244372511094956,9.64205440841689,-50.5625
1773079152.2769182,0.0006816460254094207,0.9431695802213736,-7.238855872496204,0.4741292307234073,1.1640586345325012,9.780945343838109,-0.0010517849496136115,0.00028924075751547,0.0,5.244372511094956,9.64205440841689,-50.5625
1773079152.3014097,0.0006816460254094207,0.9431695802213736,-7.238855872496204,0.47478054913355977,1.164535205113481,9.780629115764079,-0.00115696303006188,-0.004207139798454446,0.0,5.907263735345595,9.459759387060053,-50.0625
1773079152.3220334,0.0006816460254094207,0.9431695802213736,-7.238855872496204,0.4752139942598129,1.1648523575114809,9.78041866951331,0.0,0.0,0.001090830782496456,5.907263735345595,9.459759387060053,-50.0625
1773079152.3404887,0.0006816460254094207,0.9431695802213736,-7.238855872496204,0.4713900945602759,1.162725021820735,9.780278619884262,0.0007625441920981415,-0.0013410257071290814,-0.001090830782496456,5.907263735345595,9.459759387060053,-50.0625
1773079152.3600864,0.0006816460254094207,0.9431695802213736,-7.238855872496204,0.4713900945602759,1.162725021820735,9.780278619884262,0.0007625441920981415,-0.0013410257071290814,-0.001090830782496456,5.907263735345595,9.459759387060053,-50.0625
1773079152.3862362,0.0006816460254094207,0.9431695802213736,-7.238855872496204,0.46884533202599254,1.1613093036824402,9.776840306713268,0.0013410257071290814,0.0007625441920981415,0.001090830782496456,6.1889924047152505,10.484227642720132,-50.0625
1773079152.410925,0.0006816460254094207,0.9431695802213736,-7.238855872496204,0.46715182098628705,1.1603671590760132,9.771207035999128,-0.00028924075751547,-0.0010517849496136115,0.0,6.1889924047152505,10.484227642720132,-50.0625
1773079152.4390728,0.0006816460254094207,0.9431695802213736,-7.238855872496204,0.4692501831360957,1.1588531946046963,9.767458157266624,0.00028924075751547,0.0010517849496136115,0.0,6.1889924047152505,10.484227642720132,-50.0625
1773079152.4583304,0.0006816460254094207,0.9431695802213736,-7.238855872496204,0.4692501831360957,1.1588531946046963,9.767458157266624,0.00028924075751547,0.0010517849496136115,0.0,6.1889924047152505,10.484227642720132,-50.0625
1773079152.4778292,0.0006816460254094207,0.9431695802213736,-7.238855872496204,0.4706466197065522,1.1578456681611262,9.768308432055182,-0.00028924075751547,-0.0010517849496136115,0.0,5.244372511094956,9.64205440841689,-49.75
1773079152.4979486,0.0006816460254094207,0.9431695802213736,-7.238855872496204,0.4683505578159977,1.1580621483279225,9.768874280428776,0.0,0.0,-0.001090830782496456,5.244372511094956,9.64205440841689,-49.75
1773079152.511653,0.0006816460254094207,0.9431695802213736,-7.238855872496204,0.46770953203671,1.1614315882896582,9.769250846200462,0.0010517849496136115,-0.00028924075751547,0.001090830782496456,5.244372511094956,9.64205440841689,-49.75
1773079152.5245295,0.0006816460254094207,0.9431695802213736,-7.238855872496204,0.46770953203671,1.1614315882896582,9.769250846200462,0.0010517849496136115,-0.00028924075751547,0.001090830782496456,5.244372511094956,9.64205440841689,-49.75
1773079152.5392134,0.0006816460254094207,0.9431695802213736,-7.238855872496204,0.4672829365413212,1.1636739129450828,9.769501446515005,0.0007625441920981415,-0.0013410257071290814,0.0,5.343806159107776,10.003631439826329,-49.75
1773079152.5567822,0.0006816460254094207,0.9431695802213736,-7.238855872496204,0.46699904200452386,1.1651661549548602,9.773013329932262,0.0013410257071290814,0.0007625441920981415,0.002181661564992912,5.343806159107776,10.003631439826329,-49.75
1773079152.6089725,0.0006816460254094207,0.9431695802213736,-7.238855872496204,0.4700354881905697,1.165272247582747,9.785385784238096,0.0010517849496136115,-0.00028924075751547,0.0,5.343806159107776,10.003631439826329,-49.0
1773079152.6371007,0.0006816460254094207,0.9431695802213736,-7.238855872496204,0.4729431869682412,1.1685682258704482,9.7835841792473,0.00057848151503094,0.002103569899227223,0.001090830782496456,5.343806159107776,10.003631439826329,-49.0
1773079152.6565497,0.0006816460254094207,0.9431695802213736,-7.238855872496204,0.47165285319468336,1.1716486403626079,9.782385231251173,0.0016302664646445516,0.001814329141711753,-0.001090830782496456,5.343806159107776,10.003631439826329,-49.0
1773079152.690873,0.0006816460254094207,0.9431695802213736,-7.238855872496204,0.4707941504823533,1.1736986217966554,9.781587344752877,0.0007625441920981415,-0.0013410257071290814,0.001090830782496456,6.006697383358414,9.821336418469492,-50.5625
1773079152.7230535,0.0006816460254094207,0.9431695802213736,-7.238855872496204,0.4725610904884257,1.170950508952062,9.781056360201237,0.0010517849496136115,-0.00028924075751547,-0.001090830782496456,6.006697383358414,9.821336418469492,-50.5625
1773079152.745765,0.0006816460254094207,0.9431695802213736,-7.238855872496204,0.4725610904884257,1.170950508952062,9.781056360201237,0.0010517849496136115,-0.00028924075751547,-0.001090830782496456,6.006697383358414,9.821336418469492,-50.5625
1773079152.762914,0.0006816460254094207,0.9431695802213736,-7.238855872496204,0.4737369693244537,1.169121670552417,9.780702995913607,-0.0013410257071290814,-0.0007625441920981415,0.0,6.006697383358414,9.821336418469492,-50.5625
1773079152.7844028,0.0006816460254094207,0.9431695802213736,-7.238855872496204,0.470407150965244,1.1655662019581265,9.780467835927526,0.0013410257071290814,0.0007625441920981415,0.0,5.343806159107776,10.003631439826329,-49.0
1773079152.803791,0.0006816460254094207,0.9431695802213736,-7.238855872496204,0.470407150965244,1.1655662019581265,9.780467835927526,0.0013410257071290814,0.0007625441920981415,0.0,5.343806159107776,10.003631439826329,-49.0
1773079152.8162186,0.0006816460254094207,0.9431695802213736,-7.238855872496204,0.4681911940436982,1.1632000773258127,9.776966227876379,0.00028924075751547,0.0010517849496136115,0.0,5.343806159107776,10.003631439826329,-49.0
1773079152.832897,0.0006816460254094207,0.9431695802213736,-7.238855872496204,0.4676034772264547,1.1648508226433265,9.777981058541185,-0.0010517849496136115,0.00028924075751547,0.0,5.343806159107776,10.003631439826329,-49.0
1773079152.8506827,0.0006816460254094207,0.9431695802213736,-7.238855872496204,0.4676034772264547,1.1648508226433265,9.777981058541185,-0.0010517849496136115,0.00028924075751547,0.0,5.343806159107776,10.003631439826329,-49.0
1773079152.879551,0.0006816460254094207,0.9431695802213736,-7.238855872496204,0.4704377330787808,1.1650623974519143,9.782001528719531,-0.0010517849496136115,0.00028924075751547,-0.001090830782496456,5.605949542504395,9.54262076040407,-49.75
1773079152.9055908,0.0006816460254094207,0.9431695802213736,-7.238855872496204,0.4723238986877915,1.165203198123584,9.791367330126265,0.00028924075751547,0.0010517849496136115,0.0,5.605949542504395,9.54262076040407,-49.75
1773079152.929933,0.0006816460254094207,0.9431695802213736,-7.238855872496204,0.47357912083073767,1.1652968993977335,9.790909942924952,0.0010517849496136115,-0.00028924075751547,0.001090830782496456,6.669588607609053,9.639041397112656,-49.75
1773079152.9435945,0.0006816460254094207,0.9431695802213736,-7.238855872496204,0.47357912083073767,1.1652968993977335,9.790909942924952,0.0010517849496136115,-0.00028924075751547,0.001090830782496456,6.669588607609053,9.639041397112656,-49.75
1773079152.9830642,0.0006816460254094207,0.9431695802213736,-7.238855872496204,0.47441445714511826,1.165359256548968,9.787260445144508,0.0007625441920981415,-0.0013410257071290814,0.0,6.669588607609053,9.639041397112656,-49.75
1773079153.0174038,0.0006816460254094207,0.9431695802213736,-7.238855872496204,0.4749703641310205,1.16540075453654,9.781486633431864,0.0004733034345826715,-0.002392810656742693,0.001090830782496456,6.006697383358414,9.821336418469492,-50.5625
1773079153.0505075,0.0006816460254094207,0.9431695802213736,-7.238855872496204,0.4785656888492253,1.1645413932235216,9.780989337942122,0.0004733034345826715,-0.002392810656742693,0.0,6.006697383358414,9.821336418469492,-50.5625
1773079153.096194,0.0006816460254094207,0.9431695802213736,-7.238855872496204,0.4800713595265974,1.1607441230404278,9.777313281641534,0.0018143291417117532,-0.0016302664646445516,0.0,4.560389257720657,10.219071010520771,-50.1875
1773079153.1239066,0.0006816460254094207,0.9431695802213736,-7.238855872496204,0.47784799171397035,1.159104059912051,9.778212018945052,0.002392810656742693,0.0004733034345826715,0.002181661564992912,4.560389257720657,10.219071010520771,-50.1875
1773079153.1364148,0.0006816460254094207,0.9431695802213736,-7.238855872496204,0.47784799171397035,1.159104059912051,9.778212018945052,0.002392810656742693,0.0004733034345826715,0.002181661564992912,4.560389257720657,10.219071010520771,-50.1875
1773079153.155516,0.0006816460254094207,0.9431695802213736,-7.238855872496204,0.47314299044233826,1.158899593981006,9.778810118580989,0.00028924075751547,0.0010517849496136115,0.0,5.705383190517215,9.904197791813509,-49.375
1773079153.1717136,0.0006816460254094207,0.9431695802213736,-7.238855872496204,0.47314299044233826,1.158899593981006,9.778810118580989,0.00028924075751547,0.0010517849496136115,0.0,5.705383190517215,9.904197791813509,-49.375
1773079153.1941044,0.0006816460254094207,0.9431695802213736,-7.238855872496204,0.47323723948334967,1.1578765464277454,9.785898370622133,0.0010517849496136115,-0.00028924075751547,-0.002181661564992912,5.705383190517215,9.904197791813509,-49.375
1773079153.2102883,0.0006816460254094207,0.9431695802213736,-7.238855872496204,0.47323723948334967,1.1578765464277454,9.785898370622133,0.0010517849496136115,-0.00028924075751547,-0.002181661564992912,5.705383190517215,9.904197791813509,-49.375
1773079153.2271638,0.0006816460254094207,0.9431695802213736,-7.238855872496204,0.47329996116731204,1.1571957197092402,9.790615523174552,0.0010517849496136115,-0.00028924075751547,0.002181661564992912,6.006697383358414,9.821336418469492,-49.0
1773079153.2467296,0.0006816460254094207,0.9431695802213736,-7.238855872496204,0.47334170174734186,1.156742637133408,9.79375473550414,0.0004733034345826715,-0.002392810656742693,-0.002181661564992912,6.006697383358414,9.821336418469492,-49.0
1773079153.2655034,0.0006816460254094207,0.9431695802213736,-7.238855872496204,0.47336947963707887,1.1564411157404555,9.789153622827541,0.0013410257071290814,0.0007625441920981415,0.001090830782496456,6.006697383358414,9.821336418469492,-49.0
1773079153.2977595,0.0006816460254094207,0.9431695802213736,-7.238855872496204,0.47336947963707887,1.1564411157404555,9.789153622827541,0.0013410257071290814,0.0007625441920981415,0.001090830782496456,6.006697383358414,9.821336418469492,-49.0
1773079153.3216171,0.0006816460254094207,0.9431695802213736,-7.238855872496204,0.4734002676559247,1.1561069202196115,9.784053914205337,0.0010517849496136115,-0.00028924075751547,-0.001090830782496456,6.003684134555674,10.988928886041826,-49.75
1773079153.3525295,0.0006816460254094207,0.9431695802213736,-7.238855872496204,0.4734002676559247,1.1561069202196115,9.784053914205337,0.0010517849496136115,-0.00028924075751547,-0.001090830782496456,6.003684134555674,10.988928886041826,-49.75
1773079153.3894112,0.0006816460254094207,0.9431695802213736,-7.238855872496204,0.4728236291203164,1.1538124623318098,9.7817953788018,0.0010517849496136115,-0.00028924075751547,0.0,7.1712766021280085,10.991942134844567,-49.375
1773079153.4097111,0.0006816460254094207,0.9431695802213736,-7.238855872496204,0.4728236291203164,1.1538124623318098,9.7817953788018,0.0010517849496136115,-0.00028924075751547,0.0,7.1712766021280085,10.991942134844567,-49.375
1773079153.426388,0.0006816460254094207,0.9431695802213736,-7.238855872496204,0.47302470809104386,1.1544911171421892,9.784539916244222,0.0013410257071290814,0.0007625441920981415,0.0,7.1712766021280085,10.991942134844567,-49.375
1773079153.4474704,0.0006816460254094207,0.9431695802213736,-7.238855872496204,0.4740455016600481,1.1581681291664003,9.789711486960982,0.0,0.0,0.0,7.1712766021280085,10.991942134844567,-49.375
1773079153.4663305,0.0006816460254094207,0.9431695802213736,-7.238855872496204,0.4740455016600481,1.1581681291664003,9.789711486960982,0.0,0.0,0.0,7.1712766021280085,10.991942134844567,-49.375
1773079153.4914587,0.0006816460254094207,0.9431695802213736,-7.238855872496204,0.4747248283772092,1.1606151395935973,9.793153109502756,-0.0007625441920981415,0.0013410257071290814,0.001090830782496456,4.921966289130096,10.119637362507952,-49.375
1773079153.5299428,0.0006816460254094207,0.9431695802213736,-7.238855872496204,0.4747248283772092,1.1606151395935973,9.793153109502756,-0.0007625441920981415,0.0013410257071290814,0.001090830782496456,4.921966289130096,10.119637362507952,-49.375
1773079153.5726433,0.0006816460254094207,0.9431695802213736,-7.238855872496204,0.46833198852995905,1.158353820268857,9.78582518839395,-0.00010517808044826849,-0.004496380555969916,-0.001090830782496456,4.921966289130096,10.119637362507952,-49.375
1773079153.6186564,0.0006816460254094207,0.9431695802213736,-7.238855872496204,0.465923218863915,1.1551749430502118,9.777186374389917,0.0018143291417117532,-0.0016302664646445516,0.0,6.006697383358414,9.821336418469492,-50.1875
1773079153.6355197,0.0006816460254094207,0.9431695802213736,-7.238855872496204,0.465923218863915,1.1551749430502118,9.777186374389917,0.0018143291417117532,-0.0016302664646445516,0.0,6.006697383358414,9.821336418469492,-50.1875
1773079153.652074,0.0006816460254094207,0.9431695802213736,-7.238855872496204,0.468432562148042,1.155397832840379,9.771437340172108,0.00028924075751547,0.0010517849496136115,0.0,6.006697383358414,9.821336418469492,-50.1875
1773079153.6921272,0.0006816460254094207,0.9431695802213736,-7.238855872496204,0.4709894798326118,1.1587715383348678,9.777646757243035,-0.0016302664646445516,-0.001814329141711753,0.001090830782496456,6.006697383358414,9.821336418469492,-50.1875
1773079153.7186594,0.0006816460254094207,0.9431695802213736,-7.238855872496204,0.4726910799890509,1.1610167016546904,9.781779054940003,0.0,0.0,0.0,5.7912578126639715,9.037919517082374,-51.0
1773079153.7568583,0.0006816460254094207,0.9431695802213736,-7.238855872496204,0.4738234758850419,1.1625108327639146,9.784529052896547,-0.0013410257071290814,-0.0007625441920981415,0.0,5.7912578126639715,9.037919517082374,-51.0
1773079153.7960048,0.0006816460254094207,0.9431695802213736,-7.238855872496204,0.4736900949439485,1.1602797854975906,9.783014034109815,0.0007625441920981415,-0.0013410257071290814,0.0,5.887678211874051,10.567089016064148,-49.375
1773079153.8396347,0.0006816460254094207,0.9431695802213736,-7.238855872496204,0.47037595658863895,1.1596820262244671,9.782005806031115,0.00057848151503094,0.002103569899227223,0.001090830782496456,5.887678211874051,10.567089016064148,-49.375
1773079153.8574114,0.0006816460254094207,0.9431695802213736,-7.238855872496204,0.4713958093635063,1.158397246345428,9.781334841507386,0.0,0.0,0.0,5.887678211874051,10.567089016064148,-49.375
1773079153.8776038,0.0006816460254094207,0.9431695802213736,-7.238855872496204,0.4713958093635063,1.158397246345428,9.781334841507386,0.0,0.0,0.0,5.887678211874051,10.567089016064148,-49.375
1773079153.907793,0.0006816460254094207,0.9431695802213736,-7.238855872496204,0.4713958093635063,1.158397246345428,9.781334841507386,0.0,0.0,0.0,5.887678211874051,10.567089016064148,-49.375
1773079153.929671,0.0006816460254094207,0.9431695802213736,-7.238855872496204,0.46884913516370386,1.1584292174480433,9.780888322112009,0.0013410257071290814,0.0007625441920981415,0.001090830782496456,5.705383190517215,9.904197791813509,-49.0
1773079153.9547625,0.0006816460254094207,0.9431695802213736,-7.238855872496204,0.4671543519319501,1.1584504938596931,9.783936280149653,-0.003155354848840835,0.00086772227254641,-0.001090830782496456,5.705383190517215,9.904197791813509,-49.0
1773079153.9905052,0.0006816460254094207,0.9431695802213736,-7.238855872496204,0.4671543519319501,1.1584504938596931,9.783936280149653,-0.003155354848840835,0.00086772227254641,-0.001090830782496456,5.705383190517215,9.904197791813509,-49.0
1773079154.035125,0.0006816460254094207,0.9431695802213736,-7.238855872496204,0.46602649262318724,1.158464653073973,9.785964662175784,-0.00028924075751547,-0.0010517849496136115,0.001090830782496456,6.484280337449476,10.143742640434352,-49.0
1773079154.0658042,0.0006816460254094207,0.9431695802213736,-7.238855872496204,0.4652759148522195,1.1584740758729075,9.787314527755662,0.00028924075751547,0.0010517849496136115,0.002181661564992912,6.484280337449476,10.143742640434352,-49.0
1773079154.0939162,0.0006816460254094207,0.9431695802213736,-7.238855872496204,0.4680017885591182,1.1575933688801545,9.791557959927403,0.0,0.0,-0.001090830782496456,5.459812081789399,10.425471309804008,-51.0
1773079154.1065106,0.0006816460254094207,0.9431695802213736,-7.238855872496204,0.4680017885591182,1.1575933688801545,9.791557959927403,0.0,0.0,-0.001090830782496456,5.459812081789399,10.425471309804008,-51.0
1773079154.1228337,0.0006816460254094207,0.9431695802213736,-7.238855872496204,0.46659045223208023,1.1578942459748036,9.794381916635453,0.00028924075751547,0.0010517849496136115,-0.001090830782496456,5.459812081789399,10.425471309804008,-51.0
1773079154.1407895,0.0006816460254094207,0.9431695802213736,-7.238855872496204,0.46887659850107083,1.1572074985600906,9.796261228278997,0.00028924075751547,0.0010517849496136115,0.0,5.459812081789399,10.425471309804008,-51.0
1773079154.1585667,0.0006816460254094207,0.9431695802213736,-7.238855872496204,0.46887659850107083,1.1572074985600906,9.796261228278997,0.00028924075751547,0.0010517849496136115,0.0,5.459812081789399,10.425471309804008,-51.0
1773079154.178066,0.0006816460254094207,0.9431695802213736,-7.238855872496204,0.47039800330515696,1.1567504758270704,9.79416677747717,0.0,0.0,-0.002181661564992912,6.972409306102369,10.26878807202569,-49.75
1773079154.1988761,0.0006816460254094207,0.9431695802213736,-7.238855872496204,0.47229745896725545,1.1596717071324987,9.786082720450462,0.0010517849496136115,-0.00028924075751547,-0.001090830782496456,6.972409306102369,10.26878807202569,-49.75
1773079154.2267094,0.0006816460254094207,0.9431695802213736,-7.238855872496204,0.47229745896725545,1.1596717071324987,9.786082720450462,0.0010517849496136115,-0.00028924075751547,-0.001090830782496456,6.972409306102369,10.26878807202569,-49.75
1773079154.2442791,0.0006816460254094207,0.9431695802213736,-7.238855872496204,0.473561525492072,1.1616157539339693,9.784047982511343,0.0,0.0,0.001090830782496456,6.1889924047152505,10.484227642720132,-49.375
1773079154.2620964,0.0006816460254094207,0.9431695802213736,-7.238855872496204,0.47117737281481437,1.1637964731241066,9.78269388714237,0.0,0.0,0.001090830782496456,6.1889924047152505,10.484227642720132,-49.375
1773079154.2931728,0.0006816460254094207,0.9431695802213736,-7.238855872496204,0.4719291429096202,1.1611353647957545,9.781792751800555,0.0010517849496136115,-0.00028924075751547,-0.002181661564992912,6.1889924047152505,10.484227642720132,-49.375
1773079154.307991,0.0006816460254094207,0.9431695802213736,-7.238855872496204,0.4692040626809166,1.1602514046899484,9.78453816800424,0.00086772227254641,0.003155354848840835,0.0,5.887678211874051,10.567089016064148,-50.1875
1773079154.3275285,0.0006816460254094207,0.9431695802213736,-7.238855872496204,0.4692040626809166,1.1602514046899484,9.78453816800424,0.00086772227254641,0.003155354848840835,0.0,5.887678211874051,10.567089016064148,-50.1875
1773079154.3436706,0.0006816460254094207,0.9431695802213736,-7.238855872496204,0.4738413018878044,1.157889183593647,9.786365211819483,0.0,0.0,0.0,5.887678211874051,10.567089016064148,-50.1875
1773079154.3579097,0.0006816460254094207,0.9431695802213736,-7.238855872496204,0.4769273327786321,1.156317151841797,9.78758108906911,0.00057848151503094,0.002103569899227223,0.0,5.887678211874051,10.567089016064148,-50.1875
1773079154.3835254,0.0006816460254094207,0.9431695802213736,-7.238855872496204,0.4789810518632542,1.1552709822716862,9.785045130089179,0.00028924075751547,0.0010517849496136115,-0.002181661564992912,6.749436732150329,11.10794805752619,-50.1875
1773079154.4144917,0.0006816460254094207,0.9431695802213736,-7.238855872496204,0.4789810518632542,1.1552709822716862,9.785045130089179,0.00028924075751547,0.0010517849496136115,-0.002181661564992912,6.749436732150329,11.10794805752619,-50.1875
1773079154.4318974,0.0006816460254094207,0.9431695802213736,-7.238855872496204,0.48123475673270916,1.1578001429382319,9.783357477716553,0.00057848151503094,0.002103569899227223,0.0,6.749436732150329,11.10794805752619,-50.1875
1773079154.447995,0.0006816460254094207,0.9431695802213736,-7.238855872496204,0.4827345721477985,1.1594832711092424,9.782234363914883,0.002103569899227223,-0.00057848151503094,0.001090830782496456,6.749436732150329,11.10794805752619,-50.1875
1773079154.4749417,0.0006816460254094207,0.9431695802213736,-7.238855872496204,0.4827345721477985,1.1594832711092424,9.782234363914883,0.002103569899227223,-0.00057848151503094,0.001090830782496456,6.749436732150329,11.10794805752619,-50.1875
1773079154.500176,0.0006816460254094207,0.9431695802213736,-7.238855872496204,0.4837326825525045,1.1606033741052761,9.784832055933194,0.0013410257071290814,0.0007625441920981415,0.002181661564992912,6.484280337449476,10.143742640434352,-49.75
1773079154.5427005,-0.11749368295633977,0.9284916230243145,-7.184234355526486,0.48117153904823795,1.1622357678969508,9.786560790953258,0.00028924075751547,0.0010517849496136115,0.0,6.484280337449476,10.143742640434352,-49.75
1773079154.5591927,0.0006816460254094207,0.9431695802213736,-7.238855872496204,0.47946712665599606,1.1633221077302767,9.777675909675917,-0.00028924075751547,-0.0010517849496136115,0.0,4.921966289130096,10.119637362507952,-49.75
1773079154.5776722,0.0006816460254094207,0.9431695802213736,-7.238855872496204,0.478332859248493,1.164045054754144,9.771763120436473,-0.00057848151503094,-0.002103569899227223,0.002181661564992912,4.921966289130096,10.119637362507952,-49.75
1773079154.597398,0.0006816460254094207,0.9431695802213736,-7.238855872496204,0.47669103919921246,1.1613007930937056,9.767828225247808,-0.0007625441920981415,0.0013410257071290814,0.001090830782496456,4.921966289130096,10.119637362507952,-49.75
1773079154.6108685,0.0006816460254094207,0.9431695802213736,-7.238855872496204,0.47669103919921246,1.1613007930937056,9.767828225247808,-0.0007625441920981415,0.0013410257071290814,0.001090830782496456,4.921966289130096,10.119637362507952,-49.75
1773079154.6272075,0.0006816460254094207,0.9431695802213736,-7.238855872496204,0.4755984262967479,1.1594745176140953,9.761864484748092,0.0004733034345826715,-0.002392810656742693,0.002181661564992912,5.526101180464612,10.666522664076968,-51.375
1773079154.641617,0.0006816460254094207,0.9431695802213736,-7.238855872496204,0.47487130461544363,1.1582591516832486,9.757895682064877,0.0007625441920981415,-0.0013410257071290814,-0.002181661564992912,5.526101180464612,10.666522664076968,-51.375
1773079154.6802104,0.0006816460254094207,0.9431695802213736,-7.238855872496204,0.47487130461544363,1.1582591516832486,9.757895682064877,0.0007625441920981415,-0.0013410257071290814,-0.002181661564992912,5.526101180464612,10.666522664076968,-51.375
1773079154.706023,0.0006816460254094207,0.9431695802213736,-7.238855872496204,0.474387413259017,1.1574503392327968,9.761944711628267,0.002103569899227223,-0.00057848151503094,-0.002181661564992912,6.368274414767853,9.721902770456673,-48.5625
1773079154.7277808,0.0006816460254094207,0.9431695802213736,-7.238855872496204,0.4740653889667357,1.1569120835820486,9.771329518986718,0.0010517849496136115,-0.00028924075751547,0.001090830782496456,6.368274414767853,9.721902770456673,-48.5625
1773079154.775923,0.0006816460254094207,0.9431695802213736,-7.238855872496204,0.47385108539746956,1.1565538804591848,9.77088478003396,-0.0013410257071290814,-0.0007625441920981415,0.0,5.526101180464612,10.666522664076968,-51.0
1773079154.8112135,0.0006816460254094207,0.9431695802213736,-7.238855872496204,0.47370846876605066,1.1563155002823104,9.77058881122896,-0.00028924075751547,-0.0010517849496136115,0.001090830782496456,5.526101180464612,10.666522664076968,-51.0
1773079154.8348083,0.0006816460254094207,0.9431695802213736,-7.238855872496204,0.4736135589909735,1.1561568609374813,9.767046735588101,0.0007625441920981415,-0.0013410257071290814,0.0,6.785594530290676,10.060881267090336,-50.0625
1773079154.8620822,0.0006816460254094207,0.9431695802213736,-7.238855872496204,0.4736135589909735,1.1561568609374813,9.767046735588101,0.0007625441920981415,-0.0013410257071290814,0.0,6.785594530290676,10.060881267090336,-50.0625
1773079154.8905463,0.0006816460254094207,0.9431695802213736,-7.238855872496204,0.4744373753560558,1.1592766630545899,9.768034635524007,-0.00028924075751547,-0.0010517849496136115,-0.001090830782496456,6.785594530290676,10.060881267090336,-50.0625
1773079154.9038737,0.0006816460254094207,0.9431695802213736,-7.238855872496204,0.4749856159443862,1.1613528565130524,9.768692071895787,0.0,0.0,-0.002181661564992912,6.122703306040037,10.243176288447172,-50.0625
1773079154.9228802,0.0006816460254094207,0.9431695802213736,-7.238855872496204,0.4749856159443862,1.1613528565130524,9.768692071895787,0.0,0.0,-0.002181661564992912,6.122703306040037,10.243176288447172,-50.0625
1773079154.9442754,0.0006816460254094207,0.9431695802213736,-7.238855872496204,0.47212508910269685,1.163621517827243,9.76912958845716,-0.00057848151503094,-0.002103569899227223,-0.001090830782496456,6.122703306040037,10.243176288447172,-50.0625
1773079154.9808378,-0.015079805795151165,1.0620540686684476,-8.123990735280541,0.46933446268354667,1.161905911760255,9.776110974256014,0.00057848151503094,0.002103569899227223,0.0,6.122703306040037,10.243176288447172,-50.0625
1773079155.0082526,0.0006816460254094207,0.9431695802213736,-7.238855872496204,0.4683643097351264,1.1639895699162246,9.780757008517961,-0.0013410257071290814,-0.0007625441920981415,0.0,6.1889924047152505,10.484227642720132,-51.0
1773079155.0303094,0.0006816460254094207,0.9431695802213736,-7.238855872496204,0.4677186837852711,1.1653762211430356,9.783848892419684,0.0004733034345826715,-0.002392810656742693,-0.001090830782496456,6.1889924047152505,10.484227642720132,-51.0
1773079155.0571969,0.0006816460254094207,0.9431695802213736,-7.238855872496204,0.4672890269277569,1.1662990220445693,9.785906506617673,0.00057848151503094,0.002103569899227223,0.001090830782496456,5.459812081789399,10.425471309804008,-50.0625
1773079155.1002026,0.0006816460254094207,0.9431695802213736,-7.238855872496204,0.46611611732847835,1.1636877609072036,9.78058560246674,-0.00028924075751547,-0.0010517849496136115,-0.001090830782496456,5.459812081789399,10.425471309804008,-50.0625
1773079155.1143546,0.0006816460254094207,0.9431695802213736,-7.238855872496204,0.46611611732847835,1.1636877609072036,9.78058560246674,-0.00028924075751547,-0.0010517849496136115,-0.001090830782496456,5.459812081789399,10.425471309804008,-50.0625
1773079155.1306694,0.0006816460254094207,0.9431695802213736,-7.238855872496204,0.4621101842634425,1.1628369735501696,9.777044600192689,0.0,0.0,-0.001090830782496456,5.887678211874051,10.567089016064148,-50.0625
1773079155.148495,0.0006816460254094207,0.9431695802213736,-7.238855872496204,0.4594442805578656,1.162270784067981,9.778033214442212,0.0010517849496136115,-0.00028924075751547,0.003272492347489368,5.887678211874051,10.567089016064148,-50.0625
1773079155.161144,0.0006816460254094207,0.9431695802213736,-7.238855872496204,0.4594442805578656,1.162270784067981,9.778033214442212,0.0010517849496136115,-0.00028924075751547,0.003272492347489368,5.887678211874051,10.567089016064148,-50.0625
1773079155.1757941,0.0006816460254094207,0.9431695802213736,-7.238855872496204,0.4641209010798492,1.1601200357719663,9.778691126181727,0.0013410257071290814,0.0007625441920981415,0.003272492347489368,5.887678211874051,10.567089016064148,-50.0625
1773079155.1939204,0.0006816460254094207,0.9431695802213736,-7.238855872496204,0.4641209010798492,1.1601200357719663,9.778691126181727,0.0013410257071290814,0.0007625441920981415,0.003272492347489368,5.887678211874051,10.567089016064148,-50.0625
1773079155.2147014,0.0006816460254094207,0.9431695802213736,-7.238855872496204,0.46812011755613947,1.161914111635376,9.779128959095017,0.0010517849496136115,-0.00028924075751547,0.001090830782496456,5.037972211811719,10.541477232485631,-51.0
1773079155.237404,0.0006816460254094207,0.9431695802213736,-7.238855872496204,0.46666919885777636,1.1607696520125443,9.779420332007899,0.00028924075751547,0.0010517849496136115,0.001090830782496456,5.037972211811719,10.541477232485631,-51.0
1773079155.2524323,0.0006816460254094207,0.9431695802213736,-7.238855872496204,0.4657036286718395,1.1600080269180015,9.782959349133892,-0.0010517849496136115,0.00028924075751547,0.0,5.037972211811719,10.541477232485631,-51.0
1773079155.2712336,0.0006816460254094207,0.9431695802213736,-7.238855872496204,0.46506105249922425,1.159501173925493,9.78196941379051,-0.00028924075751547,-0.0010517849496136115,0.0,6.122703306040037,10.243176288447172,-49.75
1773079155.3144763,0.0006816460254094207,0.9431695802213736,-7.238855872496204,0.46506105249922425,1.159501173925493,9.78196941379051,-0.00028924075751547,-0.0010517849496136115,0.0,6.122703306040037,10.243176288447172,-49.75
1773079155.3390074,0.0006816460254094207,0.9431695802213736,-7.238855872496204,0.46463342523439494,1.1591638689208974,9.78800084629243,0.00057848151503094,0.002103569899227223,0.0,6.122703306040037,10.243176288447172,-49.75
1773079155.3542957,0.0006816460254094207,0.9431695802213736,-7.238855872496204,0.4675742188955353,1.1580524184480985,9.785324473832302,0.0010517849496136115,-0.00028924075751547,0.002181661564992912,6.122703306040037,10.243176288447172,-49.75
1773079155.3709505,0.0006816460254094207,0.9431695802213736,-7.238855872496204,0.4663059093972319,1.1581997383343507,9.783543377857127,0.0010517849496136115,-0.00028924075751547,0.001090830782496456,5.821389113198838,10.326037661791188,-50.1875
1773079155.401903,0.0006816460254094207,0.9431695802213736,-7.238855872496204,0.46546186359405634,1.1582977780729804,9.775667854967155,0.0013410257071290814,0.0007625441920981415,0.004363323129985824,5.821389113198838,10.326037661791188,-50.1875
1773079155.422001,0.0006816460254094207,0.9431695802213736,-7.238855872496204,0.46546186359405634,1.1582977780729804,9.775667854967155,0.0013410257071290814,0.0007625441920981415,0.004363323129985824,5.821389113198838,10.326037661791188,-50.1875
1773079155.4468055,0.0006816460254094207,0.9431695802213736,-7.238855872496204,0.4657871383008369,1.1615883972528376,9.770426782459234,0.002682051414258163,0.001525088384196283,0.0,5.821389113198838,10.326037661791188,-50.1875
1773079155.467893,0.0006816460254094207,0.9431695802213736,-7.238855872496204,0.4692289798136174,1.1628912897982233,9.773629130666468,0.0013410257071290814,0.0007625441920981415,0.001090830782496456,5.037972211811719,10.541477232485631,-51.0
1773079155.4931383,0.0006816460254094207,0.9431695802213736,-7.238855872496204,0.4715194868924839,1.163758350232914,9.782450481040447,0.0,0.0,0.002181661564992912,5.037972211811719,10.541477232485631,-51.0
1773079155.5202894,0.0006816460254094207,0.9431695802213736,-7.238855872496204,0.47304379376682903,1.164335369266501,9.78163076775875,-0.00057848151503094,-0.002103569899227223,0.0,5.037972211811719,10.541477232485631,-51.0
1773079155.5586944,0.0006816460254094207,0.9431695802213736,-7.238855872496204,0.4740582029640822,1.1647193689876283,9.781085257726579,-0.0010517849496136115,0.00028924075751547,0.002181661564992912,5.605949542504395,9.54262076040407,-49.75
1773079155.605106,0.0006816460254094207,0.9431695802213736,-7.238855872496204,0.4682825312952116,1.1667488720328494,9.780722226893914,0.0,0.0,0.001090830782496456,5.605949542504395,9.54262076040407,-49.75
1773079155.6258893,0.0006816460254094207,0.9431695802213736,-7.238855872496204,0.4635519085578738,1.164874108809435,9.780480633930097,0.00028924075751547,0.0010517849496136115,0.001090830782496456,5.887678211874051,10.567089016064148,-49.375
1773079155.6532567,0.0006816460254094207,0.9431695802213736,-7.238855872496204,0.460403731970694,1.16362647482673,9.780319856511447,0.00057848151503094,0.002103569899227223,0.0,5.887678211874051,10.567089016064148,-49.375
1773079155.6806014,0.0006816460254094207,0.9431695802213736,-7.238855872496204,0.460403731970694,1.16362647482673,9.780319856511447,0.00057848151503094,0.002103569899227223,0.0,5.887678211874051,10.567089016064148,-49.375
1773079155.7044249,-0.015079805795151165,1.0620540686684476,-8.123990735280541,0.4615340304483373,1.1619092105880402,9.780212860935336,0.0010517849496136115,-0.00028924075751547,-0.001090830782496456,5.887678211874051,10.567089016064148,-49.375
1773079155.732228,0.0006816460254094207,0.9431695802213736,-7.238855872496204,0.46551160628792226,1.1598794126601062,9.780141656574653,-0.0016302664646445516,-0.001814329141711753,-0.002181661564992912,6.006697383358414,9.821336418469492,-49.375
1773079155.7470322,0.0006816460254094207,0.9431695802213736,-7.238855872496204,0.47138401340570724,1.1576416270532102,9.780094270868023,0.00018406267706720146,-0.003444595606356305,-0.001090830782496456,6.006697383358414,9.821336418469492,-49.375
1773079155.7925582,0.0006816460254094207,0.9431695802213736,-7.238855872496204,0.4720666599145327,1.1570393834897086,9.780062736209594,-0.00028924075751547,-0.0010517849496136115,0.001090830782496456,6.006697383358414,9.821336418469492,-49.375
1773079155.8075316,0.0006816460254094207,0.9431695802213736,-7.238855872496204,0.4720666599145327,1.1570393834897086,9.780062736209594,-0.00028924075751547,-0.0010517849496136115,0.001090830782496456,6.006697383358414,9.821336418469492,-49.375
1773079155.8317041,0.0006816460254094207,0.9431695802213736,-7.238855872496204,0.47252095354049495,1.1566385971256996,9.780041750246674,-0.00086772227254641,-0.003155354848840835,-0.001090830782496456,6.006697383358414,9.821336418469492,-49.75
1773079155.8499691,0.0006816460254094207,0.9431695802213736,-7.238855872496204,0.47252095354049495,1.1566385971256996,9.780041750246674,-0.00086772227254641,-0.003155354848840835,-0.001090830782496456,6.006697383358414,9.821336418469492,-49.75
1773079155.8819675,0.0006816460254094207,0.9431695802213736,-7.238855872496204,0.46959790604480584,1.1572588560377133,9.780027784322781,0.0010517849496136115,-0.00028924075751547,0.001090830782496456,6.006697383358414,9.821336418469492,-49.75
1773079155.9009721,0.0006816460254094207,0.9431695802213736,-7.238855872496204,0.47087802541797935,1.1567846536547277,9.78001849015644,0.00028924075751547,0.0010517849496136115,0.001090830782496456,6.1889924047152505,10.484227642720132,-49.75
1773079155.9276638,0.0006816460254094207,0.9431695802213736,-7.238855872496204,0.46850455573198135,1.157356055026223,9.780012304992562,0.00086772227254641,0.003155354848840835,0.001090830782496456,6.1889924047152505,10.484227642720132,-49.75
1773079155.951605,0.0006816460254094207,0.9431695802213736,-7.238855872496204,0.4701504129983179,1.156849338495797,9.780008188835094,0.00018406267706720146,-0.003444595606356305,0.0,6.1889924047152505,10.484227642720132,-49.75
1773079155.9814649,0.0006816460254094207,0.9431695802213736,-7.238855872496204,0.4701504129983179,1.156849338495797,9.780008188835094,0.00018406267706720146,-0.003444595606356305,0.0,6.1889924047152505,10.484227642720132,-49.75
1773079156.002315,0.0006816460254094207,0.9431695802213736,-7.238855872496204,0.4689073155548444,1.1606244768943523,9.78000544957828,-0.0007625441920981415,0.0013410257071290814,0.001090830782496456,5.887678211874051,10.567089016064148,-49.375
1773079156.0181184,0.0006816460254094207,0.9431695802213736,-7.238855872496204,0.468080048092521,1.1631367893275317,9.78334873834079,-0.00057848151503094,-0.002103569899227223,-0.002181661564992912,5.887678211874051,10.567089016064148,-49.375
1773079156.0432014,0.0006816460254094207,0.9431695802213736,-7.238855872496204,0.4675295108375279,1.1648087051874438,9.785573659665257,0.0007625441920981415,-0.0013410257071290814,0.001090830782496456,5.887678211874051,10.567089016064148,-49.375
1773079156.0605984,0.0006816460254094207,0.9431695802213736,-7.238855872496204,0.4675295108375279,1.1648087051874438,9.785573659665257,0.0007625441920981415,-0.0013410257071290814,0.001090830782496456,5.887678211874051,10.567089016064148,-49.375
1773079156.0736356,0.0006816460254094207,0.9431695802213736,-7.238855872496204,0.4675295108375279,1.1648087051874438,9.785573659665257,0.0007625441920981415,-0.0013410257071290814,0.001090830782496456,5.887678211874051,10.567089016064148,-49.375
1773079156.0887957,0.0006816460254094207,0.9431695802213736,-7.238855872496204,0.4671631344442341,1.1659213465156915,9.78370920824537,-0.00057848151503094,-0.002103569899227223,-0.001090830782496456,6.906120207427156,10.02773671775273,-49.75
1773079156.1048782,0.0006816460254094207,0.9431695802213736,-7.238855872496204,0.46691931504718953,1.1666617968906223,9.782468436652723,0.0013410257071290814,0.0007625441920981415,0.001090830782496456,6.906120207427156,10.02773671775273,-49.75
1773079156.1184735,0.0006816460254094207,0.9431695802213736,-7.238855872496204,0.4667570559620975,1.1671545583437661,9.781642717018142,0.0010517849496136115,-0.00028924075751547,0.0,6.906120207427156,10.02773671775273,-49.75
1773079156.138279,0.0006816460254094207,0.9431695802213736,-7.238855872496204,0.4667570559620975,1.1671545583437661,9.781642717018142,0.0010517849496136115,-0.00028924075751547,0.0,6.906120207427156,10.02773671775273,-49.75
1773079156.167609,0.0006816460254094207,0.9431695802213736,-7.238855872496204,0.4730998240114708,1.1657085300659584,9.781093209825222,0.0004733034345826715,-0.002392810656742693,-0.001090830782496456,6.368274414767853,9.721902770456673,-50.0625
1773079156.2144089,0.0006816460254094207,0.9431695802213736,-7.238855872496204,0.4764338875347828,1.1615208395712968,9.780727518926732,0.0,0.0,0.001090830782496456,6.368274414767853,9.721902770456673,-50.0625
1773079156.2367196,0.0006816460254094207,0.9431695802213736,-7.238855872496204,0.47131494214748315,1.1572825590180618,9.78048415571882,-0.00028924075751547,-0.0010517849496136115,0.001090830782496456,6.1889924047152505,10.484227642720132,-49.75
1773079156.2719169,0.0006816460254094207,0.9431695802213736,-7.238855872496204,0.467908341174602,1.1544620306545796,9.780322200222502,-0.0013410257071290814,-0.0007625441920981415,0.002181661564992912,6.1889924047152505,10.484227642720132,-49.75
1773079156.2982187,0.0006816460254094207,0.9431695802213736,-7.238855872496204,0.467908341174602,1.1544620306545796,9.780322200222502,-0.0013410257071290814,-0.0007625441920981415,0.002181661564992912,6.1889924047152505,10.484227642720132,-49.75
1773079156.3189187,0.0006816460254094207,0.9431695802213736,-7.238855872496204,0.46564128628137585,1.1525850005360487,9.776869308941542,-0.0016302664646445516,-0.001814329141711753,-0.001090830782496456,6.003684134555674,10.988928886041826,-49.375
1773079156.3354714,0.0006816460254094207,0.9431695802213736,-7.238855872496204,0.46501956433478087,1.1545612327889414,9.774571448365387,0.0,0.0,-0.001090830782496456,6.003684134555674,10.988928886041826,-49.375
1773079156.3553035,0.0006816460254094207,0.9431695802213736,-7.238855872496204,0.46501956433478087,1.1545612327889414,9.774571448365387,0.0,0.0,-0.001090830782496456,6.003684134555674,10.988928886041826,-49.375
1773079156.4030147,0.0006816460254094207,0.9431695802213736,-7.238855872496204,0.46783119015338576,1.1549894155170963,9.77638735952806,-0.00057848151503094,-0.002103569899227223,0.0,6.003684134555674,10.988928886041826,-49.375
1773079156.4433713,0.0006816460254094207,0.9431695802213736,-7.238855872496204,0.46970229572774896,1.1552743663395688,9.777595828121763,-0.003260532929289103,-0.003628658283423506,0.0,5.887678211874051,10.567089016064148,-49.375
1773079156.4843235,0.0006816460254094207,0.9431695802213736,-7.238855872496204,0.47094749558586885,1.155463997928815,9.771709827056753,-0.0009729003529946786,-0.007651735404810751,0.004363323129985824,5.887678211874051,10.567089016064148,-49.375
1773079156.5105128,0.0006816460254094207,0.9431695802213736,-7.238855872496204,0.47177616218165386,1.155590195633135,9.76779275909893,-0.0017091510612634849,0.006126647020614467,0.0,5.459812081789399,10.425471309804008,-49.75
1773079156.5319855,-0.009466753713030218,0.8883070347221429,-7.204083540782878,0.4834551743398662,1.1456755180969518,9.765185994129515,-0.04422756314169221,0.07777949101348673,0.00545415391248228,5.459812081789399,10.425471309804008,-49.75
1773079156.5525432,-0.07709752266922514,0.9512356890073698,-7.230928250105167,0.4992102263097022,1.168105784411599,10.007644375796158,2.63017740911893e-05,-0.07806873591613311,-0.04254240051736178,5.459812081789399,10.425471309804008,-49.75
1773079156.567664,-0.07709752266922514,0.9512356890073698,-7.230928250105167,0.4992102263097022,1.168105784411599,10.007644375796158,2.63017740911893e-05,-0.07806873591613311,-0.04254240051736178,5.459812081789399,10.425471309804008,-49.75
1773079156.5849469,-0.002660478247107046,0.8896655199571719,-7.210889816248801,0.49703544342092554,1.1622292077990508,10.16899772035772,-0.008729817983384625,0.034077830709428644,0.038179077387375956,4.921966289130096,10.119637362507952,-49.375
1773079156.601516,-0.013585365542784616,0.9492275735985836,-7.23815832320423,0.4859926560905419,1.1991194013888897,9.918449616045306,-0.0007099489341776202,-0.06429035349070791,-0.019634954084936207,4.921966289130096,10.119637362507952,-49.375
1773079156.6197956,-0.019958384329874606,0.940950948852098,-7.232284891383747,0.4979960534520368,1.2183475465713574,9.751712651431106,0.004259726766113117,0.023717750406530392,0.003272492347489368,4.921966289130096,10.119637362507952,-49.375
1773079156.6362784,-0.019958384329874606,0.940950948852098,-7.232284891383747,0.4979960534520368,1.2183475465713574,9.751712651431106,0.004259726766113117,0.023717750406530392,0.003272492347489368,4.921966289130096,10.119637362507952,-49.375
1773079156.6508405,0.01936155135272352,0.9929984374402129,-7.232417057068039,0.48663193133552923,1.2364655289589406,9.764520197225108,-0.011674808381067069,-0.046567778540514373,0.02399827721492203,6.931731991005673,9.178030717690397,-49.6875
1773079156.6705837,0.01936155135272352,0.9929984374402129,-7.232417057068039,0.48663193133552923,1.2364655289589406,9.764520197225108,-0.011674808381067069,-0.046567778540514373,0.02399827721492203,6.931731991005673,9.178030717690397,-49.6875
1773079156.6863854,0.07716571299413826,0.973928758831894,-7.220860009884922,0.5685733833387665,1.258602148131889,9.776388587588675,-0.0019983918187789548,0.0050748620710008565,0.026179938779914945,6.931731991005673,9.178030717690397,-49.6875
1773079156.7042923,0.07716571299413826,0.973928758831894,-7.220860009884922,0.5685733833387665,1.258602148131889,9.776388587588675,-0.0019983918187789548,0.0050748620710008565,0.026179938779914945,6.931731991005673,9.178030717690397,-49.6875
1773079156.7236848,0.0687237264276789,0.9961206567421447,-7.232011487521198,0.448611740035875,1.168670394362107,9.784286868797022,-0.004443789443180319,-0.02027315480017409,-0.028361600344907856,5.459812081789399,10.425471309804008,-49.25
1773079156.7409682,0.02628016446917811,0.9934274773316587,-7.232297983838269,0.4182880992972793,1.213162694455864,9.80961375695551,0.0033657110097373715,0.008125038839393422,-0.016362461737446838,5.459812081789399,10.425471309804008,-49.25
1773079156.754691,0.03999780204335131,0.9952178802093707,-7.238977996804094,0.39810805512300595,1.2427718231567015,9.796362512739233,-0.0027872294947064316,-0.0060214689401661995,0.019634954084936207,5.459812081789399,10.425471309804008,-49.25
1773079156.7830465,0.03999780204335131,0.9952178802093707,-7.238977996804094,0.39810805512300595,1.2427718231567015,9.796362512739233,-0.0027872294947064316,-0.0060214689401661995,0.019634954084936207,5.459812081789399,10.425471309804008,-49.25
1773079156.801331,0.08904921368047793,1.0043243259050976,-7.23071752141703,0.4539433700317251,1.4134239120897532,9.77416351091012,-0.014803873891209494,0.0119903467675428,0.044724062082354694,6.1889924047152505,10.484227642720132,-49.6875
1773079156.815673,0.08904921368047793,1.0043243259050976,-7.23071752141703,0.4539433700317251,1.4134239120897532,9.77416351091012,-0.014803873891209494,0.0119903467675428,0.044724062082354694,6.1889924047152505,10.484227642720132,-49.6875
1773079156.8388195,0.0678659197974235,1.009955170066335,-7.230143017644268,0.4911011483821421,1.5269909709659588,9.759390323171942,-0.013331372474671883,-0.015566418083307637,-0.018544123302439753,6.1889924047152505,10.484227642720132,-49.6875
1773079156.855225,0.07900905490100832,1.0532494586578973,-7.231211547924592,0.43769453560074034,1.558139035713887,9.692692032735076,-0.008177625807052093,-0.0215090024268549,-0.007635815477475192,6.1889924047152505,10.484227642720132,-49.6875
1773079156.8953114,154.44406376382167,49.76377307075127,-4.117509184818171,0.3803011235928251,1.5120218312086675,9.77876442210352,0.01414650777955962,-0.006152940504443803,0.14289883250703572,5.705383190517215,9.904197791813509,-50.0625
1773079156.9243524,0.9712112007292779,1.16029498248348,-7.328934254363127,0.3421064490279781,1.4813313467733735,9.802593518663437,0.03752243046091587,-0.036339165656762804,0.24980024919168842,5.705383190517215,9.904197791813509,-50.0625
1773079156.9417672,1.2016560123719628,1.2088661111550465,-7.364104117368613,0.505130848281576,1.3639846783087552,9.818451516235612,0.03925787500600869,-0.030028455959081136,0.23125612588924865,5.705383190517215,9.904197791813509,-50.0625
1773079156.9588804,1.2016560123719628,1.2088661111550465,-7.364104117368613,0.505130848281576,1.3639846783087552,9.818451516235612,0.03925787500600869,-0.030028455959081136,0.23125612588924865,5.705383190517215,9.904197791813509,-50.0625
1773079156.9730263,1.3395263978096652,1.2644364884820778,-7.391118609523835,0.6074129205616909,1.2633141574909061,9.829004836474455,0.02143012197536689,-0.045489695961940496,0.11999138607461016,5.705383190517215,9.904197791813509,-48.875
1773079156.987384,1.3395263978096652,1.2644364884820778,-7.391118609523835,0.6074129205616909,1.2633141574909061,9.829004836474455,0.02143012197536689,-0.045489695961940496,0.11999138607461016,5.705383190517215,9.904197791813509,-48.875
1773079157.0249465,1.9261417536313656,1.3012173486937295,-7.4701652922635935,0.47010476026585474,1.193819366208341,9.842718176619734,0.05382509096223046,0.027057172077569358,0.31525009614147576,5.705383190517215,9.904197791813509,-48.875
1773079157.0467112,2.660059511433885,1.4714566420384052,-7.42805171552014,0.37872771342162737,1.1475713589174783,9.95219760251795,-0.04769843979648507,-0.0706010673335205,0.5181446216858165,5.907263735345595,9.459759387060053,-49.6875
1773079157.068752,3.9965160206325603,1.8072628358641587,-7.453705237925432,0.45249603641800795,1.4926306314958284,10.031745160902533,0.03604993733464012,-0.09928849344034163,1.0122909661567112,5.907263735345595,9.459759387060053,-49.6875
1773079157.1080205,6.0785677189989595,2.111644914402375,-7.4089697790926445,0.6635824760733019,1.7436318453743034,10.084683172403022,0.0014987949003669467,-0.0151194081325543,1.2806353386508393,5.907263735345595,9.459759387060053,-49.6875
1773079157.1282737,6.0785677189989595,2.111644914402375,-7.4089697790926445,0.6635824760733019,1.7436318453743034,10.084683172403022,0.0014987949003669467,-0.0151194081325543,1.2806353386508393,5.907263735345595,9.459759387060053,-49.6875
1773079157.1695912,9.098395017849999,2.586889569574662,-7.355068870433116,0.8130085648621602,1.8422924055111578,10.06973615209047,0.03507703283651451,-0.06168718252793775,1.3788101090755203,6.508385615375877,8.581428592114971,-50.0625
1773079157.2409582,16.279942081776237,3.6014506273856983,-7.299146954966154,0.9053541356708877,1.882146907539767,10.059789077041625,0.0831436021322649,-0.043228352724344485,1.6733344203495635,6.508385615375877,8.581428592114971,-50.0625
1773079157.2863278,21.673279591342702,3.953352316060572,-7.4439680347790365,0.7794148051841843,1.9463258664504608,10.14348742581035,0.2652864403668323,0.12955363220519606,2.033308578573394,11.501162420125597,0.3374729409755768,-55.25
1773079157.3117666,25.206643962964314,3.938186930973629,-7.550232459946376,0.660124464461063,1.99879300204161,10.199187741944119,0.2694935677298939,0.2641558081267781,2.1238475335205997,11.501162420125597,0.3374729409755768,-55.25
1773079157.411938,34.09123427997935,3.2449867498969622,-7.805028247355857,0.5480811598936305,1.990650538807699,9.992062525483526,0.3766178426715898,0.47680043477092576,2.3234695667174514,15.445365928787346,-8.655248556561213,-57.6875
1773079157.4968493,49.718782090286716,2.9995329503025285,-8.622950107084968,0.49198286352338866,1.9766845790927239,9.70703809254722,0.244908103341079,0.17475408740962106,2.5449082155642317,18.591087004543798,-19.372993837801186,-59.6875
1773079157.5330913,49.718782090286716,2.9995329503025285,-8.622950107084968,0.49198286352338866,1.9766845790927239,9.70703809254722,0.244908103341079,0.17475408740962106,2.5449082155642317,18.591087004543798,-19.372993837801186,-59.6875
1773079157.5620224,59.14198744768281,4.342538338026914,-8.778525482957056,0.5072236925582521,1.8557924274566835,9.517357516359645,0.1571892609270108,-0.045489683526547725,2.3736477827122884,18.591087004543798,-19.372993837801186,-59.6875
1773079157.5825515,59.14198744768281,4.342538338026914,-8.778525482957056,0.5072236925582521,1.8557924274566835,9.517357516359645,0.1571892609270108,-0.045489683526547725,2.3736477827122884,18.591087004543798,-19.372993837801186,-59.6875
1773079157.6151335,64.65892759852244,5.630308662320028,-8.530028910733781,0.5212367539935834,1.663258278867684,9.494825674704584,0.03597106102828303,-0.18185360991244467,2.026763593878415,21.86034700623947,-31.291476135951097,-62.0
1773079157.6463723,68.07131400577855,6.67769388280876,-7.9801379006981765,0.49476063051215896,1.5310972320150131,9.55676855504865,-0.1684170427768008,-0.196920447657864,1.4148075248979033,21.86034700623947,-31.291476135951097,-62.0
1773079157.7164342,70.32802898766252,6.885512847369098,-7.184211633980767,0.4419844791859907,1.4666907641082996,9.668238195824022,-0.16205376269198418,0.0072310065024939725,1.1104657365813921,19.94097639346103,-39.449557877439254,-67.1875
1773079157.7940395,73.25002850358936,5.6207618586164285,-6.55784697076261,0.4760468053210498,1.6754082158437946,9.759145555099153,0.17180903068984382,0.3984950284844121,0.2879793265790644,19.94097639346103,-39.449557877439254,-67.1875
1773079157.8331254,74.7990621812448,3.4679614866417947,-6.479779041169107,0.5277432763235893,1.8063245486054025,9.92668696182923,0.159371657391024,0.5795335072371,0.3916082509162277,21.55752749523869,-44.885265631296285,-68.25
1773079157.8747804,75.99187430314822,2.4739540981646155,-6.384998467305941,0.5594858051418401,1.4674565355770217,9.931140321813732,0.10920152648630821,0.47114706631410835,0.4854196982109229,21.55752749523869,-44.885265631296285,-68.25
1773079157.9087129,75.99187430314822,2.4739540981646155,-6.384998467305941,0.5594858051418401,1.4674565355770217,9.931140321813732,0.10920152648630821,0.47114706631410835,0.4854196982109229,21.55752749523869,-44.885265631296285,-68.25
1773079157.9376695,76.88816554635622,1.9204703964434315,-6.174057527806423,0.5626286429427588,1.2017877410540685,9.780228844599437,7.884729044060779e-05,0.3993364406926055,0.49414634447089456,21.254706796745374,-45.515012306209314,-67.0625
1773079157.9601827,77.56199352711441,1.599840259417596,-5.968418564118572,0.5647201663914715,1.024988126013931,9.5794455910854,-0.07591261221029465,0.3862943006851872,0.5966844380255614,21.254706796745374,-45.515012306209314,-67.0625
1773079157.994181,78.79646341569978,1.1654659357953017,-5.6017817534517045,0.37605685502123914,0.7965383171924997,9.372234121206686,-0.1015761633228144,0.3752505566416788,0.7166758241001716,21.254706796745374,-45.515012306209314,-67.0625
1773079158.037399,81.35077299478877,0.711254673232812,-4.507340292384293,0.23760202949572873,0.6480554324141503,9.234337202706186,-0.25300687771255953,0.15782030453891482,0.7188574856651645,21.643402354883953,-48.344352470113854,-67.0625
1773079158.063641,81.35077299478877,0.711254673232812,-4.507340292384293,0.23760202949572873,0.6480554324141503,9.234337202706186,-0.25300687771255953,0.15782030453891482,0.7188574856651645,21.643402354883953,-48.344352470113854,-67.0625
1773079158.0889692,82.67461573639524,0.9524691160577268,-3.8754911228226354,0.15908909236477234,0.6114108307673655,9.16263901409753,-0.3144573940152477,-0.03683879573622222,0.5410520681182421,21.643402354883953,-48.344352470113854,-67.0625
1773079158.1078575,83.42970700411581,1.1902633159222966,-3.3414453066667313,0.05845898731647512,0.6003289241212184,9.215278021719298,-0.34019982557925543,-0.08519460993461901,0.4625122517784973,20.740966519510977,-49.975968865911184,-67.875
1773079158.1251793,83.88370564141744,1.2178078637283825,-2.9632353560620057,-0.07132339541546755,0.5790042875035791,9.25030869327534,-0.33344210593082046,-0.10176022185475066,0.41015237421866746,20.740966519510977,-49.975968865911184,-67.875
1773079158.1439528,84.453257542051,1.4655651145660065,-2.5499511978146807,-0.15769212135936758,0.5648129800463395,9.236824985097131,-0.2748313895099737,-0.11900948922523061,0.35452000431134817,20.740966519510977,-49.975968865911184,-67.875
1773079158.1771274,84.453257542051,1.4655651145660065,-2.5499511978146807,-0.15769212135936758,0.5648129800463395,9.236824985097131,-0.2748313895099737,-0.11900948922523061,0.35452000431134817,20.740966519510977,-49.975968865911184,-67.875
1773079158.191491,84.86439421768253,1.863290674025637,-2.7235288473322328,-0.22033014848404503,0.6122966872855394,9.181020164024952,-0.007204717163795563,-0.10436335965647342,0.13308135546456762,22.725120437808037,-50.067869510666405,-70.25
1773079158.2042491,84.83292416437682,1.9333200773992283,-2.737644882286362,-0.2634665005542028,0.928777788485627,9.143882678982113,-0.019221369850560478,0.004154548685664848,0.008726646259971648,22.725120437808037,-50.067869510666405,-70.25
1773079158.2226696,84.83292416437682,1.9333200773992283,-2.737644882286362,-0.2634665005542028,0.928777788485627,9.143882678982113,-0.019221369850560478,0.004154548685664848,0.008726646259971648,22.725120437808037,-50.067869510666405,-70.25
1773079158.2469134,85.00862252782342,1.8577899103785864,-2.731970219191254,-0.2637899726663655,1.24260442053593,9.072336533636523,0.007809496307786766,0.07365123995678215,0.1810779098944117,22.725120437808037,-50.067869510666405,-70.25
1773079158.2736423,85.18340702316772,1.8260940178969942,-2.717522505500561,-0.14466637107152647,1.4186343613654013,9.432827001424808,-0.0008151353048877392,0.02171935858775144,0.10362892433716332,21.543968944369645,-51.298738065609726,-71.875
1773079158.288956,85.16232346719455,1.8588101596389102,-2.754568525594274,0.11571386889926127,1.298634658866406,9.40177533250266,0.01908989828628287,-0.0210882859599309,-0.013089969389957472,21.543968944369645,-51.298738065609726,-71.875
1773079158.3021297,85.10563293752207,1.9156971721060363,-2.7948377352538483,0.2889940099619578,1.2187761973378337,9.38111079370484,0.03620770652787797,-0.11517044576499406,-0.08726646259971647,21.543968944369645,-51.298738065609726,-71.875
1773079158.3153296,85.10563293752207,1.9156971721060363,-2.7948377352538483,0.2889940099619578,1.2187761973378337,9.38111079370484,0.03620770652787797,-0.11517044576499406,-0.08726646259971647,21.543968944369645,-51.298738065609726,-71.875
1773079158.3291676,84.79125358101709,2.2499724821892158,-3.01325715651168,0.25255611674981265,1.2698108737191698,9.367358773972915,0.0646322060866676,-0.24630172845125953,-0.17998707911191522,21.176365652853228,-51.456928046538664,-69.875
1773079158.343749,84.79125358101709,2.2499724821892158,-3.01325715651168,0.25255611674981265,1.2698108737191698,9.367358773972915,0.0646322060866676,-0.24630172845125953,-0.17998707911191522,21.176365652853228,-51.456928046538664,-69.875
1773079158.3751638,84.47602923981736,2.5723502073784994,-3.2245470024883147,0.21540560653916876,1.3073217917969973,9.368242293583403,0.0939770148856623,-0.3494029428520919,-0.27598018797160334,21.176365652853228,-51.456928046538664,-69.875
1773079158.4064271,83.99340241143821,3.2819049674305933,-3.693165858440043,0.13907635972878146,1.3464765329163315,9.398936271380498,0.09994589685816985,-0.3770648857833906,-0.12217304763960307,20.897649994787805,-51.05618020568465,-70.6875
1773079158.422152,83.96621285880323,3.4479790233462113,-3.789863742565005,0.05917111971683635,1.064832822144485,9.38925676536439,0.13620615304752814,-0.06008320125686068,0.07963064712224129,20.897649994787805,-51.05618020568465,-70.6875
1773079158.4427025,84.04768263004928,3.425881475644409,-3.729681631946523,0.07695332132634639,0.8578885680681589,9.489858736872058,-0.000762548337229069,0.046594072024343715,0.06654067773228381,20.897649994787805,-51.05618020568465,-70.6875
1773079158.4695952,83.98403097471335,3.3897191208276523,-3.7393485288407686,0.10209184426003423,0.7685501011337726,9.934805848039845,-0.02248190277984958,0.0005258904022413426,-0.05890486225480862,20.475810124810124,-50.940174283003024,-73.375
1773079158.5007284,83.98403097471335,3.3897191208276523,-3.7393485288407686,0.10209184426003423,0.7685501011337726,9.934805848039845,-0.02248190277984958,0.0005258904022413426,-0.05890486225480862,20.475810124810124,-50.940174283003024,-73.375
1773079158.526607,84.0682567587128,3.3743166678427587,-3.7581326078014663,0.1713142000577925,0.9756735770730598,10.230913180137103,0.03163243308502728,-0.01661819888779032,0.055632369907319255,20.475810124810124,-50.940174283003024,-73.375
1773079158.540517,84.0682567587128,3.3743166678427587,-3.7581326078014663,0.1713142000577925,0.9756735770730598,10.230913180137103,0.03163243308502728,-0.01661819888779032,0.055632369907319255,20.475810124810124,-50.940174283003024,-73.375
1773079158.5686188,84.09333357668346,3.379744008537393,-3.752152257299908,0.21738090457681983,1.1135119365898276,9.999795003375315,0.011490749849130795,0.004759327829656051,0.018544123302439753,19.749643050687016,-52.166523083491484,-72.25
1773079158.5918567,84.03333354818733,3.3776349551910676,-3.7537588944689437,0.318996028072868,1.1857283143688142,9.845988438499543,-0.001525088384196283,0.002682051414258163,-0.039269908169872414,19.749643050687016,-52.166523083491484,-72.25
1773079158.6052277,84.03333354818733,3.3776349551910676,-3.7537588944689437,0.318996028072868,1.1857283143688142,9.845988438499543,-0.001525088384196283,0.002682051414258163,-0.039269908169872414,19.749643050687016,-52.166523083491484,-72.25
1773079158.6318293,84.03836859265445,3.3877918570887244,-3.7529469938303364,0.38484580212381375,1.227336757412983,9.837295015511566,-0.0007625441920981415,0.0013410257071290814,0.018544123302439753,19.630623879202652,-51.420770485896824,-72.25
1773079158.6447268,84.06851401408642,3.3373341769812535,-3.790950721438962,0.40471969163956467,1.1679415910797972,9.831509639624965,0.00659995045519714,-0.0006836595954792086,0.02181661564992912,19.630623879202652,-51.420770485896824,-72.25
1773079158.660499,84.07384959069076,3.337642197821221,-3.790944896524784,0.45987541588307534,1.1168840604901462,9.824314424891996,0.00804615424277449,0.00457526515258885,0.006544984694978736,19.630623879202652,-51.420770485896824,-72.25
1773079158.683727,84.05864859776118,3.337031939278254,-3.79126504012554,0.5223032892826694,1.1764417142729868,9.786074972789827,0.001235847626680813,-0.0037338363638717747,-0.02181661564992912,20.81478862144379,-51.357494398525844,-73.0625
1773079158.6989706,84.04877755128555,3.3322063632239747,-3.7969139552855666,0.5315945933753133,1.224946445164726,9.760627044578502,-0.005258924748068057,0.00144620378757735,-0.007635815477475192,20.81478862144379,-51.357494398525844,-73.0625
1773079158.710861,84.04877755128555,3.3322063632239747,-3.7969139552855666,0.5315945933753133,1.224946445164726,9.760627044578502,-0.005258924748068057,0.00144620378757735,-0.007635815477475192,20.81478862144379,-51.357494398525844,-73.0625
1773079158.7239957,84.03385326044636,3.1751666086449206,-4.003949400667878,0.4940740241612609,1.26230576296428,9.747036844333168,-0.002392810656742693,-0.0004733034345826715,0.00545415391248228,20.81478862144379,-51.357494398525844,-73.0625
1773079158.7375226,84.03385326044636,3.1751666086449206,-4.003949400667878,0.4940740241612609,1.26230576296428,9.747036844333168,-0.002392810656742693,-0.0004733034345826715,0.00545415391248228,20.81478862144379,-51.357494398525844,-73.0625
1773079158.7838197,84.03385326044636,3.1751666086449206,-4.003949400667878,0.4584607713593168,1.2484634736812625,9.774788946662897,-0.0037338363638717747,-0.001235847626680813,0.003272492347489368,19.832504424031033,-51.86520889065028,-72.6875
1773079158.8108788,84.02417402653921,3.0444364496476624,-4.168755641965985,0.4444366739326475,1.2365906515113643,9.793257660752035,0.002576873333809895,-0.002971292171773633,0.001090830782496456,19.832504424031033,-51.86520889065028,-72.6875
1773079158.8265133,84.02417402653921,3.0444364496476624,-4.168755641965985,0.4444366739326475,1.2365906515113643,9.793257660752035,0.002576873333809895,-0.002971292171773633,0.001090830782496456,19.832504424031033,-51.86520889065028,-72.6875
1773079158.8481784,84.02417402653921,3.0444364496476624,-4.168755641965985,0.4882418412019374,1.2453001058036008,9.752026596352191,-0.0010517849496136115,0.00028924075751547,0.003272492347489368,20.392948751466108,-51.24148847584422,-73.875
1773079158.8751776,84.01378317510398,2.91235550320551,-4.3782903617559565,0.4883653172230967,1.2590789501857649,9.724587783575263,-0.0037338363638717747,-0.001235847626680813,-0.009817477042468103,20.392948751466108,-51.24148847584422,-73.875
1773079158.920767,84.10869720699151,2.880801247679539,-4.428683217811142,0.46716002289143455,1.1908396213069259,9.779920017744868,0.017985518078748736,0.04483233399542155,0.04690572364734761,20.61592132541815,-52.08064846134472,-73.375
1773079158.9344206,84.10869720699151,2.880801247679539,-4.428683217811142,0.46716002289143455,1.1908396213069259,9.779920017744868,0.017985518078748736,0.04483233399542155,0.04690572364734761,20.61592132541815,-52.08064846134472,-73.375
1773079158.9583838,84.39902230336602,2.904103788139371,-4.504686985347343,0.453048136392372,1.1454271102213092,9.816743001483182,0.0386530958620175,0.0006836637406101339,0.16580627893946132,20.61592132541815,-52.08064846134472,-73.375
1773079158.9913588,84.66686269721758,2.9451340169129447,-4.4504057949228,0.5269521248609227,1.2414790203881483,9.550223567284565,-0.026031676466654153,-0.004154552830795775,0.15271630954950383,19.931938072043852,-51.50363185924084,-72.5625
1773079159.0065606,84.66686269721758,2.9451340169129447,-4.4504057949228,0.5269521248609227,1.2414790203881483,9.550223567284565,-0.026031676466654153,-0.004154552830795775,0.15271630954950383,19.931938072043852,-51.50363185924084,-72.5625
1773079159.0354538,84.63897708616385,2.9434329322897312,-4.386770260791533,0.634191150546643,1.2894348939507194,9.37285786104254,-0.009466064546522504,0.00260316681763923,-0.08835729338221293,19.931938072043852,-51.50363185924084,-72.5625
1773079159.0551574,84.55894815730993,2.9456521500403743,-4.393208297150174,0.6416951254688023,1.0891220044182255,9.42876877362384,0.010412675560818771,-0.052641834448339246,-0.044724062082354694,19.368480495806033,-50.959759806474565,-71.5
1773079159.068626,84.55894815730993,2.9456521500403743,-4.393208297150174,0.6416951254688023,1.0891220044182255,9.42876877362384,0.010412675560818771,-0.052641834448339246,-0.044724062082354694,19.368480495806033,-50.959759806474565,-71.5
1773079159.0958192,84.52887529419503,2.9372704465570707,-4.4244842914809865,0.5757306907171641,0.9753295248000007,9.465976861380879,0.015908245808481776,0.012595125911534001,-0.03599741582238305,19.368480495806033,-50.959759806474565,-71.5
1773079159.113343,84.63312033265724,2.935825732294702,-4.417158823803572,0.5292517811441737,1.0668375811927249,9.490738428141613,-0.010438964899517183,-0.00504856858717152,0.07744898555724837,19.368480495806033,-50.959759806474565,-71.5
1773079159.1310585,84.63312033265724,2.935825732294702,-4.417158823803572,0.5292517811441737,1.0668375811927249,9.490738428141613,-0.010438964899517183,-0.00504856858717152,0.07744898555724837,19.368480495806033,-50.959759806474565,-71.5
1773079159.147228,84.58894672314825,2.9278792802601186,-4.40390511004994,0.5434758336324337,1.1153174818675329,9.527287644459975,-0.018564003738910605,-0.0016828575774341492,-0.04581489286485115,19.931938072043852,-51.50363185924084,-71.875
1773079159.1646798,84.52908929935157,2.9454285356630656,-4.403924638391241,0.4811772012591151,1.0632367579839843,9.595097191833498,-0.00013147156427760357,-0.01693373727426605,-0.038179077387375956,19.931938072043852,-51.50363185924084,-71.875
1773079159.1868107,84.52908929935157,2.9454285356630656,-4.403924638391241,0.4811772012591151,1.0632367579839843,9.595097191833498,-0.00013147156427760357,-0.01693373727426605,-0.038179077387375956,19.931938072043852,-51.50363185924084,-71.875
1773079159.2084177,84.53966120376955,2.9260959193034406,-4.405328982337278,0.3810163379909238,1.0169662635504417,9.636878576420981,0.007388788131124616,0.010412671415687845,0.014180800172453928,19.931938072043852,-51.50363185924084,-71.875
1773079159.2399266,84.6134071343239,2.935110611938382,-4.417730389029731,0.32145622443757216,1.0119767650120066,9.664683621135305,0.006521065858578206,0.007257316566847012,0.008726646259971648,19.531190231189832,-51.78234751730626,-72.25
1773079159.2548645,84.58383625174514,2.9340375225407076,-4.418587306666682,0.35358421460905753,1.0929998656976871,9.683187567789986,-0.008125038839393422,0.0033657110097373715,-0.019634954084936207,19.531190231189832,-51.78234751730626,-72.25
1773079159.2710233,84.58383625174514,2.9340375225407076,-4.418587306666682,0.35358421460905753,1.0929998656976871,9.683187567789986,-0.008125038839393422,0.0033657110097373715,-0.019634954084936207,19.531190231189832,-51.78234751730626,-72.25
1773079159.291859,84.53905484521313,2.9322845154553883,-4.419692475209066,0.37496503317501506,1.1469198341166689,9.695501737586047,-0.011779990606646263,-0.005811112779269662,-0.030543261909900768,19.531190231189832,-51.78234751730626,-72.25
1773079159.308415,84.54891217811229,2.9326424828206545,-4.4194071789919445,0.3670192850866565,1.1021686000496211,9.720422238563634,0.00018406267706720146,-0.003444595606356305,0.004363323129985824,18.868299006939193,-51.60005249594943,-72.25
1773079159.3228948,84.57444612423866,2.8796970789709913,-4.483104479303007,0.37785835263854917,1.0679522648811184,9.737006553583981,0.005942584343547266,0.005153746667619789,0.020725784867432664,18.868299006939193,-51.60005249594943,-72.25
1773079159.3374126,84.57444612423866,2.8796970789709913,-4.483104479303007,0.37785835263854917,1.0679522648811184,9.737006553583981,0.005942584343547266,0.005153746667619789,0.020725784867432664,18.868299006939193,-51.60005249594943,-72.25
1773079159.362317,84.58432375687185,2.8494232251223877,-4.5301483274844205,0.4220828043164475,1.0662272496671,9.73131767143449,0.004391202475521647,-0.004601558636418185,0.001090830782496456,18.868299006939193,-51.60005249594943,-72.25
1773079159.3922553,84.57446763217561,2.849055204159735,-4.530427375792476,0.48344488225523324,1.1811927651549419,9.7141513370837,-0.004023077121387245,-0.002287632576294425,-0.009817477042468103,20.031371720056672,-51.1420548278314,-72.25
1773079159.4119399,84.57446763217561,2.849055204159735,-4.530427375792476,0.5049284106903232,1.2630228980242513,9.70272733333377,-0.003444595606356305,-0.00018406267706720146,0.001090830782496456,20.031371720056672,-51.1420548278314,-72.25
1773079159.435196,84.57446763217561,2.849055204159735,-4.530427375792476,0.48552030399013035,1.1949156938452603,9.731921015233189,-0.00144620378757735,-0.005258924748068057,-0.00545415391248228,20.031371720056672,-51.1420548278314,-72.25
1773079159.4496157,84.57446763217561,2.849055204159735,-4.530427375792476,0.48552030399013035,1.1949156938452603,9.731921015233189,-0.00144620378757735,-0.005258924748068057,-0.00545415391248228,20.031371720056672,-51.1420548278314,-72.25
1773079159.4646425,84.57446763217561,2.849055204159735,-4.530427375792476,0.4532521768100613,1.1549129768325692,9.761384419544415,0.0050748620710008565,0.0019983918187789548,0.007635815477475192,19.832504424031033,-51.86520889065028,-72.6875
1773079159.4854882,84.56548192117391,2.746062463463902,-4.66364766862791,0.439760898471984,1.157319988981024,9.780991985985745,0.0036286582834235063,-0.003260532929289103,0.008726646259971648,19.832504424031033,-51.86520889065028,-72.6875
1773079159.5007944,84.56548192117391,2.746062463463902,-4.66364766862791,0.4458612253685826,1.2137532007703027,9.777315043884984,-0.0019195072221600217,-0.0028661140913253647,0.0,19.832504424031033,-51.86520889065028,-72.6875
1773079159.5178099,84.56548192117391,2.746062463463902,-4.66364766862791,0.4458612253685826,1.2137532007703027,9.777315043884984,-0.0019195072221600217,-0.0028661140913253647,0.0,19.832504424031033,-51.86520889065028,-72.6875
1773079159.5471938,84.55576163374064,2.6762357694530627,-4.779091671666845,0.4724985485759752,1.2451000284944953,9.761487633161785,-0.002103569899227223,0.00057848151503094,-0.009817477042468103,20.11423309340069,-50.840740634990205,-72.25
1773079159.573303,84.55576163374064,2.6762357694530627,-4.779091671666845,0.47692072320933154,1.2175803697433158,9.764335114958536,-0.00115696303006188,-0.004207139798454446,-0.004363323129985824,20.11423309340069,-50.840740634990205,-72.25
1773079159.6010752,164.61472424437113,-0.009242476858653795,-1.3339927209204494,0.47575127843974363,1.1969279471903465,9.776265417407776,0.005548165505583527,-0.00039441883796373844,0.011999138607461015,20.11423309340069,-50.840740634990205,-72.25
1773079159.6303089,84.56270822091044,2.5207975974935515,-5.041142346879465,0.474973026009137,1.1831839906840218,9.784204900417535,0.002576873333809895,-0.002971292171773633,0.003272492347489368,20.392948751466108,-51.24148847584422,-73.875
1773079159.6521003,84.56270822091044,2.5207975974935515,-5.041142346879465,0.474973026009137,1.1831839906840218,9.784204900417535,0.002576873333809895,-0.002971292171773633,0.003272492347489368,20.392948751466108,-51.24148847584422,-73.875
1773079159.673861,84.5483060474175,2.4362360608840263,-5.2176816017884065,0.47622906323058634,1.1804882908170657,9.779453202548735,-0.004023077121387245,-0.002287632576294425,-0.011999138607461015,20.392948751466108,-51.24148847584422,-73.875
1773079159.6871622,84.54490808194416,2.354074480935611,-5.3040051724682655,0.4673888174836818,1.1813552659491005,9.776291000696991,-0.002392810656742693,-0.0004733034345826715,-0.003272492347489368,20.392948751466108,-51.24148847584422,-73.875
1773079159.7125475,84.54188694542138,2.307297982891957,-5.338123479886314,0.44352427215078544,1.1417763109584207,9.780876814103404,-0.0024979887371909615,-0.004969683990552588,0.001090830782496456,20.194081455440468,-51.9646425386631,-72.25
1773079159.7264102,84.54188694542138,2.307297982891957,-5.338123479886314,0.44352427215078544,1.1417763109584207,9.780876814103404,-0.0024979887371909615,-0.004969683990552588,0.001090830782496456,20.194081455440468,-51.9646425386631,-72.25
1773079159.7537508,84.5433544101465,2.2443167888730637,-5.412991021205763,0.4276426838161817,1.11543695853802,9.78392862169848,0.004785621313485386,0.000946606869165343,0.00545415391248228,20.194081455440468,-51.9646425386631,-72.25
1773079159.7801745,84.53511149038651,2.1636845985663626,-5.574369036630078,0.4450537854275028,1.1491918747839205,9.769234007025482,0.0007625441920981415,-0.0013410257071290814,0.002181661564992912,20.293515103453288,-51.60306550725366,-72.25
1773079159.824926,84.5361093071835,2.111389881493896,-5.6582257383388095,0.45664067905508815,1.1716553944784462,9.759454905110202,-0.004207139798454446,0.00115696303006188,-0.006544984694978736,20.293515103453288,-51.60306550725366,-72.25
1773079159.8405886,84.52795892685164,2.0642436769026404,-5.692214218762551,0.46080371628942585,1.1737031165852976,9.773017692269226,-0.002103569899227223,0.00057848151503094,-0.001090830782496456,20.533059952074133,-52.38196265418593,-71.5
1773079159.8639262,84.52925162967738,2.0192578901348828,-5.745673201250336,0.4571234214067552,1.1768398082932212,9.792078910739255,0.001525088384196283,-0.002682051414258163,0.003272492347489368,20.533059952074133,-52.38196265418593,-71.5
1773079159.8939006,84.52925162967738,2.0192578901348828,-5.745673201250336,0.4571234214067552,1.1768398082932212,9.792078910739255,0.001525088384196283,-0.002682051414258163,0.003272492347489368,20.533059952074133,-52.38196265418593,-71.5
1773079159.9088473,84.52599592225906,1.9586768636177014,-5.850400381401734,0.45467422627392545,1.1789272415857022,9.804763938703298,0.00028924075751547,0.0010517849496136115,0.002181661564992912,20.71535497343097,-51.71907142993528,-71.875
1773079159.937987,84.52219646754642,1.9242360596361066,-5.913206040239788,0.4686067468687815,1.186444618569877,9.799825236283043,-0.002103569899227223,0.00057848151503094,-0.004363323129985824,20.71535497343097,-51.71907142993528,-71.875
1773079159.955467,84.52326565705445,1.8964014971652825,-5.9354305789231665,0.47787868368820546,1.1914473489782418,9.796538584991286,-0.0037338363638717747,-0.001235847626680813,-0.003272492347489368,20.71535497343097,-51.71907142993528,-71.875
1773079159.9886146,84.52434561882394,1.8685676876624753,-5.957655013852767,0.46784154904723335,1.161071442582496,9.79769646697824,0.002682051414258163,0.001525088384196283,0.003272492347489368,19.92892482324111,-50.33603939166851,-72.6875
1773079160.004727,84.52434561882394,1.8685676876624753,-5.957655013852767,0.46784154904723335,1.161071442582496,9.79769646697824,0.002682051414258163,0.001525088384196283,0.003272492347489368,19.92892482324111,-50.33603939166851,-72.6875
1773079160.020023,84.52083020718662,1.8332763104548748,-6.010612228955849,0.4611619480658069,1.1408566161972347,9.798467024506168,0.002392810656742693,0.0004733034345826715,0.003272492347489368,19.92892482324111,-50.33603939166851,-72.6875
1773079160.0351384,84.52103342913809,1.8169704190388536,-6.051681889740015,0.4723598117002562,1.171672144897711,9.775564039982077,0.0013410257071290814,0.0007625441920981415,-0.001090830782496456,19.92892482324111,-50.33603939166851,-72.6875
1773079160.0506737,84.52103342913809,1.8169704190388536,-6.051681889740015,0.4723598117002562,1.171672144897711,9.775564039982077,0.0013410257071290814,0.0007625441920981415,-0.001090830782496456,19.92892482324111,-50.33603939166851,-72.6875
1773079160.075024,84.51657060585732,1.7859725349272835,-6.098782342937566,0.47981186486064925,1.1921795350158675,9.760322359624396,-0.002682051414258163,-0.001525088384196283,-0.00545415391248228,20.031371720056672,-51.1420548278314,-71.875
1773079160.1038764,84.51657060585732,1.7859725349272835,-6.098782342937566,0.47981186486064925,1.1921795350158675,9.760322359624396,-0.002682051414258163,-0.001525088384196283,-0.00545415391248228,20.031371720056672,-51.1420548278314,-71.875
1773079160.141479,84.51337002193506,1.75348459996457,-6.126701002141134,0.48033623419308047,1.1897000999120695,9.763559638436362,0.0018143291417117532,-0.0016302664646445516,0.002181661564992912,20.031371720056672,-51.1420548278314,-71.875
1773079160.1730137,84.51337002193506,1.75348459996457,-6.126701002141134,0.48033623419308047,1.1897000999120695,9.763559638436362,0.0018143291417117532,-0.0016302664646445516,0.002181661564992912,20.031371720056672,-51.1420548278314,-71.875
1773079160.1933606,84.51514187810228,1.704005319439461,-6.1854837246731815,0.48068519612622423,1.1880500635475968,9.765714011322952,0.003155354848840835,-0.00086772227254641,0.0,20.293515103453288,-51.60306550725366,-72.6875
1773079160.2170727,84.51158304305184,1.6695427496021524,-6.248276798406801,0.47091876569588415,1.1758244389836243,9.777183057535014,-0.0007625441920981415,0.0013410257071290814,-0.003272492347489368,20.293515103453288,-51.60306550725366,-72.6875
1773079160.2342813,84.5124446891711,1.6507074814416274,-6.259807556541436,0.46441931534266917,1.1676884224054753,9.7848155796715,0.00028924075751547,0.0010517849496136115,0.0,20.293515103453288,-51.60306550725366,-72.6875
1773079160.2481675,84.5124446891711,1.6507074814416274,-6.259807556541436,0.46441931534266917,1.1676884224054753,9.7848155796715,0.00028924075751547,0.0010517849496136115,0.0,20.293515103453288,-51.60306550725366,-72.6875
1773079160.2743602,84.51329389646916,1.6282182310895157,-6.286524991029372,0.46009400373622217,1.1622739942579774,9.789894937892473,0.002392810656742693,0.0004733034345826715,0.003272492347489368,19.368480495806033,-50.959759806474565,-72.6875
1773079160.3000672,84.50946906383668,1.6064001728979755,-6.323442949320918,0.4639888430487406,1.1706852743646572,9.789930082341062,0.00028924075751547,0.0010517849496136115,0.0,19.368480495806033,-50.959759806474565,-72.6875
1773079160.3170807,84.50946906383668,1.6064001728979755,-6.323442949320918,0.4639888430487406,1.1706852743646572,9.789930082341062,0.00028924075751547,0.0010517849496136115,0.0,19.368480495806033,-50.959759806474565,-72.6875
1773079160.3392198,84.50980702718057,1.5937496838764922,-6.349315760077061,0.46658081510301574,1.1762828873154973,9.78995347057901,-0.0016302664646445516,-0.001814329141711753,-0.002181661564992912,19.368480495806033,-50.959759806474565,-72.6875
1773079160.355968,84.51051682861427,1.579412871320535,-6.355502665279838,0.46475783251017316,1.167106536888949,9.789969035190099,-0.00057848151503094,-0.002103569899227223,-0.002181661564992912,19.32930968636145,-51.33790911255281,-72.25
1773079160.383372,84.51122370871896,1.5614220325174977,-6.376875415925056,0.46354465795868627,1.160999778186632,9.789979393264911,0.0,0.0,0.003272492347489368,19.32930968636145,-51.33790911255281,-72.25
1773079160.4076626,84.51175826279147,1.5479292718844435,-6.392904773602855,0.46362428160690383,1.160161173316179,9.789986286447991,0.0004733034345826715,-0.002392810656742693,0.001090830782496456,19.32930968636145,-51.33790911255281,-72.25
1773079160.4233227,84.51175826279147,1.5479292718844435,-6.392904773602855,0.46811215905626036,1.175729965287596,9.78664576207701,-0.0016302664646445516,-0.001814329141711753,-0.001090830782496456,20.392948751466108,-51.24148847584422,-71.875
1773079160.440363,84.50743758141395,1.5395979622548746,-6.413792957562819,0.46811215905626036,1.175729965287596,9.78664576207701,-0.0016302664646445516,-0.001814329141711753,-0.001090830782496456,20.392948751466108,-51.24148847584422,-71.875
1773079160.4598536,84.50797958773136,1.5261045591095206,-6.429822045134894,0.4710987913659311,1.1860908224297726,9.781077568716904,-0.0016302664646445516,-0.001814329141711753,-0.001090830782496456,20.392948751466108,-51.24148847584422,-71.875
1773079160.492752,84.50889130022601,1.503616270186592,-6.456536804427063,0.47042542852459485,1.1833097326326092,9.77737199823655,-0.0016302664646445516,-0.001814329141711753,0.0,20.293515103453288,-51.60306550725366,-72.6875
1773079160.511961,84.5092589140446,1.494621207015226,-6.467222573422771,0.4690903353154569,1.1782335736104308,9.774905982475808,0.0007625441920981415,-0.0013410257071290814,0.0,20.293515103453288,-51.60306550725366,-72.6875
1773079160.553156,84.5098240259193,1.4774751622327431,-6.498435468437177,0.46820184569874396,1.1748554464855827,9.776609988241555,0.0,0.0,0.0,20.11423309340069,-50.840740634990205,-71.5
1773079160.5923195,84.50588575590024,1.4637959012186306,-6.51482523261451,0.46761056578390087,1.1726073406201492,9.781089096750987,-0.0010517849496136115,0.00028924075751547,-0.002181661564992912,20.11423309340069,-50.840740634990205,-71.5
1773079160.6058807,84.50588575590024,1.4637959012186306,-6.51482523261451,0.46761056578390087,1.1726073406201492,9.781089096750987,-0.0010517849496136115,0.00028924075751547,-0.002181661564992912,20.11423309340069,-50.840740634990205,-71.5
1773079160.6181684,84.50626168511954,1.4548007156066949,-6.525510671805218,0.46544312008523336,1.1646605016217415,9.784069893429093,-0.003444595606356305,-0.00018406267706720146,-0.001090830782496456,20.11423309340069,-50.840740634990205,-71.5
1773079160.6301932,84.50663928766834,1.4458056779833868,-6.5361960352056405,0.464000709184725,1.1593719690403095,9.786053580320692,-0.002971292171773633,-0.0025768733338098946,-0.001090830782496456,19.931938072043852,-51.50363185924084,-71.375
1773079160.6498516,84.50663928766834,1.4458056779833868,-6.5361960352056405,0.464000709184725,1.1593719690403095,9.786053580320692,-0.002971292171773633,-0.0025768733338098946,-0.001090830782496456,19.931938072043852,-51.50363185924084,-71.375
1773079160.6656973,84.50701856347743,1.4368107889265773,-6.54688132302486,0.46392777860340667,1.159077884513121,9.787373701787818,0.0,0.0,0.0,19.931938072043852,-51.50363185924084,-71.375
1773079160.6853843,84.50701856347743,1.4368107889265773,-6.54688132302486,0.46392777860340667,1.159077884513121,9.787373701787818,0.0,0.0,0.0,19.931938072043852,-51.50363185924084,-71.375
1773079160.7072535,84.50741952188291,1.424162341400575,-6.572750318938133,0.467427155156965,1.1717836738613154,9.784907116170146,-0.0010517849496136115,0.00028924075751547,-0.002181661564992912,19.749643050687016,-52.166523083491484,-72.25
1773079160.7245011,84.50799637706574,1.4106707130202945,-6.588777745155096,0.46975595116276053,1.1802392347395716,9.783265630995153,-0.0016302664646445516,-0.001814329141711753,-0.001090830782496456,19.749643050687016,-52.166523083491484,-72.25
1773079160.9073992,84.49990907856031,1.3696376598168556,-6.637025975269036,0.4629513838571687,1.169460096591764,9.778362030056412,-0.00028924075751547,-0.0010517849496136115,0.0,19.531190231189832,-51.78234751730626,-71.875
1773079161.0034626,84.50133218042299,1.334503821593906,-6.689600803587692,0.46500341984001875,1.172242170364795,9.772219725885227,0.002287632576294425,-0.004023077121387245,-0.001090830782496456,21.477679845694432,-51.53978941988268,-73.375
1773079161.041109,84.50133218042299,1.334503821593906,-6.689600803587692,0.46500341984001875,1.172242170364795,9.772219725885227,0.002287632576294425,-0.004023077121387245,-0.001090830782496456,21.477679845694432,-51.53978941988268,-73.375
1773079161.091894,84.49723558823891,1.3253087402877637,-6.700649077711405,0.46725600462404593,1.177318984211921,9.768132091073337,0.0010517849496136115,-0.00028924075751547,0.0,21.477679845694432,-51.53978941988268,-73.375
1773079161.192307,84.49906437128385,1.2848346358778315,-6.748724149728082,0.4729780638102144,1.1820589652265554,9.769172749120784,0.002682051414258163,0.001525088384196283,0.001090830782496456,19.931938072043852,-51.50363185924084,-71.875
1773079161.2690775,84.49972890445764,1.26769059296761,-6.779929737064895,0.4708095965770609,1.1796733381408426,9.764062384769762,0.00028924075751547,0.0010517849496136115,-0.001090830782496456,19.931938072043852,-51.50363185924084,-72.6875
1773079161.3460853,84.49972890445764,1.26769059296761,-6.779929737064895,0.4702329726231192,1.1790389685263232,9.756013248269827,-0.0013410257071290814,-0.0007625441920981415,-0.001090830782496456,19.511604707718288,-50.67501788830217,-70.6875
1773079161.3953967,84.49972890445764,1.26769059296761,-6.779929737064895,0.4666238609941079,1.1795037803944175,9.760691972965825,-0.00028924075751547,-0.0010517849496136115,0.0,19.511604707718288,-50.67501788830217,-70.6875
1773079161.4511988,84.49972890445764,1.26769059296761,-6.779929737064895,0.4666238609941079,1.1795037803944175,9.760691972965825,-0.00028924075751547,-0.0010517849496136115,0.0,19.511604707718288,-50.67501788830217,-70.6875
1773079161.4673183,84.49972890445764,1.26769059296761,-6.779929737064895,0.46599599304178835,1.186263857158295,9.763805611986232,0.0,0.0,0.0,20.71535497343097,-51.71907142993528,-72.25
1773079161.4879322,84.49972890445764,1.26769059296761,-6.779929737064895,0.4655781539332642,1.19076261272965,9.765877703972686,0.00057848151503094,0.002103569899227223,0.002181661564992912,20.71535497343097,-51.71907142993528,-72.25
1773079161.5223541,84.50569369021451,1.2545669663723098,-6.796162367000626,0.4655781539332642,1.19076261272965,9.765877703972686,0.00057848151503094,0.002103569899227223,0.002181661564992912,20.71535497343097,-51.71907142993528,-72.25
1773079161.5490763,84.85977998036155,1.2288562985553195,-6.880914322592359,0.4265955760150693,1.3431719659512231,9.767256658042886,0.0327630984861289,0.02040463050958262,0.12980886311707826,22.502147863856003,-49.228709525165904,-72.6875
1773079161.603266,84.85977998036155,1.2288562985553195,-6.880914322592359,0.4265955760150693,1.3431719659512231,9.767256658042886,0.0327630984861289,0.02040463050958262,0.12980886311707826,22.502147863856003,-49.228709525165904,-72.6875
1773079161.6574924,84.92358250852392,1.2524611903883929,-6.823875413040249,0.40065310587443875,1.44459868799615,9.825041235597107,-0.01164851904236866,0.01112262449499639,-0.018544123302439753,22.502147863856003,-49.228709525165904,-72.6875
1773079161.6791148,85.02729930736406,1.258593895432303,-6.822474531090044,0.5161128477421629,1.565799540213397,9.863496226463415,0.00996566146493451,0.007441379243914213,0.050178215994836975,19.269046847793213,-51.321336837884004,-72.1875
1773079161.6991205,85.11338897579117,1.2440685702571053,-6.823756052986373,0.5308615729723978,1.4206811154335168,9.88908759331455,0.02311297126253919,0.026452392933578157,0.04145156973486533,19.269046847793213,-51.321336837884004,-72.1875
1773079161.7259002,85.11338897579117,1.2440685702571053,-6.823756052986373,0.5308615729723978,1.4206811154335168,9.88908759331455,0.02311297126253919,0.026452392933578157,0.04145156973486533,19.269046847793213,-51.321336837884004,-72.1875
1773079161.7449474,85.14356802357426,1.2288296243243995,-6.854574740902284,0.48261993793751895,1.3400720245048483,9.966330372811429,0.03231609268050648,-0.010018248432593182,0.017453292519943295,19.269046847793213,-51.321336837884004,-72.1875
1773079161.7911215,85.42251612495212,1.2241712724038865,-6.888520479900057,0.36085025863976,1.2000681578706807,10.255237510927895,0.017222978031781522,0.0009203133853360081,0.061086523819801536,20.11423309340069,-50.840740634990205,-71.0
1773079161.817492,85.72858256619377,1.264228183965554,-6.902987128260467,0.279813897323547,1.1068971485713062,10.447501984040208,-0.005627050102202461,0.00833539500028996,0.1908953869368798,20.11423309340069,-50.840740634990205,-71.0
1773079161.8383527,86.05194897433762,1.2738944457532517,-6.9005494331733095,0.27063717191051007,1.119318409074018,10.552036061210327,0.005180040151449125,0.006494772374748871,0.17780541754692233,20.11423309340069,-50.840740634990205,-71.0
1773079161.8691597,86.05194897433762,1.2738944457532517,-6.9005494331733095,0.27063717191051007,1.119318409074018,10.552036061210327,0.005180040151449125,0.006494772374748871,0.17780541754692233,20.11423309340069,-50.840740634990205,-71.0
1773079161.925518,86.61314336682801,1.2944435247557808,-6.910330731676048,0.29355853711964575,1.1196018193423416,10.49448807696675,0.006994369293160877,0.00486450591010432,0.16907877128695067,18.8682992444377,-54.19286106003586,-71.5
1773079161.9467838,86.99104667976673,1.3073904694927734,-6.9070558449029305,0.35025851172125316,1.1569628734739963,10.42608453093988,0.011043739898377458,0.01958949520469488,0.15926129424448257,18.8682992444377,-54.19286106003586,-71.5
1773079161.9774387,87.42703695562008,1.3479678878542605,-6.940266220137992,0.3853307781578524,1.1721501131613679,10.092883128347207,0.023533687729463192,-0.0008151311597568127,0.15707963267948966,18.771878607729114,-53.1292219949312,-69.875
1773079162.0073874,87.42703695562008,1.3479678878542605,-6.940266220137992,0.3853307781578524,1.1721501131613679,10.092883128347207,0.023533687729463192,-0.0008151311597568127,0.15707963267948966,18.771878607729114,-53.1292219949312,-69.875
1773079162.023804,87.61250181255637,1.3395670063384695,-6.940552346840687,0.4113319129690756,1.1919331760076544,9.871141317025334,0.006915484696541945,0.01280548207243054,0.16907877128695067,18.771878607729114,-53.1292219949312,-69.875
1773079162.0410953,87.96116077382189,1.3465067041581256,-6.9430449552784435,0.3872699465059882,1.2060661919758549,9.82727308153586,0.00794097616232622,7.888459661893302e-05,0.22143864884678055,18.771878607729114,-53.1292219949312,-69.875
1773079162.092647,88.5790637690068,1.371081838574285,-6.9525293388598595,0.3774658209358718,1.2380491800293822,9.798079260857916,0.01170110601002733,0.013752088941595882,0.2203478180642841,18.387703041543897,-53.34767481442839,-70.25
1773079162.1436093,88.5790637690068,1.371081838574285,-6.9525293388598595,0.3774658209358718,1.2380491800293822,9.798079260857916,0.01170110601002733,0.013752088941595882,0.2203478180642841,18.387703041543897,-53.34767481442839,-70.25
1773079162.190932,89.40113497653385,1.4038770425495117,-6.964698634011087,0.409645782835914,1.2486897681834057,9.788686434435046,0.011885168687094532,0.010307493335239578,0.20398535632683726,18.387703041543897,-53.34767481442839,-70.25
1773079162.2392042,90.19076683852091,1.3942540019482375,-6.9723549491231385,0.431061188006664,1.2557709607367502,9.742294272887541,0.008256510403671027,0.013568026264528682,0.20289452554434081,18.351545480902058,-54.89341658807896,-68.6875
1773079162.2631698,90.41637100197703,1.3968633688589183,-6.961412083200304,0.43910405660075663,1.2379057914760745,9.751562148099909,0.014488335504733763,0.01977355788176208,0.19853120241435498,18.351545480902058,-54.89341658807896,-68.6875
1773079162.4067845,91.14130830065473,1.4101783436312956,-6.9819536228390655,0.42744264390033837,1.227226234872059,9.75772981552479,0.008151332323222757,0.009071645708558765,0.18762289458939044,17.09054562542388,-55.00038323934938,-69.0625
1773079162.5710912,93.51634415444128,1.4398548033181318,-7.0153666014970675,0.44475164337802614,1.1909135911561801,9.764565837364797,0.015329764293450836,0.01049155601230678,0.1930770485018727,15.668342777712523,-56.16496269561748,-68.75
1773079162.6445096,94.4518315406856,1.4345549195050191,-7.019372088511019,0.4396676603279099,1.1762786653108313,9.783109184006443,0.006258118584892071,0.018642888335529538,0.20725784867432664,15.40318638301167,-57.12916811270932,-67.875
1773079162.7274644,95.57341179530961,1.4661346321870101,-7.022151289359539,0.4488052709790383,1.2137760947496294,9.78693640724237,0.012279587525058271,0.015855658840823107,0.2083486794568231,14.583611920982714,-58.459470315665456,-67.5
1773079162.7801878,95.91467440352321,1.4791092862173676,-7.029079461443694,0.4659105366525079,1.2266499929683312,9.781270989827732,0.007388788131124616,0.010412671415687845,0.2007128639793479,14.583611920982714,-58.459470315665456,-67.5
1773079162.818889,95.91467440352321,1.4791092862173676,-7.029079461443694,0.4659105366525079,1.2266499929683312,9.781270989827732,0.007388788131124616,0.010412671415687845,0.2007128639793479,14.583611920982714,-58.459470315665456,-67.5
1773079162.8639634,96.792654411438,1.4862938437208462,-7.036900012244235,0.47729389987986437,1.2352174284220112,9.747394712459275,0.0119903467675428,0.014803873891209494,0.19853120241435498,14.036726619413697,-57.85533542433094,-65.5625
1773079162.904959,97.13657796329896,1.4880258128538977,-7.036432231697907,0.48164402611819623,1.2418059387720948,9.754956433659256,0.007967269646155557,0.01251624131491507,0.210530341021816,14.036726619413697,-57.85533542433094,-65.5625
1773079162.9384248,97.88341642838665,1.50877567277995,-7.051909503183934,0.48719991981626526,1.2558666432985166,9.729882669282008,0.01141186525251186,0.012700303991982272,0.17235126363444003,11.614161268965677,-65.48611738772163,-65.875
1773079162.959156,97.88341642838665,1.50877567277995,-7.051909503183934,0.48719991981626526,1.2558666432985166,9.729882669282008,0.01141186525251186,0.012700303991982272,0.17235126363444003,11.614161268965677,-65.48611738772163,-65.875
1773079163.0017211,98.5375472025547,1.4835262744988127,-7.092349028995372,0.4908973050089311,1.265223885092489,9.743302364547123,0.01151704333296013,0.017196684547952187,0.19416787928436915,11.614161268965677,-65.48611738772163,-65.875
1773079163.0260642,99.02892175293506,1.4853064854628193,-7.117422493822693,0.5068238144164714,1.2573400116912918,9.745542798423601,0.009886776868315577,0.015382355406240434,0.16144295580947549,11.229984990284938,-57.92614451495952,-63.5
1773079163.0633824,99.02892175293506,1.4853064854628193,-7.117422493822693,0.5068238144164714,1.2573400116912918,9.745542798423601,0.009886776868315577,0.015382355406240434,0.16144295580947549,11.229984990284938,-57.92614451495952,-63.5
1773079163.1011097,99.2942598106627,1.4690184738490157,-7.126376098577548,0.4775087165967786,1.2457232632285868,9.75372400555575,0.010176017625831047,0.016434140355854047,0.15817046346198613,11.229984990284938,-57.92614451495952,-63.5
1773079163.1491284,99.81834373130962,1.449531174846028,-7.136312215626493,0.44066345835205173,1.2254134837901038,9.759168507512122,0.008440573080738227,0.010123430658172375,0.19634954084936207,11.715100947633596,-59.22631517988228,-63.0625
1773079163.1730409,100.2241835303278,1.45922627999801,-7.129592758933585,0.41259543953795136,1.1989960531329966,9.762791762745016,0.009097939192388101,0.00428602439507338,0.17889624832941878,11.715100947633596,-59.22631517988228,-63.0625
1773079163.2001472,100.2241835303278,1.45922627999801,-7.129592758933585,0.41259543953795136,1.1989960531329966,9.762791762745016,0.009097939192388101,0.00428602439507338,0.17889624832941878,11.715100947633596,-59.22631517988228,-63.0625
1773079163.2257333,100.72801044051832,1.4542300640624561,-7.141727796778775,0.39746439759821944,1.1943170474486269,9.795309003993967,0.007599144292021153,0.01940543252762768,0.1832595714594046,11.83110687031522,-58.804475309904596,-63.5625
1773079163.241304,100.72801044051832,1.4542300640624561,-7.141727796778775,0.39746439759821944,1.1943170474486269,9.795309003993967,0.007599144292021153,0.01940543252762768,0.1832595714594046,11.83110687031522,-58.804475309904596,-63.5625
1773079163.259311,101.04982120229025,1.4328770197687384,-7.177823348846775,0.4015865023750921,1.242809218697192,9.756736854072011,0.007888385049536623,0.020457217477241288,0.1930770485018727,11.83110687031522,-58.804475309904596,-63.5625
1773079163.2882662,101.63081755321487,1.442750115774648,-7.187261563721724,0.4269073408599961,1.2688713726487748,9.77455397137325,0.0057848151503094,0.021035698992272228,0.16907877128695067,9.685749959784987,-59.77018747014706,-63.0625
1773079163.3247285,101.94688479600592,1.4240106941264472,-7.192286659498794,0.4223093353134206,1.2712980847972917,9.786411063906982,0.006836600099923012,0.020746458234756758,0.18980455615438332,9.685749959784987,-59.77018747014706,-63.0625
1773079163.3552165,101.94688479600592,1.4240106941264472,-7.192286659498794,0.4223093353134206,1.2712980847972917,9.786411063906982,0.006836600099923012,0.020746458234756758,0.18980455615438332,9.685749959784987,-59.77018747014706,-63.0625
1773079163.3922272,102.37012544706137,1.4410115292791141,-7.189544724068777,0.44061752381613734,1.24969033839763,9.79430182653578,0.013042131717156413,0.014514633133694024,0.19853120241435498,9.263910089807306,-59.654181547465434,-61.5625
1773079163.43587,102.92738420982532,1.4279339455340936,-7.194460018115325,0.4269984201170319,1.2424064466244735,9.79286281750501,0.008940169999150234,0.020167976719725818,0.21380283336930536,9.263910089807306,-59.654181547465434,-61.5625
1773079163.4524803,102.92738420982532,1.4279339455340936,-7.194460018115325,0.4269984201170319,1.2424064466244735,9.79286281750501,0.008940169999150234,0.020167976719725818,0.21380283336930536,9.263910089807306,-59.654181547465434,-61.5625
1773079163.4822886,103.47035056159486,1.4333091808722134,-7.195292689294153,0.441077124091878,1.2207871514474409,9.791905173069818,0.014751282778419895,0.008387986113079556,0.18980455615438332,8.45488140484167,-58.589035976708665,-60.75
1773079163.5044045,103.89504044172062,1.4241115840067802,-7.209307900879517,0.4052910967120645,1.2188174406530585,9.804648318225064,0.016407842726893784,0.022639671973087448,0.18980455615438332,8.45488140484167,-58.589035976708665,-60.75
1773079163.534358,103.89504044172062,1.4241115840067802,-7.209307900879517,0.4052910967120645,1.2188174406530585,9.804648318225064,0.016407842726893784,0.022639671973087448,0.18980455615438332,8.45488140484167,-58.589035976708665,-60.75
1773079163.5497086,104.23248848846622,1.4479288205587006,-7.214826095409087,0.39058757818542017,1.2254087890890637,9.813128738975621,-0.00428602439507338,0.009097939192388101,0.19962203319685143,8.239441834147227,-59.37245287809578,-61.5625
1773079163.6333606,105.05649205392831,1.4728454870550098,-7.2370607240899165,0.35177417739423034,1.2377780576846984,9.838843034496527,0.0015776753518549538,0.02219266202233411,0.19634954084936207,7.635306942812713,-59.9193381796648,-61.1875
1773079163.6915998,105.41688237271468,1.4800263224848986,-7.231818503789589,0.3531987106821926,1.2315761182617004,9.815814270430355,0.0028135229785357673,0.01845882565846234,0.20289452554434081,7.635306942812713,-59.9193381796648,-61.1875
1773079163.737307,106.05522215334983,1.4638012596708418,-7.2237584208398005,0.33173037233098307,1.1711660054547228,9.800488885192467,0.013620613232187353,0.016618203032921247,0.18544123302439752,6.188998817174957,-59.52160358761352,-61.875
1773079163.786071,106.52920250769357,1.4623831293912406,-7.2162619738327844,0.3647758031881879,1.176925344697581,9.786944900805103,0.00042071232179307396,0.017985522223879665,0.210530341021816,6.188998817174957,-59.52160358761352,-61.875
1773079163.8218863,107.220073743529,1.4521563536003421,-7.217592562980214,0.3803164186240585,1.182532076148037,9.777931530491532,0.01267400636302201,0.02140382434640663,0.20725784867432664,6.793133708509471,-58.9747182860445,-59.1875
1773079163.8532321,107.80097634098384,1.4346645052553075,-7.236792655571508,0.3906585245965812,1.1862632932970214,9.765243009819155,0.017932931111090067,0.01995762055882928,0.20398535632683726,6.793133708509471,-58.9747182860445,-59.1875
1773079163.9137728,108.30330699567652,1.4218443250064774,-7.254144029595133,0.37407647902939434,1.1917298461215602,9.796940281539584,0.009702714191248376,0.01882695101259674,0.2301652951067522,6.677127785827848,-59.39655815602218,-59.25
1773079163.9423542,108.69899443543113,1.409059661702216,-7.26101653093527,0.36304131293801756,1.1953677759608945,9.797963791543888,0.005311511715726728,0.023428509649014922,0.2476185876266955,6.677127785827848,-59.39655815602218,-59.25
1773079163.9630926,109.09301272718116,1.4246117749504177,-7.259222983246416,0.38706430370465095,1.1856936251998136,9.798644926018396,0.003681245251082177,0.02161418050730317,0.22362031041177347,6.677127785827848,-59.39655815602218,-59.25
1773079164.0052822,109.09301272718116,1.4246117749504177,-7.259222983246416,0.38706430370465095,1.1856936251998136,9.798644926018396,0.003681245251082177,0.02161418050730317,0.22362031041177347,6.677127785827848,-59.39655815602218,-59.25
1773079164.038712,109.82848893285856,1.4460736629535755,-7.252524077979973,0.4057122689860085,1.1889317104225832,9.7455764260853,0.01170110601002733,0.013752088941595882,0.22362031041177347,6.188998817174957,-59.52160358761352,-59.25
1773079164.0618908,110.10346138906765,1.46368721823374,-7.233458931287584,0.4105426488145384,1.21398677998114,9.710259932193813,-0.006284416213852334,0.014172801263388955,0.25089107997418486,6.188998817174957,-59.52160358761352,-59.25
1773079164.0826743,110.51309733392455,1.4801072155775603,-7.2310946121714785,0.41375721263154686,1.2306606488888938,9.71017298197135,-0.010202315254791311,0.01638154924306445,0.23671027980173096,6.188998817174957,-59.52160358761352,-59.25
1773079164.0988219,110.7478242899123,1.4855321683112435,-7.23121976646011,0.4555685755257204,1.2724786204937204,9.720150452691557,0.00520633363527846,0.018932129093045008,0.20507618710933373,4.742690691537197,-59.12386899556224,-57.6875
1773079164.1133409,110.98243915694509,1.4941120721735397,-7.225094305093664,0.46742797078494647,1.2422512665378374,9.726790348000204,0.012752890959640942,0.013462848184080412,0.20616701789183017,4.742690691537197,-59.12386899556224,-57.6875
1773079164.1366417,111.34230901710883,1.5011407105103933,-7.2360209863723925,0.4433890537738523,1.2447935548197928,9.731209124155617,0.009886776868315577,0.015382355406240434,0.2279836335417593,4.742690691537197,-59.12386899556224,-57.6875
1773079164.1775284,111.34230901710883,1.5011407105103933,-7.2360209863723925,0.4433890537738523,1.2447935548197928,9.731209124155617,0.009886776868315577,0.015382355406240434,0.2279836335417593,4.742690691537197,-59.12386899556224,-57.6875
1773079164.2169101,112.03122791711641,1.5133048807935914,-7.226938556768054,0.42473048975471384,1.2368092947852891,9.780981334228553,0.004811914797314722,0.013383963587461481,0.2530727415391778,3.8643598965921186,-59.724990875592525,-58.5
1773079164.2315164,112.41910927885033,1.5253739348532107,-7.231479200312659,0.4246504815972715,1.2385110501287262,9.77730795525956,0.008256510403671027,0.013568026264528682,0.21380283336930536,3.8643598965921186,-59.724990875592525,-58.5
1773079164.2560172,112.74728903484542,1.5368606185273161,-7.245716668807788,0.4645112489818869,1.2460136680827758,9.774863362590029,0.007678028888640087,0.011464456365301459,0.19853120241435498,3.8643598965921186,-59.724990875592525,-58.5
1773079164.2905679,113.08000133028172,1.5299113335881491,-7.25131095622542,0.4910381444024011,1.2510065765214617,9.773236513476345,0.013226194394223614,0.01107003752733772,0.19525871006686563,3.6820648752352825,-60.38788209984316,-56.5
1773079164.313744,113.3225367624833,1.5108952501701132,-7.254818597098704,0.4852268954169083,1.2573127708052818,9.772153863564283,0.007204725454057415,0.01385726702204415,0.22471114119426994,3.6820648752352825,-60.38788209984316,-56.5
1773079164.3396344,113.3225367624833,1.5108952501701132,-7.254818597098704,0.4852268954169083,1.2573127708052818,9.772153863564283,0.007204725454057415,0.01385726702204415,0.22471114119426994,3.6820648752352825,-60.38788209984316,-56.5
1773079164.3682096,113.92086903336524,1.520437681504869,-7.241074865838469,0.474263752051492,1.2357064740245605,9.81491982433695,0.006442181261959273,0.015198292729173231,0.2083486794568231,3.5027828651826796,-59.625557227579705,-57.25
1773079164.4079547,114.3100626999782,1.5136821785104784,-7.236470949899149,0.4161682522296282,1.2006046874677907,9.843380093504075,0.004811914797314722,0.013383963587461481,0.22689280275926285,3.5027828651826796,-59.625557227579705,-57.25
1773079164.433758,114.84838453671746,1.5266490830251136,-7.258274720408307,0.42830599644594824,1.197967878034258,9.86232008471276,0.00347088909018564,0.01262141939536334,0.2530727415391778,2.6380110961036594,-58.99882380146941,-56.0625
1773079164.4638054,115.20115698508971,1.5441849923424287,-7.297527843923013,0.44347935171589764,1.2220161094431308,9.79464175631291,0.006626243939026475,0.011753697122816929,0.19962203319685143,2.6380110961036594,-58.99882380146941,-56.0625
1773079164.5398567,115.87718209765684,1.560640798295472,-7.3299923444646895,0.4535770501505646,1.2380199388093889,9.749602584779273,0.008545751161186495,0.01461981121414229,0.1636246173744684,1.5728655253468868,-59.807852486435046,-55.6875
1773079164.620156,116.62476631803204,1.5458217530865708,-7.322272797268907,0.47344036031271014,1.2207708181142167,9.739700189488067,0.010176017625831047,0.016434140355854047,0.18762289458939044,1.5728655253468868,-59.807852486435046,-55.6875
1773079164.6412694,117.0370175546329,1.5317188164403401,-7.322122378885156,0.4608561727061074,1.2163875430583584,9.733110256038772,0.008361688484119294,0.018064406820498598,0.19198621771937624,2.0338762047691454,-59.545709103038426,-54.875
1773079164.6627018,117.37659498411895,1.5164591962076672,-7.331666638469815,0.48046165766753357,1.264753983524907,9.742105175771925,0.014383157424285494,0.015277177325792167,0.2007128639793479,2.0338762047691454,-59.545709103038426,-54.875
1773079164.6932068,117.79348324629746,1.5284444811960116,-7.34292776689896,0.49028351407277093,1.2978282871270383,9.704604742179349,0.0015513818680256185,0.009755305304037974,0.16471544815696484,1.771732821372526,-59.08469842361617,-53.6875
1773079164.722622,117.79348324629746,1.5284444811960116,-7.34292776689896,0.5009322023822905,1.3221772637788676,9.723135074725933,0.00404937060521658,0.014724989294590561,0.1712604328519436,1.771732821372526,-59.08469842361617,-53.6875
1773079164.7648284,117.98399551981518,1.5387583162555516,-7.362288272569344,0.5009322023822905,1.3221772637788676,9.723135074725933,0.00404937060521658,0.014724989294590561,0.1712604328519436,1.771732821372526,-59.08469842361617,-53.6875
1773079164.8018985,118.50715687342027,1.5604997826709275,-7.365527563429839,0.5121311380877923,1.3407196328135589,9.735466804038307,0.004417495959350983,0.007835798081877952,0.15707963267948966,0.9265465757650506,-59.56529462650997,-52.875
1773079164.871126,118.93912240238991,1.5828528517646094,-7.372514838922806,0.5342593595357624,1.3559622108915237,9.743673432141248,0.003286826413118438,0.01606601500171964,0.1505346479845109,0.9265465757650506,-59.56529462650997,-52.875
1773079164.9149792,119.4191651364192,1.5889030234902997,-7.370403014617113,0.5472114882005877,1.3596552266737063,9.739099516347755,0.009176823789007034,-0.003654951767252841,0.15271630954950383,0.22599104772194836,-59.04854086297433,-53.25
1773079164.952593,119.84350170650765,1.5861138393176544,-7.3823872215268445,0.5272864223548163,1.321392528618336,9.736055626481173,0.011385571768682524,0.0002629472736861348,0.15162547876700738,0.22599104772194836,-59.04854086297433,-53.25
1773079164.9738493,120.09269973624397,1.5748081999002022,-7.39059553512355,0.5140265136120248,1.2959291304848302,9.754100622021356,0.00491709287776299,0.017880344143431398,0.1439896632895322,0.22599104772194836,-59.04854086297433,-53.25
1773079165.0002801,120.09269973624397,1.5748081999002022,-7.39059553512355,0.5140265136120248,1.2959291304848302,9.754100622021356,0.00491709287776299,0.017880344143431398,0.1439896632895322,0.22599104772194836,-59.04854086297433,-53.25
1773079165.0234828,120.32498043911843,1.5819332480760897,-7.407057262950825,0.5202001835146137,1.2956748391650716,9.782834923514137,0.011017446414548122,0.007152138486398743,0.1407171709420428,-0.15667801281115193,-58.55438563421446,-53.25
1773079165.0561833,120.53869431282759,1.5774499236282373,-7.411529714331434,0.526082647390744,1.3019563607903417,9.815337727003682,0.01141186525251186,0.012700303991982272,0.1265363707695889,-0.15667801281115193,-58.55438563421446,-53.25
1773079165.1017718,120.91716580200024,1.5616104471530883,-7.412785857634535,0.5170958620729829,1.3096845543035027,9.836967979645868,0.00920311727283637,0.008782404951043295,0.13744467859455345,0.14162293122730707,-57.469654539986145,-52.0625
1773079165.1196644,121.13374435813343,1.573089337122666,-7.416555783972007,0.5078898820040079,1.3157145585171175,9.85136267115349,0.006626243939026475,0.011753697122816929,0.12544553998709243,0.14162293122730707,-57.469654539986145,-52.0625
1773079165.1392493,121.13374435813343,1.573089337122666,-7.416555783972007,0.5078898820040079,1.3157145585171175,9.85136267115349,0.006626243939026475,0.011753697122816929,0.12544553998709243,0.14162293122730707,-57.469654539986145,-52.0625
1773079165.159539,121.26262452348209,1.5723160796367546,-7.4185925724892865,0.48579780542232104,1.2616707120401731,9.8141106136501,0.014277979343837224,0.01078079676982225,0.11562806294462433,0.14162293122730707,-57.469654539986145,-52.0625
1773079165.204594,121.63264991367001,1.544357612468929,-7.430767244427654,0.47641764180298046,1.245057384892937,9.789319785514344,0.006442181261959273,0.015198292729173231,0.1341721862470641,-0.7035633143801667,-57.950250742879945,-51.6875
1773079165.2264733,121.88125991663448,1.5448812959199558,-7.428792911906462,0.4551772566495721,1.2173100855661805,9.792892436565609,0.008072447726603826,0.017012621870884988,0.1461713248545251,-0.7035633143801667,-57.950250742879945,-51.6875
1773079165.2495477,122.09189271006963,1.5469265951306663,-7.436387751069706,0.44281597312099646,1.2052953174798162,9.852136894955528,0.0024979887371909615,0.004969683990552588,0.12217304763960307,-0.7035633143801667,-57.950250742879945,-51.6875
1773079165.2839215,122.09189271006963,1.5469265951306663,-7.436387751069706,0.44281597312099646,1.2052953174798162,9.852136894955528,0.0024979887371909615,0.004969683990552588,0.12217304763960307,-0.7035633143801667,-57.950250742879945,-51.6875
1773079165.3093815,122.3910331374463,1.5533238174168358,-7.427509182224136,0.4474911763332128,1.1937517124913568,9.891563420210057,0.006231825101062736,0.006205531617233401,0.09053895494720585,0.42033858929272977,-57.87040238084016,-52.0625
1773079165.3238332,122.51996224954502,1.5500732015557028,-7.436089441681993,0.4585852716871607,1.215097945782826,9.850899098197411,0.00039441883796373844,0.005548165505583527,0.11562806294462433,0.42033858929272977,-57.87040238084016,-52.0625
1773079165.3383517,122.51996224954502,1.5500732015557028,-7.436089441681993,0.4585852716871607,1.215097945782826,9.850899098197411,0.00039441883796373844,0.005548165505583527,0.11562806294462433,0.42033858929272977,-57.87040238084016,-52.0625
1773079165.3584688,122.64949173389681,1.535318505824067,-7.455201810869025,0.4879814504704491,1.2336578835110663,9.823837446148238,-0.0010254914657842763,0.012726597475811606,0.11671889372712078,0.42033858929272977,-57.87040238084016,-52.0625
1773079165.3872397,122.90079990630014,1.5533278644113122,-7.467771689973672,0.4767419500927534,1.2475413649248315,9.805828219007973,0.00086772227254641,0.003155354848840835,0.11235557059713497,-0.421834645010511,-56.92578248721987,-50.0625
1773079165.452127,123.11815755768606,1.5485361931194785,-7.4949822246002915,0.49127537039924407,1.2611349246428607,9.793843279522376,0.012437356718296136,-2.6293483829335327e-05,0.07308566242726255,-0.421834645010511,-56.92578248721987,-50.0625
1773079165.4775121,123.11815755768606,1.5485361931194785,-7.4949822246002915,0.49127537039924407,1.2611349246428607,9.793843279522376,0.012437356718296136,-2.6293483829335327e-05,0.07308566242726255,-0.421834645010511,-56.92578248721987,-50.0625
1773079165.5125575,123.37401965229994,1.5332497511887413,-7.516723121192889,0.48159495029042315,1.2755031533463037,9.785867436175257,0.0027872294947064316,0.0060214689401661995,0.0916297857297023,-1.50656573923883,-56.62748154318141,-48.5
1773079165.5437052,123.6809187279504,1.5173617023654713,-7.529138986993013,0.47532310598990196,1.320253414228371,9.677816562855474,0.01054414297996545,0.009544949143141437,0.09599310885968812,-1.50656573923883,-56.62748154318141,-48.5
1773079165.5768995,123.6809187279504,1.5173617023654713,-7.529138986993013,0.47532310598990196,1.320253414228371,9.677816562855474,0.01054414297996545,0.009544949143141437,0.09599310885968812,-1.50656573923883,-56.62748154318141,-48.5
1773079165.5967677,124.07429368722745,1.5311439876016546,-7.556915249633275,0.4780303068717014,1.3431814232143853,9.63672463444417,-0.0004733034345826715,0.002392810656742693,0.08944812416470939,-1.4704081785969905,-55.081739769530834,-49.6875
1773079165.6375062,124.07429368722745,1.5311439876016546,-7.556915249633275,0.4780303068717014,1.3431814232143853,9.63672463444417,-0.0004733034345826715,0.002392810656742693,0.08944812416470939,-1.4704081785969905,-55.081739769530834,-49.6875
1773079165.6734247,124.27503531354162,1.543716854880593,-7.576259263291676,0.504469815211223,1.3317975062714755,9.701377403249893,0.002392810656742693,0.0004733034345826715,0.0719948316447661,0.43992363776725946,-53.792114881671395,-50.0625
1773079165.6887727,124.27503531354162,1.543716854880593,-7.576259263291676,0.504469815211223,1.3317975062714755,9.701377403249893,0.002392810656742693,0.0004733034345826715,0.0719948316447661,0.43992363776725946,-53.792114881671395,-50.0625
1773079165.7165942,124.3416948065861,1.5415754133054866,-7.573088442599633,0.5306122540525956,1.3426869079263175,9.804615109403102,0.003155354848840835,-0.00086772227254641,0.02945243112740431,0.43992363776725946,-53.792114881671395,-50.0625
1773079165.7348588,124.3416948065861,1.5415754133054866,-7.573088442599633,0.5306122540525956,1.3426869079263175,9.804615109403102,0.003155354848840835,-0.00086772227254641,0.02945243112740431,0.43992363776725946,-53.792114881671395,-50.0625
1773079165.7886224,124.53076381565867,1.5414613855814274,-7.543317451129756,0.5338181109084018,1.298327685821433,9.813106638875572,-0.010701912173203315,0.006337003181511005,0.07526732399225546,-1.7882946461069924,-55.05914123475505,-49.5
1773079165.839708,124.59079990675957,1.5412239390498,-7.53352597222132,0.5769138242642105,1.3546827254459803,9.862244109078054,0.00260316681763923,0.009466064546522504,0.007635815477475192,-1.7882946461069924,-55.05914123475505,-49.5
1773079165.8686988,124.72419719454487,1.53448331946556,-7.533760102795871,0.6120442897497889,1.3904124192687066,9.88156409976702,0.00804615424277449,0.00457526515258885,0.05345070834232634,-1.1254034218563547,-55.24143625611189,-49.5
1773079165.8869948,124.72419719454487,1.53448331946556,-7.533760102795871,0.6120442897497889,1.3904124192687066,9.88156409976702,0.00804615424277449,0.00457526515258885,0.05345070834232634,-1.1254034218563547,-55.24143625611189,-49.5
1773079165.9218354,124.81478557408084,1.5075253726450764,-7.52081443344668,0.6416320664187195,1.436767755183722,9.89442133775209,0.01325248787805295,0.023507394245633858,0.038179077387375956,-1.1254034218563547,-55.24143625611189,-49.5
1773079165.974022,124.86083997155569,1.5170699415291289,-7.522223975586821,0.6613224012747709,1.4676167134121334,9.872871680640522,-0.00457526515258885,0.00804615424277449,0.02945243112740431,-1.5698420641083166,-52.85050823685384,-48.25
1773079166.0211542,124.86083997155569,1.5170699415291289,-7.522223975586821,0.6613224012747709,1.4676167134121334,9.872871680640522,-0.00457526515258885,0.00804615424277449,0.02945243112740431,-1.5698420641083166,-52.85050823685384,-48.25
1773079166.0681858,124.96408511878084,1.532829367449784,-7.516679917638593,0.6229813763639798,1.4398463589481825,9.845150177728938,-0.011858875203265196,0.0021298633830565588,0.038179077387375956,-1.5698420641083166,-52.85050823685384,-48.25
1773079166.1435428,124.98482989383365,1.5516025681544379,-7.530103079006461,0.5761783863387335,1.3439565023722164,9.789905598430243,-0.00949235803035184,-0.009834189900656905,0.0272707695624114,-0.5423607971440069,-51.7070208097094,-46.5625
1773079166.1769276,125.05820081842907,1.5451432232672917,-7.540140794750152,0.5826877650265456,1.328765401752073,9.753140948029348,0.007835798081877952,-0.004417495959350983,-0.009817477042468103,-0.5423607971440069,-51.7070208097094,-46.5625
1773079166.2517645,125.16411010063165,1.5162679834612143,-7.555576453792431,0.5834717727880225,1.3057543946691816,9.748745154119524,0.006705128535645407,0.0038127209604907073,0.03490658503988659,-2.3562722142981767,-51.467476198587065,-47.5
1773079166.3689802,125.1716088374649,1.5035989843060225,-7.550921116362404,0.5710920218794461,1.293988737546047,9.74916491408409,0.005653343586031796,0.004101961718006177,-0.011999138607461015,-2.3562722142981767,-51.467476198587065,-47.5
1773079166.41006,125.18724786477125,1.4998766085567035,-7.563733811908673,0.5305996876509206,1.295028601763447,9.749444259651483,0.0024979887371909615,0.004969683990552588,0.011999138607461015,-1.892248523571685,-49.78011671867635,-47.75
1773079166.4483707,125.20973888567616,1.4871884280035799,-7.602895618591884,0.5376801953609637,1.2933015918401873,9.732904602469493,-0.006126647020614467,-0.0017091510612634849,-0.006544984694978736,-1.892248523571685,-49.78011671867635,-47.75
1773079166.4732342,125.20973888567616,1.4871884280035799,-7.602895618591884,0.5376801953609637,1.2933015918401873,9.732904602469493,-0.006126647020614467,-0.0017091510612634849,-0.006544984694978736,-1.892248523571685,-49.78011671867635,-47.75
1773079166.5224514,125.21074464980705,1.4716949822854983,-7.604746222518437,0.5448112220914386,1.3261799898383384,9.721897645374954,0.005442987425135259,-0.004890799393933655,0.003272492347489368,-0.873806528018579,-50.31946901698777,-47.75
1773079166.5419502,125.21239164132474,1.4525005099326331,-7.575599699892923,0.5503631876068614,1.3131455148600375,9.74467864375018,-0.0022087479796754914,-0.003917899040938976,-0.004363323129985824,-0.873806528018579,-50.31946901698777,-47.75
1773079166.5877435,125.22217674670776,1.4422602013495383,-7.5639201176648605,0.5124506347842936,1.191018656804069,9.759839143688467,0.010333786819068914,0.0005521880312016049,-0.002181661564992912,-0.01204824524080858,-47.18580141143929,-48.1875
1773079166.6612558,125.26724134148805,1.4320514243643694,-7.558715749366305,0.4968963788787635,1.1070836637336625,9.753202728506919,-0.014724989294590561,0.00404937060521658,0.009817477042468103,-0.01204824524080858,-47.18580141143929,-48.1875
1773079166.6904328,125.2683160422613,1.4142032759698502,-7.567145596866192,0.45179177550596555,1.1266996293740843,9.748786268337213,-0.01112262449499639,-0.01164851904236866,-0.00545415391248228,-0.23050082723948423,-49.394434409340505,-46.1875
1773079166.7168236,125.29749420654457,1.4072085934198755,-7.5711960581876205,0.46846246360215793,1.1581384757216502,9.812749397575754,0.002682051414258163,0.001525088384196283,0.016362461737446838,-0.23050082723948423,-49.394434409340505,-46.1875
1773079166.7454655,125.29749420654457,1.4072085934198755,-7.5711960581876205,0.46846246360215793,1.1581384757216502,9.812749397575754,0.002682051414258163,0.001525088384196283,0.016362461737446838,-0.23050082723948423,-49.394434409340505,-46.1875
1773079166.7820363,125.27550034186933,1.4033881632537946,-7.578006572974339,0.47955662030638596,1.1790606767710303,9.855316145569033,0.00457526515258885,-0.00804615424277449,-0.017453292519943295,-0.23050082723948423,-49.394434409340505,-46.1875
1773079166.8290086,125.29168882246218,1.3907606203886889,-7.595051779466231,0.5310741420650783,1.3070256773092608,9.88242493538585,-0.00018406267706720146,0.003444595606356305,0.022907446432425576,-1.4945139315204063,-48.33380859303859,-47.5
1773079166.8628674,125.29168882246218,1.3907606203886889,-7.595051779466231,0.5310741420650783,1.3070256773092608,9.88242493538585,-0.00018406267706720146,0.003444595606356305,0.022907446432425576,-1.4945139315204063,-48.33380859303859,-47.5
1773079166.9171374,125.32133438388477,1.37720342506998,-7.596757469348591,0.4768750921846175,1.2556464533208491,9.808021309849954,0.0050748620710008565,0.0019983918187789548,0.0272707695624114,-2.157405155771044,-48.151513571681754,-47.0
1773079166.9576619,125.31515043920714,1.3649775900420957,-7.629538110202673,0.48596147753787383,1.2090364650575174,9.812028315515882,-0.003917899040938976,0.0022087479796754914,0.00545415391248228,-2.157405155771044,-48.151513571681754,-47.0
1773079166.9947546,125.31515043920714,1.3649775900420957,-7.629538110202673,0.48596147753787383,1.2090364650575174,9.812028315515882,-0.003917899040938976,0.0022087479796754914,0.00545415391248228,-2.157405155771044,-48.151513571681754,-47.0
1773079167.0356915,125.28516944382147,1.3474641854809182,-7.632018817154305,0.4743494284489625,1.290422346876752,9.81469493302537,0.0004733034345826715,-0.002392810656742693,0.00545415391248228,-0.6794592239463042,-46.54852197076717,-47.75
1773079167.0575783,125.28524899475325,1.3451102643617594,-7.638589749906565,0.511776987101025,1.3321660534450013,9.816469537189866,-0.0010517849496136115,0.00028924075751547,0.00545415391248228,-0.6794592239463042,-46.54852197076717,-47.75
1773079167.0724266,125.27961035446629,1.3315062932760253,-7.633800372549985,0.5075756049548712,1.3297887673008,9.834376074974307,0.00115696303006188,0.004207139798454446,-0.002181661564992912,-1.6436646410381424,-46.283365576066316,-46.5625
1773079167.0956442,125.27961035446629,1.3315062932760253,-7.633800372549985,0.5075756049548712,1.3297887673008,9.834376074974307,0.00115696303006188,0.004207139798454446,-0.002181661564992912,-1.6436646410381424,-46.283365576066316,-46.5625
1773079167.1155152,125.25526814864128,1.3275926614771085,-7.641061018668829,0.49236194342653766,1.2830514623222147,9.812841558767524,0.00202468530260829,0.0073624946472952806,-0.02181661564992912,-1.6436646410381424,-46.283365576066316,-46.5625
1773079167.1310546,125.23314122927754,1.3208976210796022,-7.676491086660157,0.48223742162716643,1.2519483079488718,9.798510578788218,0.001893213738330686,-0.009571242626970773,-0.03490658503988659,-1.6436646410381424,-46.283365576066316,-46.5625
1773079167.1609886,125.23314122927754,1.3208976210796022,-7.676491086660157,0.48223742162716643,1.2519483079488718,9.798510578788218,0.001893213738330686,-0.009571242626970773,-0.03490658503988659,-1.6436646410381424,-46.283365576066316,-46.5625
1773079167.2127686,125.13704864842188,1.2965468520785286,-7.686168538994147,0.43252155318093943,1.1632747294132852,9.788973471699526,0.0006573661116498731,-0.005837406263098997,-0.011999138607461015,-1.6436646410381424,-46.283365576066316,-46.1875
1773079167.2598343,125.11545029517197,1.2884934950224427,-7.684019996637313,0.47708708661332094,1.1973961564000264,9.799352192005065,0.008703520354424362,-0.0012621411105101486,-0.015271630954950384,-1.6436646410381424,-46.283365576066316,-46.1875
1773079167.2971332,124.97514207455855,1.263518541023298,-7.687495823955108,0.4841673274801204,1.2263124292196792,9.8062591144305,0.0008414287887170748,-0.009282001869455303,-0.03381575425739013,-1.7837758416461662,-45.14289139772462,-45.75
1773079167.312983,124.87384493922174,1.2542547037781788,-7.694707816323196,0.5232293887073813,1.256925334897414,9.814200705856566,-2.6293483829335077e-05,-0.012437356718296136,-0.06763150851478027,-1.7837758416461662,-45.14289139772462,-45.75
1773079167.3275673,124.87384493922174,1.2542547037781788,-7.694707816323196,0.5232293887073813,1.256925334897414,9.814200705856566,-2.6293483829335077e-05,-0.012437356718296136,-0.06763150851478027,-1.7837758416461662,-45.14289139772462,-45.75
1773079167.3447034,124.77776291489893,1.229858506381752,-7.70425261050231,0.5237442916822741,1.298182180814942,9.792724852578669,-0.002392810656742693,-0.0004733034345826715,-0.04799655442984406,-1.7837758416461662,-45.14289139772462,-45.75
1773079167.377752,124.69607092958333,1.2243594322375062,-7.705131256343554,0.504412168674611,1.317171540388914,9.805193805781784,-0.004233433282283781,-0.011280393688234256,-0.04799655442984406,-1.7837758416461662,-45.14289139772462,-45.375
1773079167.4011884,124.58392581915396,1.2078606325382866,-7.710733527602671,0.4924338345271596,1.3330341218893214,9.823527089973082,0.000946606869165343,-0.004785621313485386,-0.07090400086226964,-1.7837758416461662,-45.14289139772462,-45.375
1773079167.423091,124.52799822786986,1.1866778046434348,-7.697184469529369,0.4676098095152865,1.2823083709306777,9.849108132635465,0.00028924075751547,0.0010517849496136115,-0.04690572364734761,-1.7837758416461662,-45.14289139772462,-45.375
1773079167.438644,124.52799822786986,1.1866778046434348,-7.697184469529369,0.4676098095152865,1.2823083709306777,9.849108132635465,0.00028924075751547,0.0010517849496136115,-0.04690572364734761,-1.7837758416461662,-45.14289139772462,-45.375
1773079167.456094,124.52799822786986,1.1866778046434348,-7.697184469529369,0.4676098095152865,1.2823083709306777,9.849108132635465,0.00028924075751547,0.0010517849496136115,-0.04690572364734761,-1.7837758416461662,-45.14289139772462,-45.375
1773079167.4900203,124.3850237371977,1.163316274627052,-7.716382023965769,0.45983719924134614,1.31888405324949,9.840665016025802,0.0017091510612634849,-0.006126647020614467,-0.050178215994836975,-2.1453528730556055,-45.0434577497118,-45.75
1773079167.5252602,124.22229943434832,1.1409183323385639,-7.728681265142752,0.45777035995501303,1.3286100081702479,9.823717002199858,-0.0018143291417117532,0.0016302664646445516,-0.07417649320975901,-2.964927572583072,-43.7809513885815,-44.5625
1773079167.547969,124.13482569822428,1.1211298373820917,-7.74659123098967,0.47115098720943815,1.3761254175404634,9.799057841491134,-0.0033657110097373715,-0.008125038839393422,-0.08726646259971647,-2.964927572583072,-43.7809513885815,-44.5625
1773079167.6019645,123.93501953839505,1.089584843558279,-7.756774948826932,0.45965515669161616,1.333562770628023,9.869620349890656,0.002760936010877096,-0.0064158877781299375,-0.06981317007977318,-0.5363352495325558,-43.67097148850834,-44.25
1773079167.6196709,123.86080862714572,1.071430353468341,-7.752746132210088,0.4520048098988467,1.3052378045637132,9.832951118312687,-0.00028924075751547,-0.0010517849496136115,-0.05672320068981571,-0.5363352495325558,-43.67097148850834,-44.25
1773079167.6442893,123.79510614525249,1.060388311162798,-7.750771434916241,0.44368821473925724,1.2872748338187026,9.808548154319706,-0.0015513818680256185,-0.009755305304037974,-0.06435901616729091,-0.5363352495325558,-43.67097148850834,-44.25
1773079167.6723309,123.65213309305278,1.0368320617898303,-7.76966331933214,0.46298899084816936,1.3656311726587198,9.792308254381346,0.01251624131491507,-0.007967269646155557,-0.06544984694978735,-1.2203185029068548,-43.09395488640446,-45.0
1773079167.716375,123.49465599742604,1.0286006370233018,-7.824231695341358,0.5218756671106842,1.4085841270454875,9.77146544726198,-0.004023077121387245,-0.002287632576294425,-0.061086523819801536,-1.2203185029068548,-43.09395488640446,-45.0
1773079167.7312784,123.44084129441804,1.0331366644621216,-7.842853404606657,0.5610640923561125,1.4371688383739418,9.834532361221797,-0.013331372474671883,-0.015566418083307637,-0.09926560120717749,-1.2203185029068548,-43.09395488640446,-45.0
1773079167.7485685,123.44084129441804,1.0331366644621216,-7.842853404606657,0.5610640923561125,1.4371688383739418,9.834532361221797,-0.013331372474671883,-0.015566418083307637,-0.09926560120717749,-1.2203185029068548,-43.09395488640446,-45.0
1773079167.7834115,123.20303105228226,1.0053161715209529,-7.855540026484014,0.5718230243337581,1.4257118516815024,9.809600453812077,-0.008992761111939833,0.00021035616089653712,-0.1265363707695889,-2.244786758566933,-42.812226217034805,-45.5
1773079167.843292,122.93701992495315,0.9714175903559179,-7.859113015475929,0.5656783069769697,1.369706732585991,9.826459665011757,0.001893213738330686,-0.009571242626970773,-0.09381144729469522,-2.244786758566933,-42.812226217034805,-45.5
1773079167.915015,122.63712035421969,0.939286962241658,-7.872476387324331,0.5519129417300936,1.3350968847266542,9.824298834906138,-0.0070995473736091465,-0.009360886466074235,-0.08508480103472356,-1.5849087831190352,-41.82692877081931,-46.5625
1773079167.9455938,122.36271001746651,0.895720242779182,-7.880062335451361,0.529850745611604,1.315612328634336,9.83624127343818,-0.0037338363638717747,-0.001235847626680813,-0.08072147790473774,-1.5849087831190352,-41.82692877081931,-46.5625
1773079167.9872427,122.36271001746651,0.895720242779182,-7.880062335451361,0.529850745611604,1.315612328634336,9.83624127343818,-0.0037338363638717747,-0.001235847626680813,-0.08072147790473774,-1.5849087831190352,-41.82692877081931,-46.5625
1773079168.0208952,122.13843177081247,0.8621431258619707,-7.889918037442499,0.5417779333511605,1.3994068190808917,9.86425950311939,0.005653343586031796,0.004101961718006177,-0.0719948316447661,-2.368325684506154,-41.611489200124865,-46.5625
1773079168.0531838,121.88489549694927,0.8381175948723868,-7.889146985685957,0.5275408995518079,1.3745367457029167,9.882905321988103,-0.013410257071290814,-0.0076254419209814146,-0.07963064712224129,-2.368325684506154,-41.611489200124865,-46.5625
1773079168.105287,121.53324799128484,0.8203670524086975,-7.8940321726340175,0.5116155629384775,1.3597599452071663,9.818376336889441,-0.0006836595954792087,-0.00659995045519714,-0.08290313946973066,-1.5818957718148021,-40.40171267430521,-44.25
1773079168.1249917,121.53324799128484,0.8203670524086975,-7.8940321726340175,0.5116155629384775,1.3597599452071663,9.818376336889441,-0.0006836595954792087,-0.00659995045519714,-0.08290313946973066,-1.5818957718148021,-40.40171267430521,-44.25
1773079168.1458979,121.41099208978659,0.8184812381558579,-7.897773690210113,0.495695562758866,1.3305739005710735,9.775433018142277,0.004654149749207782,-0.015987130405100712,-0.12326387842209953,-1.5818957718148021,-40.40171267430521,-44.25
1773079168.1669269,121.23276418451826,0.7970487172906423,-7.902705027525727,0.4980024797932877,1.3076030028544972,9.720093825565785,-0.007862091565707286,-0.008019860758945153,-0.09381144729469522,-1.5818957718148021,-40.40171267430521,-44.25
1773079168.1859314,121.04381415696764,0.7996203002360294,-7.902723092968878,0.49953770730974356,1.2923161270258563,9.683266211085416,-0.01151704333296013,-0.017196684547952187,-0.2552544031041707,-2.0504394544946587,-39.04127917081421,-44.5625
1773079168.2259755,120.86781181448605,0.803122726834214,-7.903018199692636,0.5138640504750962,1.330523504362108,9.658757845040139,-0.0065473593424075415,-0.01969467328514315,-0.10144726277217041,-2.0504394544946587,-39.04127917081421,-44.5625
1773079168.23909,120.86781181448605,0.803122726834214,-7.903018199692636,0.5138640504750962,1.330523504362108,9.658757845040139,-0.0065473593424075415,-0.01969467328514315,-0.10144726277217041,-2.0504394544946587,-39.04127917081421,-44.5625
1773079168.258632,120.67991898274397,0.7901411360425404,-7.904296453108041,0.4563909164174062,1.3015218821693113,9.645792912920715,-0.0007888376759274769,-0.011096331011167054,-0.11344640137963143,-2.0504394544946587,-39.04127917081421,-44.5625
1773079168.2761457,120.67991898274397,0.7901411360425404,-7.904296453108041,0.4563909164174062,1.3015218821693113,9.645792912920715,-0.0007888376759274769,-0.011096331011167054,-0.11344640137963143,-2.0504394544946587,-39.04127917081421,-44.5625
1773079168.3026042,120.43782772843724,0.7890466234860655,-7.904753945612653,0.5099857331139891,1.2881885782653297,9.724137799813324,-0.0074939662115728846,-0.01490905197165776,-0.11344640137963143,-2.5958182504115577,-37.72453623122264,-45.75
1773079168.3296754,120.2974032102819,0.7689722687668459,-7.893664056362268,0.44582713969557325,1.2443200883032444,9.732788994675472,-0.005837406263098997,-0.0006573661116498731,-0.08072147790473774,-2.5958182504115577,-37.72453623122264,-45.75
1773079168.346548,120.21361399540795,0.756722998365993,-7.891816508030802,0.4321586859348382,1.2071432984349586,9.75861693845997,-0.0009729003529946786,-0.007651735404810751,-0.0916297857297023,-2.5958182504115577,-37.72453623122264,-45.75
1773079168.3659718,120.21361399540795,0.756722998365993,-7.891816508030802,0.4321586859348382,1.2071432984349586,9.75861693845997,-0.0009729003529946786,-0.007651735404810751,-0.0916297857297023,-2.5958182504115577,-37.72453623122264,-45.75
1773079168.386782,120.06673718347558,0.7362257422698636,-7.880507625533527,0.423062482643702,1.1824025600695685,9.7557344762876,-0.00428602439507338,0.009097939192388101,-0.07308566242726255,-2.7118241730931807,-38.146376101200325,-44.5625
1773079168.4152071,119.80229199594172,0.7012648130856808,-7.868026804928896,0.5001430777967213,1.354702939785353,9.760506453325739,-0.00717843197022808,-0.0014199103037480147,-0.1341721862470641,-2.7118241730931807,-38.146376101200325,-44.5625
1773079168.4385045,119.6461719141473,0.6829106655860105,-7.85044255287348,0.5514393528243895,1.469366917764853,9.746956592201547,-0.01348914166790975,0.00031553424134480543,-0.08944812416470939,-2.2312282076978858,-36.398753782721364,-46.1875
1773079168.4698348,119.48153506519823,0.6548800037322489,-7.8368816176759175,0.56251502907357,1.4618147686763077,9.75466486952186,-0.004969683990552587,0.0024979887371909615,-0.09817477042468103,-2.2312282076978858,-36.398753782721364,-46.1875
1773079168.492487,119.39082035753312,0.6486667935911918,-7.8374004180019385,0.5344066574866123,1.3277739046619266,9.779865312215346,0.00086772227254641,0.003155354848840835,-0.07963064712224129,-2.2312282076978858,-36.398753782721364,-46.1875
1773079168.507221,119.29158079970892,0.6327191688495772,-7.841964116782881,0.5157008501865763,1.2385712069949169,9.796635925320471,-0.00115696303006188,-0.004207139798454446,-0.09490227807719166,-2.7359294510195813,-36.584062052880945,-46.5625
1773079168.5296552,119.15731088227439,0.6170318679991773,-7.839769952573902,0.5510685125608153,1.3152379925223034,9.767655240514076,0.00018406267706720146,-0.003444595606356305,-0.12326387842209953,-2.7359294510195813,-36.584062052880945,-46.5625
1773079168.5459478,119.15731088227439,0.6170318679991773,-7.839769952573902,0.5510685125608153,1.3152379925223034,9.767655240514076,0.00018406267706720146,-0.003444595606356305,-0.12326387842209953,-2.7359294510195813,-36.584062052880945,-46.5625
1773079168.5618699,118.97694516065349,0.5890278831294763,-7.841715199711389,0.5576720757582426,1.4056084522378915,9.741678695096242,-0.0016302664646445516,-0.001814329141711753,-0.11562806294462433,-2.7359294510195813,-36.584062052880945,-46.5625
1773079168.5782948,118.85509604207506,0.578965135252652,-7.864449381350537,0.5620666732994961,1.4657489836744346,9.7243915942977,-0.009387179949903571,-0.0053378093446869905,-0.10471975511965978,-3.760397706679659,-36.30233338351129,-46.5625
1773079168.5926225,118.85509604207506,0.578965135252652,-7.864449381350537,0.5620666732994961,1.4657489836744346,9.7243915942977,-0.009387179949903571,-0.0053378093446869905,-0.10471975511965978,-3.760397706679659,-36.30233338351129,-46.5625
1773079168.6096013,118.74177807031515,0.5803534327191624,-7.861161838970515,0.5517671933446676,1.4955312694963536,9.739648115484393,-0.012752890959640942,-0.013462848184080412,-0.09490227807719166,-3.760397706679659,-36.30233338351129,-46.5625
1773079168.6248045,118.62634555578181,0.5724429476844074,-7.86202596500699,0.5449130044874588,1.5153510480209091,9.749801159907628,-0.0003155342413448055,-0.01348914166790975,-0.10690141668465268,-3.760397706679659,-36.30233338351129,-46.5625
1773079168.6412952,118.49790972005586,0.5663564224581646,-7.856142430388824,0.49963127227591403,1.4183137034940074,9.756557897554355,-0.005180040151449125,-0.006494772374748871,-0.11126473981463851,-2.922744464329781,-34.19916029372987,-46.5625
1773079168.65426,118.49790972005586,0.5663564224581646,-7.856142430388824,0.49963127227591403,1.4183137034940074,9.756557897554355,-0.005180040151449125,-0.006494772374748871,-0.11126473981463851,-2.922744464329781,-34.19916029372987,-46.5625
1773079168.670916,118.34718744075232,0.5624368333646911,-7.8593884114301,0.48844585449485906,1.4352577831740696,9.69080708512684,-0.004995977474381923,-0.009939367981105176,-0.07635815477475191,-2.922744464329781,-34.19916029372987,-46.5625
1773079168.6844022,118.2780166403599,0.5641348920603019,-7.862538718160191,0.4570536843858912,1.3594487585410624,9.64705065394103,-0.005968877827376602,-0.017591103385915928,-0.12326387842209953,-2.922744464329781,-34.19916029372987,-46.5625
1773079168.6997066,118.2780166403599,0.5641348920603019,-7.862538718160191,0.4570536843858912,1.3594487585410624,9.64705065394103,-0.005968877827376602,-0.017591103385915928,-0.12326387842209953,-2.922744464329781,-34.19916029372987,-46.5625
1773079168.7152112,118.0856208991594,0.5766825888257573,-7.874621823431739,0.4522894199967638,1.3045638106891668,9.614586126070916,-0.0035760671706339085,-0.017117799951333255,-0.11453723216212788,-4.36905258996754,-33.80142570167859,-45.75
1773079168.7294092,118.02210073941667,0.5888723455580704,-7.889875131156514,0.4491188552661199,1.26803849099877,9.592981345425894,-0.010097133029212115,-0.02437511651818027,-0.11235557059713497,-4.36905258996754,-33.80142570167859,-45.75
1773079168.741717,117.8632683650496,0.5706110882247065,-7.8723088495139555,0.4097558012163147,1.2470373044634457,9.575258493540526,-0.00631070969768167,0.00173544454509282,-0.1341721862470641,-4.36905258996754,-33.80142570167859,-45.75
1773079168.7546368,117.8632683650496,0.5706110882247065,-7.8723088495139555,0.4097558012163147,1.2470373044634457,9.575258493540526,-0.00631070969768167,0.00173544454509282,-0.1341721862470641,-4.36905258996754,-33.80142570167859,-45.75
1773079168.7689385,117.75103613204304,0.5564410454301338,-7.869871173937581,0.4190392388676713,1.3620762425817996,9.643746814563706,-0.00707325388977981,0.0030764702522219013,-0.09708393964218458,-4.36905258996754,-33.80142570167859,-45.75
1773079168.7824485,117.62946619804582,0.5444463973606476,-7.861299676579527,0.49165998948327183,1.3648529295622185,9.625767904700888,-0.010991152930718786,0.005285218231897393,-0.11671889372712078,-4.510670296227679,-33.37355957159394,-48.1875
1773079168.7961829,117.50211123380176,0.5228317511275654,-7.8561449034939335,0.5399882877910157,1.3667007837300613,9.704121157122389,-0.0007625441920981415,0.0013410257071290814,-0.11017390903214205,-4.510670296227679,-33.37355957159394,-48.1875
1773079168.8091779,117.50211123380176,0.5228317511275654,-7.8561449034939335,0.5399882877910157,1.3667007837300613,9.704121157122389,-0.0007625441920981415,0.0013410257071290814,-0.11017390903214205,-4.510670296227679,-33.37355957159394,-48.1875
1773079168.8232799,117.37430849512124,0.5076212020339714,-7.853740487301343,0.5495726066495311,1.3741393543581681,9.762954594760357,-0.0054692809089645945,-0.007546557324362482,-0.10581058590215622,-4.510670296227679,-33.37355957159394,-48.1875
1773079168.835832,117.22828723461008,0.48837946246618813,-7.858261987792594,0.54264619738325,1.3307090175822747,9.802107590295865,-0.005548165505583527,0.00039441883796373844,-0.13526301702956053,-4.610103944240499,-33.735136603003376,-46.5625
1773079168.8487058,117.22828723461008,0.48837946246618813,-7.858261987792594,0.54264619738325,1.3307090175822747,9.802107590295865,-0.005548165505583527,0.00039441883796373844,-0.13526301702956053,-4.610103944240499,-33.735136603003376,-46.5625
1773079168.861439,117.16001417063983,0.47727380649405204,-7.855763711731187,0.5444874990475504,1.3000326580861987,9.828163471457128,-0.007572850808191817,-0.0069680758093315425,-0.11999138607461016,-4.610103944240499,-33.735136603003376,-46.5625
1773079168.8737683,117.02318342551101,0.4586371174579649,-7.859928830617632,0.5368430871346109,1.2473641352292022,9.80870714052617,-0.010728205657032652,-0.006100353536785132,-0.12980886311707826,-4.610103944240499,-33.735136603003376,-46.5625
1773079168.8860977,116.89522078295965,0.4462585827060579,-7.851008705073483,0.45128272013741283,1.1719966298959656,9.842590733535546,-0.01083338373748092,-0.010596734092755048,-0.10799224746714914,-4.610103944240499,-33.735136603003376,-46.5625
1773079168.9002576,116.89522078295965,0.4462585827060579,-7.851008705073483,0.45128272013741283,1.1719966298959656,9.842590733535546,-0.01083338373748092,-0.010596734092755048,-0.10799224746714914,-4.610103944240499,-33.735136603003376,-46.5625
1773079168.913573,116.78566798768819,0.4451692803717713,-7.854610541491093,0.3943432516727018,1.1218403970068958,9.824998545690919,0.0010254914657842763,-0.012726597475811606,-0.09926560120717749,-5.150962985702541,-32.87337808272709,-46.1875
1773079168.9258795,116.65787775248471,0.42997748943960995,-7.852024436476821,0.37846385371937685,1.09281624222687,9.813291141197935,-0.00010517808044826849,-0.004496380555969916,-0.11453723216212788,-5.150962985702541,-32.87337808272709,-46.1875
1773079168.94054,116.65787775248471,0.42997748943960995,-7.852024436476821,0.37846385371937685,1.09281624222687,9.813291141197935,-0.00010517808044826849,-0.004496380555969916,-0.11453723216212788,-5.150962985702541,-32.87337808272709,-46.1875
1773079168.9551008,116.54300994869918,0.41284316684798494,-7.856120501047861,0.40805219631089434,1.1942912794224843,9.80549999428813,0.001525088384196283,-0.002682051414258163,-0.09599310885968812,-5.150962985702541,-32.87337808272709,-46.1875
1773079168.9706955,116.43036964167936,0.40509285710756554,-7.856216302776111,0.41419633604268086,1.237792740014298,9.706651945247527,-0.006521065858578206,-0.007257316566847012,-0.10799224746714914,-4.328375274870843,-32.710668347343294,-45.75
1773079168.9842308,116.43036964167936,0.40509285710756554,-7.856216302776111,0.41419633604268086,1.237792740014298,9.706651945247527,-0.006521065858578206,-0.007257316566847012,-0.10799224746714914,-4.328375274870843,-32.710668347343294,-45.75
1773079169.0001016,116.32124793992415,0.3976161195499904,-7.856917937585057,0.45698969034734305,1.256098742972782,9.754603470864923,-0.007388788131124616,-0.010412671415687845,-0.09053895494720585,-4.328375274870843,-32.710668347343294,-45.75
1773079169.013309,116.22296397530435,0.40938451924695746,-7.8498826376472275,0.5015950637488794,1.263846294649279,9.809930457460897,-0.006731422019474743,-0.016250077678786844,-0.09272061651219876,-4.328375274870843,-32.710668347343294,-45.75
1773079169.0256279,116.16696744961837,0.4055618958182392,-7.850453756288614,0.5082180197081376,1.1851424581908232,9.85344017241222,-0.005574458989412863,-0.012042937880332399,-0.10471975511965978,-4.328375274870843,-32.710668347343294,-45.75
1773079169.038042,116.16696744961837,0.4055618958182392,-7.850453756288614,0.5082180197081376,1.1851424581908232,9.85344017241222,-0.005574458989412863,-0.012042937880332399,-0.10471975511965978,-4.328375274870843,-32.710668347343294,-45.75
1773079169.0521142,115.99895875292496,0.3847601496093583,-7.854561131937985,0.5601191548788494,1.2550076414964553,9.89912096021356,0.003339417525908036,-0.004312317878902715,-0.09926560120717749,-6.258292852205143,-30.30015504211221,-47.5
1773079169.06578,115.87119455927571,0.36958890084690443,-7.851803479336186,0.5765160455593893,1.3238378590072832,9.912795455670919,0.005521872021754192,-0.012831775556259875,-0.1090830782496456,-6.258292852205143,-30.30015504211221,-47.5
1773079169.078059,115.87119455927571,0.36958890084690443,-7.851803479336186,0.5765160455593893,1.3238378590072832,9.912795455670919,0.005521872021754192,-0.012831775556259875,-0.1090830782496456,-6.258292852205143,-30.30015504211221,-47.5
1773079169.0933573,115.81806569968265,0.3659392997574021,-7.85189818889393,0.5874279931420181,1.36964359987683,9.905170121107071,0.0007625441920981415,-0.0013410257071290814,-0.10253809355466686,-6.258292852205143,-30.30015504211221,-47.5
1773079169.106178,115.71878578738087,0.3498442922802011,-7.8557172985506964,0.5982376834045539,1.4130283080577597,9.859954205647567,-0.0036549517672528416,-0.009176823789007034,-0.08617563181722002,-5.5321255405835235,-31.666614805710182,-47.5
1773079169.1192195,115.60328917355733,0.3419173064599752,-7.856140037916493,0.5385048997100754,1.2868404495857801,9.87000485949197,-0.0030764702522219018,-0.00707325388977981,-0.10799224746714914,-5.5321255405835235,-31.666614805710182,-47.5
1773079169.1336792,115.60328917355733,0.3419173064599752,-7.856140037916493,0.5385048997100754,1.2868404495857801,9.87000485949197,-0.0030764702522219018,-0.00707325388977981,-0.10799224746714914,-5.5321255405835235,-31.666614805710182,-47.5
1773079169.147236,115.50382807693362,0.3287127265237581,-7.853562325219517,0.5564875974187511,1.3118815111450317,9.906799462718135,-0.007572850808191817,-0.0069680758093315425,-0.0818123086872342,-5.5321255405835235,-31.666614805710182,-47.5
1773079169.1595106,115.50382807693362,0.3287127265237581,-7.853562325219517,0.5418455490584466,1.2317848130164872,9.931285860142498,-0.00231392606012376,-0.008414279596908892,-0.1265363707695889,-5.618000162730281,-30.800336530979045,-46.5625
1773079169.1718833,115.50382807693362,0.3287127265237581,-7.853562325219517,0.5418455490584466,1.2317848130164872,9.931285860142498,-0.00231392606012376,-0.008414279596908892,-0.1265363707695889,-5.618000162730281,-30.800336530979045,-46.5625
1773079169.1865542,115.30464145693387,0.30574509482301737,-7.857591471087535,0.5321014294370612,1.1784813551506848,9.910785055316918,-0.0050748620710008565,-0.0019983918187789548,-0.13308135546456762,-5.618000162730281,-30.800336530979045,-46.5625
1773079169.1999242,115.20481039191579,0.2983816823906504,-7.842271065215439,0.4675600797564332,1.1589740990629518,9.830239764568102,0.0006573661116498731,-0.005837406263098997,-0.07417649320975901,-5.618000162730281,-30.800336530979045,-46.5625
1773079169.21302,115.20481039191579,0.2983816823906504,-7.842271065215439,0.4675600797564332,1.1589740990629518,9.830239764568102,0.0006573661116498731,-0.005837406263098997,-0.07417649320975901,-5.618000162730281,-30.800336530979045,-46.5625
1773079169.2280333,115.03618504057772,0.2868210184819891,-7.842639570624276,0.43880017668104226,1.1975982353104893,9.769947549909977,-0.006994369293160877,-0.00486450591010432,-0.10471975511965978,-5.319699218691822,-29.715605436750728,-47.75
1773079169.24173,-74.98058115594439,4.297009273835131,-0.2242352303267964,0.43667463435859527,1.2220926525514055,9.736513977977802,-0.0037338363638717747,-0.001235847626680813,-0.09926560120717749,-5.319699218691822,-29.715605436750728,-47.75
1773079169.2556984,114.88308958883418,0.27678634594383894,-7.8585007578119255,0.4352601096868703,1.2383934136046664,9.71091919762709,-0.004338611362732049,-0.01577677424420417,-0.09926560120717749,-5.319699218691822,-29.715605436750728,-47.75
1773079169.2696342,114.88308958883418,0.27678634594383894,-7.8585007578119255,0.4352601096868703,1.2383934136046664,9.71091919762709,-0.004338611362732049,-0.01577677424420417,-0.09926560120717749,-5.319699218691822,-29.715605436750728,-47.75
1773079169.2828543,114.75218094169223,0.26484062898014243,-7.865185798130472,0.4246426348321892,1.2519023212747327,9.693886157216122,-0.006415887778129937,-0.002760936010877096,-0.12326387842209953,-5.896715820795704,-30.39958869012503,-49.0
1773079169.2970629,114.5844502563764,0.24060124922638718,-7.859555016998769,0.4232212266942339,1.2940330744747064,9.669170412264874,-0.0016302664646445516,-0.001814329141711753,-0.08726646259971647,-5.896715820795704,-30.39958869012503,-49.0
1773079169.310051,114.5844502563764,0.24060124922638718,-7.859555016998769,0.4232212266942339,1.2940330744747064,9.669170412264874,-0.0016302664646445516,-0.001814329141711753,-0.08726646259971647,-5.896715820795704,-30.39958869012503,-49.0
1773079169.3233252,114.47571108838457,0.2267873322743054,-7.857021492373322,0.3934081964573757,1.267561784217132,9.65272236009278,-0.00231392606012376,-0.008414279596908892,-0.10581058590215622,-5.896715820795704,-30.39958869012503,-49.0
1773079169.3363254,114.4289182095674,0.2235762950939662,-7.857196430843137,0.38598564651069744,1.2951006838600494,9.641776365109033,0.0028661140913253647,-0.0019195072221600215,-0.08290313946973066,-5.860558260153864,-28.85384691647445,-47.0
1773079169.3499312,114.4289182095674,0.2235762950939662,-7.857196430843137,0.38598564651069744,1.2951006838600494,9.641776365109033,0.0028661140913253647,-0.0019195072221600215,-0.08290313946973066,-5.860558260153864,-28.85384691647445,-47.0
1773079169.362867,114.27066021925745,0.19702680835701206,-7.857505387306024,0.404188087787743,1.2966555673743456,9.621111480892846,-0.00260316681763923,-0.009466064546522504,-0.09817477042468103,-5.860558260153864,-28.85384691647445,-47.0
1773079169.3762677,114.21458206835185,0.1931830747445929,-7.857907648436115,0.41630160912302466,1.297690324983923,9.607359231288857,-0.006126647020614467,-0.0017091510612634849,-0.10253809355466686,-5.860558260153864,-28.85384691647445,-47.0
1773079169.3896217,114.21458206835185,0.1931830747445929,-7.857907648436115,0.41630160912302466,1.297690324983923,9.607359231288857,-0.006126647020614467,-0.0017091510612634849,-0.10253809355466686,-5.860558260153864,-28.85384691647445,-47.0
1773079169.4046116,114.1042686061904,0.20164034398842626,-7.873507880782483,0.42436302225475503,1.2983789446140968,9.584826815970818,-0.0021561568668858936,-0.024296231921561332,-0.10362892433716332,-7.428898568580218,-29.135575823342613,-48.5625
1773079169.4182193,113.97190189537865,0.2112025819042862,-7.867076614456318,0.40577940311705696,1.2117520929032757,9.606627974060748,-0.01830105646522447,-0.013068429346116675,-0.11671889372712078,-7.428898568580218,-29.135575823342613,-48.5625
1773079169.4309797,113.97190189537865,0.2112025819042862,-7.867076614456318,0.40577940311705696,1.2117520929032757,9.606627974060748,-0.01830105646522447,-0.013068429346116675,-0.11671889372712078,-7.428898568580218,-29.135575823342613,-48.5625
1773079169.4462662,113.86163283020834,0.21929791779478636,-7.867112630688659,0.4397769610397951,1.297470802558555,9.644552183185938,-0.007678028888640087,-0.011464456365301459,-0.08072147790473774,-7.428898568580218,-29.135575823342613,-48.5625
1773079169.4620726,113.69239680977036,0.21699956506069937,-7.863930145340805,0.4451462115293996,1.241304991067539,9.743382778278605,-0.0003155342413448055,-0.01348914166790975,-0.10362892433716332,-7.508746930620001,-28.011673919669715,-48.5625
1773079169.4760203,113.63280589764894,0.21591166813811427,-7.857392149541135,0.4551701374097228,1.2021533154131234,9.782392541644134,-0.00115696303006188,-0.004207139798454446,-0.1090830782496456,-7.508746930620001,-28.011673919669715,-48.5625
1773079169.4888115,113.63280589764894,0.21591166813811427,-7.857392149541135,0.4551701374097228,1.2021533154131234,9.782392541644134,-0.00115696303006188,-0.004207139798454446,-0.1090830782496456,-7.508746930620001,-28.011673919669715,-48.5625
1773079169.5017717,113.50800672245005,0.20734496039821157,-7.85777797824343,0.46184094810848897,1.1760983126179836,9.808353103396284,0.002287632576294425,-0.004023077121387245,-0.1265363707695889,-7.508746930620001,-28.011673919669715,-48.5625
1773079169.5150537,113.29998007004477,0.1773839325810401,-7.8584123721048735,0.43596177980285555,1.1115878908485972,9.748691997975518,-0.006126647020614467,-0.0017091510612634849,-0.12435470920459599,-8.033033697413241,-27.089652560825197,-47.75
1773079169.5307126,113.29998007004477,0.1773839325810401,-7.8584123721048735,0.43596177980285555,1.1115878908485972,9.748691997975518,-0.006126647020614467,-0.0017091510612634849,-0.12435470920459599,-8.033033697413241,-27.089652560825197,-47.75
1773079169.54378,113.19013898242875,0.17920027897262283,-7.855434649046573,0.4595404593531919,1.2170241679225344,9.708988198776215,-0.01083338373748092,-0.010596734092755048,-0.08835729338221293,-8.033033697413241,-27.089652560825197,-47.75
1773079169.5576615,113.05948020211665,0.16391467381313424,-7.85251272605051,0.4486224743972993,1.1904295876456117,9.682565763929576,-0.00115696303006188,-0.004207139798454446,-0.11780972450961724,-8.033033697413241,-27.089652560825197,-47.75
1773079169.5702806,113.05948020211665,0.16391467381313424,-7.85251272605051,0.4486224743972993,1.1904295876456117,9.682565763929576,-0.00115696303006188,-0.004207139798454446,-0.11780972450961724,-8.033033697413241,-27.089652560825197,-47.75
1773079169.583373,112.95026953312109,0.15642108727171458,-7.852764230264367,0.463450490500542,1.2152255058773391,9.755299944794698,0.0008414287887170748,-0.009282001869455303,-0.10581058590215622,-7.933600049400421,-26.728075529415758,-49.0
1773079169.596222,112.95026953312109,0.15642108727171458,-7.852764230264367,0.463450490500542,1.2152255058773391,9.755299944794698,0.0008414287887170748,-0.009282001869455303,-0.10581058590215622,-7.933600049400421,-26.728075529415758,-49.0
1773079169.610043,112.81310250260321,0.14393779460895098,-7.858908057970252,0.47331836957745693,1.2317269124719978,9.673244373080944,-0.003444595606356305,-0.00018406267706720146,-0.12980886311707826,-7.933600049400421,-26.728075529415758,-49.0
1773079169.6227944,112.67161839276996,0.14989618726971832,-7.859024543821234,0.49585093255503143,1.300765161149498,9.695574875994582,-0.007309903534505683,-0.018353647578014068,-0.11999138607461016,-7.933600049400421,-26.728075529415758,-49.0
1773079169.6356494,112.67161839276996,0.14989618726971832,-7.859024543821234,0.49585093255503143,1.300765161149498,9.695574875994582,-0.007309903534505683,-0.018353647578014068,-0.11999138607461016,-7.933600049400421,-26.728075529415758,-49.0
1773079169.6487665,112.52036218606312,0.1614862579935697,-7.862453699114049,0.5029439325448312,1.3558210273751072,9.6334980069672,-0.016223780049826584,-0.02608426757944375,-0.1265363707695889,-7.873337210832181,-26.74464780408456,-49.75
1773079169.6620486,112.36636903039492,0.16645314560485897,-7.846601056008579,0.5302418686068641,1.386251247012636,9.669124113341887,-0.014383157424285494,-0.015277177325792167,-0.1341721862470641,-7.873337210832181,-26.74464780408456,-49.75
1773079169.6748178,112.36636903039492,0.16645314560485897,-7.846601056008579,0.5302418686068641,1.386251247012636,9.669124113341887,-0.014383157424285494,-0.015277177325792167,-0.1341721862470641,-7.873337210832181,-26.74464780408456,-49.75
1773079169.6887836,112.25025590723776,0.16787112363425308,-7.84342579560514,0.5193799666574487,1.4144850180952449,9.749699788188986,-0.008834991918701966,-0.015671596163755904,-0.10581058590215622,-7.873337210832181,-26.74464780408456,-49.75
1773079169.7059543,112.11609419443886,0.1586792042720507,-7.843886233597201,0.47844633735849973,1.3107100338577948,9.803321999710466,-0.00260316681763923,-0.009466064546522504,-0.11999138607461016,-8.329828135799584,-27.46177560679647,-49.75
1773079169.719828,112.00644196325011,0.15744680910838363,-7.847164201115381,0.4955543523278704,1.4029176825390366,9.818936312234744,0.0005521880312016048,-0.010333786819068913,-0.09381144729469522,-8.329828135799584,-27.46177560679647,-49.75
1773079169.7351298,112.00644196325011,0.15744680910838363,-7.847164201115381,0.4955543523278704,1.4029176825390366,9.818936312234744,0.0005521880312016048,-0.010333786819068913,-0.09381144729469522,-8.329828135799584,-27.46177560679647,-49.75
1773079169.7510161,111.88657094154475,0.1680741136717829,-7.856868532979132,0.5165350387927569,1.423479853029649,9.809256792552436,-0.005285218231897393,-0.010991152930718786,-0.11017390903214205,-8.329828135799584,-27.46177560679647,-49.75
1773079169.7639146,111.88657094154475,0.1680741136717829,-7.856868532979132,0.5165350387927569,1.423479853029649,9.809256792552436,-0.005285218231897393,-0.010991152930718786,-0.11017390903214205,-8.329828135799584,-27.46177560679647,-49.75
1773079169.7785063,111.67855480073791,0.13810920745438074,-7.8570076777334705,0.5304974512655144,1.4371637477966568,9.73591294618479,0.0011306695462325448,-0.008230216919841691,-0.12871803233458182,-8.536228435082819,-26.562352782727725,-48.5625
1773079169.793487,111.53145491374035,0.13427541939960727,-7.860092410984352,0.5149539035106038,1.3559597316936893,9.677068100609612,0.0003681253541344029,-0.00688919121271261,-0.13962634015954636,-8.536228435082819,-26.562352782727725,-48.5625
1773079169.8069668,111.53145491374035,0.13427541939960727,-7.860092410984352,0.5149539035106038,1.3559597316936893,9.677068100609612,0.0003681253541344029,-0.00688919121271261,-0.13962634015954636,-8.536228435082819,-26.562352782727725,-48.5625
1773079169.826963,111.40708320455528,0.1194748163367494,-7.841503922641293,0.4576000121113972,1.2697462486708186,9.647942848341284,0.0003681253541344029,-0.00688919121271261,-0.10253809355466686,-8.536228435082819,-26.562352782727725,-48.5625
1773079169.842464,111.22673494220302,0.09774024021996207,-7.829372606869022,0.41765768254980284,1.205921389128857,9.61852498318514,0.00370754288004244,-0.011201509091615323,-0.11235557059713497,-9.684235616682118,-25.07988709644813,-50.1875
1773079169.8581238,111.11107159995056,0.09297866377261708,-7.823000626510636,0.3866416196106962,1.147319783929205,9.632398839616005,-0.0016302664646445516,-0.001814329141711753,-0.10581058590215622,-9.684235616682118,-25.07988709644813,-50.1875
1773079169.8711588,111.11107159995056,0.09297866377261708,-7.823000626510636,0.3866416196106962,1.147319783929205,9.632398839616005,-0.0016302664646445516,-0.001814329141711753,-0.10581058590215622,-9.684235616682118,-25.07988709644813,-50.1875
1773079169.884119,111.04243148475614,0.08828278932299273,-7.822824473573684,0.4123655377744385,1.1129172335541355,9.681773076577448,-0.0019195072221600217,-0.0028661140913253647,-0.11562806294462433,-9.684235616682118,-25.07988709644813,-50.1875
1773079169.8996265,110.8156868543956,0.057105194388323566,-7.823028061731494,0.4312584734777836,1.0964734702391443,9.751427308509436,0.00021035616089653698,0.008992761111939833,-0.13744467859455345,-8.79837181847944,-26.101342103305466,-50.1875
1773079169.9123547,110.8156868543956,0.057105194388323566,-7.823028061731494,0.4312584734777836,1.0964734702391443,9.751427308509436,0.00021035616089653698,0.008992761111939833,-0.13744467859455345,-8.79837181847944,-26.101342103305466,-50.1875
1773079169.926917,110.68855823155724,0.035808085217060144,-7.8327308260259745,0.4881803991496606,1.2467990708906236,9.79778142177142,-0.00010517808044826849,-0.004496380555969916,-0.1189005552921137,-8.79837181847944,-26.101342103305466,-50.1875
1773079169.9403546,110.56416168878933,0.021046738172681233,-7.8295292114352995,0.4512326240461227,1.2008908646882543,9.828629566337897,-0.010438964899517183,-0.00504856858717152,-0.1189005552921137,-8.79837181847944,-26.101342103305466,-50.1875
1773079169.9531229,110.56416168878933,0.021046738172681233,-7.8295292114352995,0.4512326240461227,1.2008908646882543,9.828629566337897,-0.010438964899517183,-0.00504856858717152,-0.1189005552921137,-8.79837181847944,-26.101342103305466,-50.1875
1773079169.9661975,110.46390710508228,0.02042750281547337,-7.83244917960311,0.4301922034891473,1.1832409656047418,9.8090173214627,-0.00086772227254641,-0.003155354848840835,-0.08835729338221293,-8.417209501096965,-24.71529681623595,-51.375
1773079169.9798996,110.46390710508228,0.02042750281547337,-7.83244917960311,0.4301922034891473,1.1832409656047418,9.8090173214627,-0.00086772227254641,-0.003155354848840835,-0.08835729338221293,-8.417209501096965,-24.71529681623595,-51.375
1773079169.9946387,110.32905678051307,0.0206331411016667,-7.829568192637663,0.4290915379612767,1.1679472438862175,9.795965591581389,0.0007625441920981415,-0.0013410257071290814,-0.12762720155208535,-8.417209501096965,-24.71529681623595,-51.375
1773079170.0094159,110.1822163919309,0.013790683330991663,-7.82306140493764,0.44126055666361713,1.1542215318838678,9.787279811142751,0.0028661140913253647,-0.0019195072221600215,-0.1308996938995747,-8.417209501096965,-24.71529681623595,-51.375
1773079170.0222974,110.1822163919309,0.013790683330991663,-7.82306140493764,0.44126055666361713,1.1542215318838678,9.787279811142751,0.0028661140913253647,-0.0019195072221600215,-0.1308996938995747,-8.417209501096965,-24.71529681623595,-51.375
1773079170.0353205,109.98624435877964,-0.009054709883785773,-7.826118608946041,0.4529068137139165,1.1579887231884523,9.724632622262932,-0.0024979887371909615,-0.004969683990552588,-0.12217304763960307,-9.883103150206265,-23.210232595180578,-50.5625
1773079170.0491138,109.92426359276813,-0.019520859092261162,-7.822849587180101,0.4509811431967511,1.163156680199922,9.713047623244242,-0.0035497736868045733,-0.004680443233037118,-0.10362892433716332,-9.883103150206265,-23.210232595180578,-50.5625
1773079170.0618594,109.92426359276813,-0.019520859092261162,-7.822849587180101,0.4509811431967511,1.163156680199922,9.713047623244242,-0.0035497736868045733,-0.004680443233037118,-0.10362892433716332,-9.883103150206265,-23.210232595180578,-50.5625
1773079170.0750527,109.75713927887469,-0.0058225013909481,-7.820121231509786,0.44969963097872667,1.1665958978611928,9.705337935810222,0.0006310726278205369,-0.018274762981395135,-0.09708393964218458,-9.883103150206265,-23.210232595180578,-50.5625
1773079170.0906813,109.63808341361579,-0.007487568232881065,-7.807817594374964,0.44529888787232325,1.1559831594802914,9.753729012262843,-0.0041282552018355135,-0.006784013132264341,-0.11344640137963143,-10.42697520297254,-23.773690171418394,-50.5625
1773079170.1034558,109.63808341361579,-0.007487568232881065,-7.807817594374964,0.44529888787232325,1.1559831594802914,9.753729012262843,-0.0041282552018355135,-0.006784013132264341,-0.11344640137963143,-10.42697520297254,-23.773690171418394,-50.5625
1773079170.1178548,109.50259704412953,0.0019111724285222236,-7.817548279422316,0.501475228926471,1.2124603885840615,9.785932733078319,0.0006310726278205369,-0.018274762981395135,-0.12544553998709243,-10.42697520297254,-23.773690171418394,-50.5625
1773079170.1310115,109.34400204461959,-0.018388312329864213,-7.820717826061198,0.46798235371616564,1.1689271722629497,9.760532385639415,-0.007756913485259019,-0.003523480202975237,-0.14726215563702155,-10.42697520297254,-23.773690171418394,-50.5625
1773079170.144686,109.34400204461959,-0.018388312329864213,-7.820717826061198,0.46798235371616564,1.1689271722629497,9.760532385639415,-0.007756913485259019,-0.003523480202975237,-0.14726215563702155,-10.42697520297254,-23.773690171418394,-50.5625
1773079170.158114,109.19353293042722,-0.01920683794233431,-7.817769298669167,0.4577883718344571,1.1713230736287024,9.67003628059827,-0.017433334192678063,-0.00991307449727584,-0.13308135546456762,-10.164831819575921,-24.234700850840653,-50.5625
1773079170.175807,109.0215140641935,-0.024758488199788015,-7.820741973081547,0.43979621609578445,1.144776123523051,9.683404591162146,-0.005364102828516326,-0.003050176768392566,-0.15817046346198613,-10.164831819575921,-24.234700850840653,-50.5625
1773079170.1904075,108.8723095657724,-0.04407341376030628,-7.807995548098471,0.3955688891474999,1.1359792023784476,9.722407057874467,-0.008519457677357161,-0.002182454495846156,-0.11999138607461016,-10.164831819575921,-24.234700850840653,-50.5625
1773079170.2031307,108.8723095657724,-0.04407341376030628,-7.807995548098471,0.3955688891474999,1.1359792023784476,9.722407057874467,-0.008519457677357161,-0.002182454495846156,-0.11999138607461016,-10.164831819575921,-24.234700850840653,-50.5625
1773079170.2193258,108.8723095657724,-0.04407341376030628,-7.807995548098471,0.3955688891474999,1.1359792023784476,9.722407057874467,-0.008519457677357161,-0.002182454495846156,-0.11999138607461016,-10.164831819575921,-24.234700850840653,-50.5625
1773079170.2361965,108.69235567413864,-0.07202431467238027,-7.807455924970363,0.3596853474570808,1.131898905145131,9.748362763785414,-0.00021035616089653698,-0.008992761111939833,-0.1090830782496456,-8.798372055977946,-23.508533539219037,-51.75
1773079170.2504432,108.56471179108284,-0.08692486738359438,-7.804299151824582,0.35177085099085176,1.1872402598378096,9.715459320515127,-0.01664449651675058,0.0011832565138912145,-0.11235557059713497,-8.798372055977946,-23.508533539219037,-51.75
1773079170.2632434,108.56471179108284,-0.08692486738359438,-7.804299151824582,0.35177085099085176,1.1872402598378096,9.715459320515127,-0.01664449651675058,0.0011832565138912145,-0.11235557059713497,-8.798372055977946,-23.508533539219037,-51.75
1773079170.2761014,108.3516236505731,-0.08866372477830749,-7.79493731040984,0.3823861322088838,1.2662410912956779,9.693562446574294,-0.01377838242542522,-0.0007362507082688058,-0.12762720155208535,-8.798372055977946,-23.508533539219037,-51.75
1773079170.289081,108.27997617822945,-0.0964160709975052,-7.785511365290741,0.3894555934616181,1.2704346396991582,9.682335433278098,-0.006126647020614467,-0.0017091510612634849,-0.136353847812057,-11.080827155811972,-21.9085554246057,-53.0
1773079170.3013775,108.27997617822945,-0.0964160709975052,-7.785511365290741,0.3894555934616181,1.2704346396991582,9.682335433278098,-0.006126647020614467,-0.0017091510612634849,-0.136353847812057,-11.080827155811972,-21.9085554246057,-53.0
1773079170.314073,108.14598193074114,-0.10885006737403795,-7.791491715262041,0.37464673023019895,1.2022671530792264,9.674863981343437,0.007336201163465944,-0.014462042020904425,-0.11453723216212788,-11.080827155811972,-21.9085554246057,-53.0
1773079170.3272572,108.0124068118367,-0.12744157236642453,-7.794134515845227,0.3712423468334803,1.1551284966940125,9.663201590127867,0.004207139798454446,-0.00115696303006188,-0.12871803233458182,-11.080827155811972,-21.9085554246057,-53.0
1773079170.3396635,108.0124068118367,-0.12744157236642453,-7.794134515845227,0.3712423468334803,1.1551284966940125,9.663201590127867,0.004207139798454446,-0.00115696303006188,-0.12871803233458182,-11.080827155811972,-21.9085554246057,-53.0
1773079170.3534105,107.8783683132906,-0.13940799922782016,-7.784453920623054,0.40534286859132423,1.1172268669098935,9.655440399051352,0.00631070969768167,-0.00173544454509282,-0.11671889372712078,-11.597580919347616,-22.609110952648802,-51.75
1773079170.3673909,107.74456295389595,-0.15467421372473306,-7.780881596042746,0.4351322069748572,1.1178067543093058,9.650275413088117,-0.005653343586031796,-0.004101961718006177,-0.1189005552921137,-11.597580919347616,-22.609110952648802,-51.75
1773079170.379695,107.67909360920855,-0.1624742510814874,-7.787203237156131,0.4581014101429102,1.2179373772574047,9.68363440140677,-0.007651735404810751,0.0009729003529946785,-0.11671889372712078,-11.597580919347616,-22.609110952648802,-51.75
1773079170.3926277,107.67909360920855,-0.1624742510814874,-7.787203237156131,0.4581014101429102,1.2179373772574047,9.68363440140677,-0.007651735404810751,0.0009729003529946785,-0.11671889372712078,-11.597580919347616,-22.609110952648802,-51.75
1773079170.4071238,107.48314771527926,-0.18531380146743368,-7.789460598055287,0.4751611137888069,1.291023937954966,9.705834435488518,0.0014199103037480147,-0.007178431970228079,-0.11344640137963143,-11.898895112188814,-22.526249579304785,-51.75
1773079170.4201128,107.33987871915853,-0.20122182908081523,-7.785954579881771,0.5040924494492539,1.3278896114497594,9.784165432618359,0.003339417525908036,-0.004312317878902715,-0.12544553998709243,-11.898895112188814,-22.526249579304785,-51.75
1773079170.432491,107.33987871915853,-0.20122182908081523,-7.785954579881771,0.5040924494492539,1.3278896114497594,9.784165432618359,0.003339417525908036,-0.004312317878902715,-0.12544553998709243,-11.898895112188814,-22.526249579304785,-51.75
1773079170.4482744,107.27457046132983,-0.21182365958185073,-7.782751784233376,0.5070577942520036,1.2805780813463608,9.866399841559572,0.005442987425135259,-0.004890799393933655,-0.12762720155208535,-11.898895112188814,-22.526249579304785,-51.75
1773079170.4680152,107.08698115099031,-0.21782211964997228,-7.769682181133128,0.5013709344632648,1.2338528901822803,9.92112592209141,-0.023559981213292527,-0.011622225558539324,-0.11126473981463851,-12.625062423810434,-21.159789815706812,-53.375
1773079170.4811459,106.92722563149253,-0.22190581132553355,-7.75714741686913,0.4493670575385237,1.0147990795764543,9.957545517354973,-0.020299448284003426,-0.007993567275115819,-0.1505346479845109,-12.625062423810434,-21.159789815706812,-53.375
1773079170.4969134,106.92722563149253,-0.22190581132553355,-7.75714741686913,0.4493670575385237,1.0147990795764543,9.957545517354973,-0.020299448284003426,-0.007993567275115819,-0.1505346479845109,-12.625062423810434,-21.159789815706812,-53.375
1773079170.5111096,106.78427650070233,-0.24322583817266802,-7.734554068390516,0.35992768627390787,0.8840998375328107,10.028613915071809,-0.011464456365301459,0.007678028888640086,-0.1189005552921137,-12.625062423810434,-21.159789815706812,-53.375
1773079170.5241306,106.71283624024473,-0.2541891923760557,-7.731032456540376,0.2634762413732199,0.8142154347391257,9.948794894988207,-0.005627050102202461,0.00833539500028996,-0.04036073895236887,-13.12976366713213,-21.34509808586639,-52.1875
1773079170.5370488,106.71283624024473,-0.2541891923760557,-7.731032456540376,0.2634762413732199,0.8142154347391257,9.948794894988207,-0.005627050102202461,0.00833539500028996,-0.04036073895236887,-13.12976366713213,-21.34509808586639,-52.1875
1773079170.5498612,106.76933288159732,-0.253760818628257,-7.737211091132738,0.07148340303800838,0.8202011076522933,9.895676228759447,-0.0007362507082688058,0.01377838242542522,0.07417649320975901,-13.12976366713213,-21.34509808586639,-52.1875
1773079170.5622013,106.80918392252646,-0.23878971333856086,-7.743946899931868,-0.05539870841335928,0.8274098809406334,9.860326349758589,0.014304276972797488,-0.022034892829096243,0.009817477042468103,-13.12976366713213,-21.34509808586639,-52.1875
1773079170.5745728,106.80918392252646,-0.23878971333856086,-7.743946899931868,-0.05539870841335928,0.8274098809406334,9.860326349758589,0.014304276972797488,-0.022034892829096243,0.009817477042468103,-13.12976366713213,-21.34509808586639,-52.1875
1773079170.587783,106.75992842976599,-0.2550502143194823,-7.75296555767487,0.2353543707419219,0.9475950550038967,9.823420953338262,0.007914682678496885,-0.012358472121677204,-0.038179077387375956,-9.474822781091664,-19.368476695829912,-55.0
1773079170.6007204,106.74001385124083,-0.28367079341904605,-7.729657810207017,0.44481289667837365,1.0856336927081802,9.758719483792992,-0.006047766569126462,0.035602919093624924,-0.0272707695624114,-9.474822781091664,-19.368476695829912,-55.0
1773079170.6130283,106.74001385124083,-0.28367079341904605,-7.729657810207017,0.44481289667837365,1.0856336927081802,9.758719483792992,-0.006047766569126462,0.035602919093624924,-0.0272707695624114,-9.474822781091664,-19.368476695829912,-55.0
1773079170.6278992,106.68343285619636,-0.28344196043081865,-7.707873831405754,0.5261484589624925,1.1934624637910816,9.675520038085555,-0.023533687729463192,0.0008151311597568127,-0.038179077387375956,-9.474822781091664,-19.368476695829912,-55.0
1773079170.640277,106.63673748379777,-0.2886520381093225,-7.6825483451842445,0.5383464943081396,1.2767520173028528,9.62015173636596,-0.01979985136559142,0.002050978786437625,-0.055632369907319255,-11.600594168150355,-21.441518485076468,-54.5
1773079170.6532583,106.63673748379777,-0.2886520381093225,-7.6825483451842445,0.5383464943081396,1.2767520173028528,9.62015173636596,-0.01979985136559142,0.002050978786437625,-0.055632369907319255,-11.600594168150355,-21.441518485076468,-54.5
1773079170.6674976,106.64613988289868,-0.28735100290592797,-7.666799119898709,0.5375943729678405,1.2999265364699142,9.760595670563955,-0.017407040708848725,0.002524282221020297,0.009817477042468103,-11.600594168150355,-21.441518485076468,-54.5
1773079170.6798954,106.64613988289868,-0.28735100290592797,-7.666799119898709,0.4891970455676586,1.1411786793346197,9.854059539911178,-0.0011306695462325448,0.008230216919841691,0.001090830782496456,-11.600594168150355,-21.441518485076468,-54.5
1773079170.6927185,106.64613988289868,-0.28735100290592797,-7.666799119898709,0.4891970455676586,1.1411786793346197,9.854059539911178,-0.0011306695462325448,0.008230216919841691,0.001090830782496456,-11.600594168150355,-21.441518485076468,-54.5
1773079170.7059348,106.63094976261021,-0.29449815040222954,-7.663333860198089,0.4518285600055111,1.0924616175655402,9.849356466755538,0.005942584343547266,0.005153746667619789,-0.02399827721492203,-12.008875012261973,-20.09765725625427,-53.6875
1773079170.7205245,106.63705423788552,-0.29409802813051766,-7.663576098649812,0.41405875098133843,1.0635888682041936,9.846226624107228,0.0028661140913253647,-0.0019195072221600215,0.013089969389957472,-12.008875012261973,-20.09765725625427,-53.6875
1773079170.7345033,106.63705423788552,-0.29409802813051766,-7.663576098649812,0.41405875098133843,1.0635888682041936,9.846226624107228,0.0028661140913253647,-0.0019195072221600215,0.013089969389957472,-12.008875012261973,-20.09765725625427,-53.6875
1773079170.7542212,106.63705423788552,-0.29409802813051766,-7.663576098649812,0.41109780899677395,1.1250087467583276,9.80065729659226,0.004023077121387245,0.002287632576294425,-0.003272492347489368,-12.008875012261973,-20.09765725625427,-53.6875
1773079170.768976,106.65538374544288,-0.283328172963533,-7.660535573242677,0.43791380330604923,1.1822517693126366,9.807127646954303,-0.007546557324362482,0.0054692809089645945,0.018544123302439753,-11.763303903534155,-20.61893077424477,-53.6875
1773079170.781808,106.65514243907039,-0.2799477100450117,-7.654430657535887,0.44955070364329686,1.1977687375732464,9.811433592841693,-0.011385571768682524,-0.0002629472736861348,0.003272492347489368,-11.763303903534155,-20.61893077424477,-53.6875
1773079170.7972713,106.65514243907039,-0.2799477100450117,-7.654430657535887,0.44955070364329686,1.1977687375732464,9.811433592841693,-0.011385571768682524,-0.0002629472736861348,0.003272492347489368,-11.763303903534155,-20.61893077424477,-53.6875
1773079170.8106956,106.6542610682306,-0.2670817391919301,-7.6456013820324005,0.45197306426393435,1.188742857640941,9.861130715631656,-0.002103569899227223,0.00057848151503094,-0.004363323129985824,-11.763303903534155,-20.61893077424477,-53.6875
1773079170.8236713,106.65322076835703,-0.2514913853045824,-7.646257896265908,0.4535851181974275,1.182736235371677,9.89420359569514,-0.003917899040938976,0.0022087479796754914,0.002181661564992912,-11.826579990905136,-19.434766032003633,-55.25
1773079170.8365476,106.65322076835703,-0.2514913853045824,-7.646257896265908,0.4535851181974275,1.182736235371677,9.89420359569514,-0.003917899040938976,0.0022087479796754914,0.002181661564992912,-11.826579990905136,-19.434766032003633,-55.25
1773079170.8498611,106.65892508150917,-0.24498571474014452,-7.649877810850571,0.45997978864345135,1.1980911443236972,9.899487669392514,0.00631070969768167,-0.00173544454509282,0.00545415391248228,-11.826579990905136,-19.434766032003633,-55.25
1773079170.8623803,106.6684105994191,-0.24434571161612514,-7.649715973135642,0.4328685998625685,1.2204048171365138,9.819376368728161,-0.00018406267706720146,0.003444595606356305,0.015271630954950384,-11.826579990905136,-19.434766032003633,-55.25
1773079170.8753002,106.6684105994191,-0.24434571161612514,-7.649715973135642,0.4328685998625685,1.2204048171365138,9.819376368728161,-0.00018406267706720146,0.003444595606356305,0.015271630954950384,-11.826579990905136,-19.434766032003633,-55.25
1773079170.888604,106.68890250436854,-0.22458565532182387,-7.660168895718673,0.42014827314181985,1.2546065661072336,9.81623986864769,-0.00649477237474887,0.005180040151449124,0.014180800172453928,-10.479705513280198,-20.19407765546435,-54.5
1773079170.9016235,106.69164129872495,-0.21486301851689782,-7.657039719471675,0.427809911949395,1.272932559187756,9.814152562881137,-0.005837406263098997,-0.0006573661116498731,0.01090830782496456,-10.479705513280198,-20.19407765546435,-54.5
1773079170.9138606,106.69164129872495,-0.21486301851689782,-7.657039719471675,0.427809911949395,1.272932559187756,9.814152562881137,-0.005837406263098997,-0.0006573661116498731,0.01090830782496456,-10.479705513280198,-20.19407765546435,-54.5
1773079170.9288197,106.69710761440751,-0.20497614108909754,-7.6545497618591165,0.44226223526488395,1.2686788925114512,9.81276348421023,-0.0036286582834235063,0.003260532929289103,0.01090830782496456,-10.479705513280198,-20.19407765546435,-54.5
1773079170.9411108,106.69670502021725,-0.19887009603152347,-7.65792838463103,0.4354306846316758,1.2564945365797793,9.821874402993725,-0.00028924075751547,-0.0010517849496136115,0.007635815477475192,-11.647297980852532,-20.19709090426709,-53.6875
1773079170.956044,106.69670502021725,-0.19887009603152347,-7.65792838463103,0.4354306846316758,1.2564945365797793,9.821874402993725,-0.00028924075751547,-0.0010517849496136115,0.007635815477475192,-11.647297980852532,-20.19709090426709,-53.6875
1773079170.9688838,106.69606570357529,-0.18938542577309161,-7.655201012353534,0.4464467965951486,1.2545141972616118,9.791141388887997,0.0054692809089645945,0.007546557324362482,0.002181661564992912,-11.647297980852532,-20.19709090426709,-53.6875
1773079170.9811542,106.69542683655526,-0.17990069230470485,-7.652473737935311,0.4408763967329073,1.256744214607949,9.774034023018215,-0.003155354848840835,0.00086772227254641,0.003272492347489368,-11.647297980852532,-20.19709090426709,-53.6875
1773079170.993908,106.69542683655526,-0.17990069230470485,-7.652473737935311,0.4408763967329073,1.256744214607949,9.774034023018215,-0.003155354848840835,0.00086772227254641,0.003272492347489368,-11.647297980852532,-20.19709090426709,-53.6875
1773079171.007137,106.70136529266418,-0.17676986276002626,-7.662194221505747,0.43716935785002936,1.2582282662410103,9.739233480182438,-0.0016302664646445516,-0.001814329141711753,0.002181661564992912,-11.465002959495695,-19.534199680016453,-55.25
1773079171.019508,106.70410458598401,-0.1670499313704774,-7.659062728115723,0.43147699005483703,1.260102863785054,9.739489889624,-0.00794097616232622,-7.888459661893302e-05,0.004363323129985824,-11.465002959495695,-19.534199680016453,-55.25
1773079171.0339894,106.70410458598401,-0.1670499313704774,-7.659062728115723,0.43147699005483703,1.260102863785054,9.739489889624,-0.00794097616232622,-7.888459661893302e-05,0.004363323129985824,-11.465002959495695,-19.534199680016453,-55.25
1773079171.0482962,106.70957217370633,-0.15716168405204395,-7.656569466815676,0.4356715827167111,1.2903787609707604,9.716244745291842,0.0019195072221600217,0.0028661140913253647,0.01090830782496456,-11.465002959495695,-19.534199680016453,-55.25
1773079171.0690382,106.71882225898226,-0.15314574445410495,-7.650293378815126,0.4207234820728296,1.246019535764423,9.771022707257774,-0.0036286582834235063,0.003260532929289103,0.01090830782496456,-11.826579990905136,-19.434766032003633,-53.25
1773079171.086723,106.7398827371853,-0.14221639722037935,-7.647860633623079,0.4160975546366583,1.2358512158884671,9.814167052450813,0.0024979887371909615,0.004969683990552588,0.015271630954950384,-11.826579990905136,-19.434766032003633,-53.25
1773079171.1000588,106.7398827371853,-0.14221639722037935,-7.647860633623079,0.4160975546366583,1.2358512158884671,9.814167052450813,0.0024979887371909615,0.004969683990552588,0.015271630954950384,-11.826579990905136,-19.434766032003633,-53.25
1773079171.1143193,106.7398827371853,-0.14221639722037935,-7.647860633623079,0.4130190516028817,1.2290843125985944,9.842879132222865,0.0006836595954792087,0.00659995045519714,0.006544984694978736,-11.826579990905136,-19.434766032003633,-53.25
1773079171.1281087,106.74872950413607,-0.13209554866503537,-7.644958463314983,0.4183080696411693,1.2260324333590524,9.80177468984447,-0.002760936010877096,0.0064158877781299375,0.017453292519943295,-12.227327831759155,-19.713481690069056,-54.5
1773079171.1405678,106.76391631432416,-0.12494662754196235,-7.64839478579007,0.4253757631041847,1.236902941132761,9.774420142608355,-0.003444595606356305,-0.00018406267706720146,0.015271630954950384,-12.227327831759155,-19.713481690069056,-54.5
1773079171.1547444,106.76391631432416,-0.12494662754196235,-7.64839478579007,0.4253757631041847,1.236902941132761,9.774420142608355,-0.003444595606356305,-0.00018406267706720146,0.015271630954950384,-12.227327831759155,-19.713481690069056,-54.5
1773079171.1684952,106.76979233343762,-0.12116688292809426,-7.642518766676637,0.442980733468411,1.240589231583898,9.796357337480867,-0.004785621313485386,-0.000946606869165343,0.004363323129985824,-12.227327831759155,-19.713481690069056,-54.5
1773079171.1819527,106.77206943043225,-0.10470219064458687,-7.627164898987002,0.4311514121472871,1.2078858297936086,9.810956295614002,-0.005837406263098997,-0.0006573661116498731,0.001090830782496456,-12.045032810402319,-19.050590465818416,-54.875
1773079171.1947954,106.77206943043225,-0.10470219064458687,-7.627164898987002,0.4311514121472871,1.2078858297936086,9.810956295614002,-0.005837406263098997,-0.0006573661116498731,0.001090830782496456,-12.045032810402319,-19.050590465818416,-54.875
1773079171.2092733,106.771665192148,-0.09859407910474985,-7.630539900927159,0.43618063026615533,1.182574170182368,9.820671739170555,-0.0017091510612634849,0.006126647020614467,0.008726646259971648,-12.045032810402319,-19.050590465818416,-54.875
1773079171.224277,106.76252670752251,-0.10389072748203126,-7.668004144216478,0.5109695502322852,1.375056371132443,9.820447034914187,0.025348016871174946,-0.002445397624401364,-0.003272492347489368,-12.045032810402319,-19.050590465818416,-54.875
1773079171.2371297,106.76252670752251,-0.10389072748203126,-7.668004144216478,0.5109695502322852,1.375056371132443,9.820447034914187,0.025348016871174946,-0.002445397624401364,-0.003272492347489368,-12.045032810402319,-19.050590465818416,-54.875
1773079171.250044,106.75885812349581,-0.09930198133925648,-7.702968812343083,0.5758193629459029,1.557982497790218,9.800226826497768,0.038916043135703626,-0.010701908028072391,-0.014180800172453928,-9.538098868462644,-18.184311953588775,-54.0625
1773079171.2624438,106.81022869588946,-0.11424940838381543,-7.692611289227197,0.5641448167943719,1.6947964135853766,9.72655849293942,-0.0005258945473722697,0.02277114353736505,0.04145156973486533,-9.538098868462644,-18.184311953588775,-54.0625
1773079171.2752347,106.81022869588946,-0.11424940838381543,-7.692611289227197,0.5641448167943719,1.6947964135853766,9.72655849293942,-0.0005258945473722697,0.02277114353736505,0.04145156973486533,-9.538098868462644,-18.184311953588775,-54.0625
1773079171.2882135,106.82599414197163,-0.11593942984524613,-7.6831879570312935,0.5563755367437535,1.785844546235476,9.677533039885546,-0.024401410002009603,-0.0023402236890840223,0.028361600344907856,-9.538098868462644,-18.184311953588775,-54.0625
1773079171.3046722,106.79319071163293,-0.0944154438580453,-7.640309151859759,0.6206313637123442,1.7961202217346355,9.654942483650345,-0.0272938175771643,-0.012858073185220137,-0.0272707695624114,-9.923781177798483,-16.522564257256573,-55.6875
1773079171.3170595,106.79319071163293,-0.0944154438580453,-7.640309151859759,0.6206313637123442,1.7961202217346355,9.654942483650345,-0.0272938175771643,-0.012858073185220137,-0.0272707695624114,-9.923781177798483,-16.522564257256573,-55.6875
1773079171.3305929,106.76573103814371,-0.10173099390686155,-7.620826506698434,0.5838068056953833,1.488323255061597,9.73357184863381,-0.007914682678496885,0.012358472121677204,-0.022907446432425576,-9.923781177798483,-16.522564257256573,-55.6875
1773079171.342955,106.75287171236087,-0.10259540351450637,-7.621403778583723,0.5522046516108868,1.257684813426299,9.789243924390066,0.012148115960780666,-0.001078078433442947,-0.0272707695624114,-9.923781177798483,-16.522564257256573,-55.6875
1773079171.355406,106.75287171236087,-0.10259540351450637,-7.621403778583723,0.5522046516108868,1.257684813426299,9.789243924390066,0.012148115960780666,-0.001078078433442947,-0.0272707695624114,-9.923781177798483,-16.522564257256573,-55.6875
1773079171.3685057,106.69085350730792,-0.11143211182686778,-7.658461507485247,0.4344125262176061,1.130806839723747,9.82629306890802,0.016434140355854047,-0.010176017625831047,-0.026179938779914945,-11.067268367444418,-18.087891554378693,-55.6875
1773079171.3813286,106.65007320612466,-0.11209068674003254,-7.683592187374322,0.356023182592635,1.0463709655445317,9.840913525596699,0.01977355788176208,-0.014488335504733761,-0.05126904677733343,-11.067268367444418,-18.087891554378693,-55.6875
1773079171.397011,106.65007320612466,-0.11209068674003254,-7.683592187374322,0.356023182592635,1.0463709655445317,9.840913525596699,0.01977355788176208,-0.014488335504733761,-0.05126904677733343,-11.067268367444418,-18.087891554378693,-55.6875
1773079171.4100456,106.60370978877569,-0.12133229299308583,-7.680028556725367,0.4091644236245381,1.120807521417927,9.850643276201811,-0.00057848151503094,-0.002103569899227223,-0.03381575425739013,-11.067268367444418,-18.087891554378693,-55.6875
1773079171.4224124,106.55216214920567,-0.10368344083115415,-7.699897439011048,0.49452262939814634,1.2259819368185088,9.85711831654108,0.001603972980815216,-0.010623027576584383,-0.039269908169872414,-12.613010141094994,-18.051733993736853,-56.5
1773079171.4371085,106.55216214920567,-0.10368344083115415,-7.699897439011048,0.49452262939814634,1.2259819368185088,9.85711831654108,0.001603972980815216,-0.010623027576584383,-0.039269908169872414,-12.613010141094994,-18.051733993736853,-56.5
1773079171.4501555,106.43609248337113,-0.05839136998640682,-7.705337060153097,0.5335880066231589,1.2314668388129015,9.898223612336434,5.2591112789597024e-05,-0.020378332880622355,-0.08835729338221293,-12.613010141094994,-18.051733993736853,-56.5
1773079171.462752,106.31643185138745,-0.05078983894784291,-7.705830080445999,0.5586986010173631,1.231891604990825,9.925578727512002,-5.258696765867015e-05,-0.024874713436592272,-0.11453723216212788,-12.613010141094994,-18.051733993736853,-56.5
1773079171.4752707,106.31643185138745,-0.05078983894784291,-7.705830080445999,0.5586986010173631,1.231891604990825,9.925578727512002,-5.258696765867015e-05,-0.024874713436592272,-0.11453723216212788,-12.613010141094994,-18.051733993736853,-56.5
1773079171.4889984,106.22964050309989,-0.06617328210136877,-7.708418842017068,0.5173526741614431,1.2481398818206038,9.930402804255406,-0.0009729003529946786,-0.007651735404810751,-0.07526732399225546,-12.914324333936195,-17.968872620392837,-55.6875
1773079171.5022728,106.12216412453544,-0.05775898340997738,-7.7093830527407645,0.43653811250557956,1.166062130928937,9.930268061732354,-0.0008940157563757454,-0.015592711567136971,-0.09490227807719166,-12.914324333936195,-17.968872620392837,-55.6875
1773079171.5145657,106.12216412453544,-0.05775898340997738,-7.7093830527407645,0.43653811250557956,1.166062130928937,9.930268061732354,-0.0008940157563757454,-0.015592711567136971,-0.09490227807719166,-12.914324333936195,-17.968872620392837,-55.6875
1773079171.5288453,106.02736282199001,-0.045057161635861744,-7.7036929678381805,0.4102532350471243,1.2114269242773008,9.930178392088436,0.0003418318703050665,-0.01932654793100875,-0.0818123086872342,-12.914324333936195,-17.968872620392837,-55.6875
1773079171.5416377,105.9711043472222,-0.04884515592705521,-7.703698518369956,0.4733953134442095,1.2194422434880805,9.916738271112807,0.0028398206074960295,-0.014356863940456158,-0.10581058590215622,-12.430715119738158,-17.388842769486217,-58.0625
1773079171.554027,105.9711043472222,-0.04884515592705521,-7.703698518369956,0.4733953134442095,1.2194422434880805,9.916738271112807,0.0028398206074960295,-0.014356863940456158,-0.10581058590215622,-12.430715119738158,-17.388842769486217,-58.0625
1773079171.5674696,105.82399115992771,-0.058752813390324135,-7.7039868515546726,0.5154156612742378,1.2247763488858723,9.907794020739514,-0.008151332323222757,-0.009071645708558765,-0.13308135546456762,-12.430715119738158,-17.388842769486217,-58.0625
1773079171.579913,105.67422251387693,-0.06883424394630722,-7.703607929553919,0.5322521895615502,1.2383247971409281,9.90853194544455,-0.009019054595769167,-0.0122270005573996,-0.13526301702956053,-12.430715119738158,-17.388842769486217,-58.0625
1773079171.5922663,105.67422251387693,-0.06883424394630722,-7.703607929553919,0.5322521895615502,1.2383247971409281,9.90853194544455,-0.009019054595769167,-0.0122270005573996,-0.13526301702956053,-12.430715119738158,-17.388842769486217,-58.0625
1773079171.6059914,105.51495366285765,-0.07955607253889863,-7.703373083707663,0.5023331851688214,1.2239571674206817,9.932438808043827,-0.01025490222244998,-0.008493164193527825,-0.13962634015954636,-13.416012565953658,-16.72896479403832,-56.0625
1773079171.6205158,105.39227723978065,-0.07825923477768329,-7.70086313061317,0.4912921995644825,1.2466494186285446,9.948348558046494,-0.011885168687094532,-0.010307493335239578,-0.09817477042468103,-13.416012565953658,-16.72896479403832,-56.0625
1773079171.6329427,105.39227723978065,-0.07825923477768329,-7.70086313061317,0.4912921995644825,1.2466494186285446,9.948348558046494,-0.011885168687094532,-0.010307493335239578,-0.09817477042468103,-13.416012565953658,-16.72896479403832,-56.0625
1773079171.6476018,105.26393659485643,-0.0834255359061889,-7.694664184887313,0.46112503055254894,1.1535395334417886,9.958936318949716,0.0005521880312016048,-0.010333786819068913,-0.12762720155208535,-13.416012565953658,-16.72896479403832,-56.0625
1773079171.666722,105.06974089709476,-0.09212688717589683,-7.672994735475107,0.44661288846223046,1.0865766146062275,9.979362802387048,0.00086772227254641,0.003155354848840835,-0.11671889372712078,-13.179480966135554,-16.340269473398244,-57.25
1773079171.6794956,104.99184244486403,-0.09734695694490224,-7.672635408758941,0.4305044703544233,1.0437874956663464,9.922709053082114,0.0013147322232997462,-0.011674812526197995,-0.136353847812057,-13.179480966135554,-16.340269473398244,-57.25
1773079171.6954153,104.99184244486403,-0.09734695694490224,-7.672635408758941,0.4305044703544233,1.0437874956663464,9.922709053082114,0.0013147322232997462,-0.011674812526197995,-0.136353847812057,-13.179480966135554,-16.340269473398244,-57.25
1773079171.71023,104.77364885463305,-0.12413172623201164,-7.6656732612408724,0.4016417630445977,1.0376475334637976,9.87162616895425,-0.010701912173203315,0.006337003181511005,-0.13308135546456762,-13.179480966135554,-16.340269473398244,-57.25
1773079171.7231839,104.65443651398708,-0.12253908686311955,-7.6627221047693865,0.4090432865530077,1.1303227020751134,9.767383734346655,-0.0119903467675428,-0.014803873891209494,-0.09708393964218458,-12.028460773232023,-16.397519063163745,-58.5
1773079171.7383585,104.65443651398708,-0.12253908686311955,-7.6627221047693865,0.4090432865530077,1.1303227020751134,9.767383734346655,-0.0119903467675428,-0.014803873891209494,-0.09708393964218458,-12.028460773232023,-16.397519063163745,-58.5
1773079171.7541645,104.58171859661678,-0.11432431428959232,-7.653970259717565,0.3873595849618869,1.0952357466672378,9.768258904433301,-0.01609230848554898,-0.0091505303051777,-0.13526301702956053,-12.028460773232023,-16.397519063163745,-58.5
1773079171.768408,104.38886521135923,-0.14286932674471436,-7.6528424581333505,0.403892914507164,1.146633832405109,9.772186432056992,-0.008519457677357161,-0.002182454495846156,-0.11235557059713497,-12.028460773232023,-16.397519063163745,-58.5
1773079171.7829127,104.32346409971707,-0.15330774577791134,-7.649398345462558,0.42457178511707755,1.1781777510288711,9.774800157817202,-0.00231392606012376,-0.008414279596908892,-0.11780972450961724,-13.11319186746034,-16.099218119125286,-58.875
1773079171.795258,104.32346409971707,-0.15330774577791134,-7.649398345462558,0.42457178511707755,1.1781777510288711,9.774800157817202,-0.00231392606012376,-0.008414279596908892,-0.11780972450961724,-13.11319186746034,-16.099218119125286,-58.875
1773079171.808046,104.17979488744365,-0.16290824042466798,-7.649010427543502,0.4286572180229306,1.2018308097848789,9.766504227991433,-0.002287632576294425,0.004023077121387245,-0.13308135546456762,-13.11319186746034,-16.099218119125286,-58.875
1773079171.8206148,104.05717856136673,-0.16253569086318848,-7.661997400457297,0.4396007331628182,1.2222484503026037,9.71749692716884,-0.0010780784334429468,-0.012148115960780666,-0.10799224746714914,-13.11319186746034,-16.099218119125286,-58.875
1773079171.8334198,104.05717856136673,-0.16253569086318848,-7.661997400457297,0.4396007331628182,1.2222484503026037,9.71749692716884,-0.0010780784334429468,-0.012148115960780666,-0.10799224746714914,-13.11319186746034,-16.099218119125286,-58.875
1773079171.8459566,103.92492199312647,-0.16180648846321807,-7.659568416458852,0.4380137426394951,1.2035824136974138,9.684883115918826,-0.012831775556259873,-0.005521872021754192,-0.11780972450961724,-14.197922961688658,-15.800917175086827,-60.5
1773079171.8582497,103.78535313560415,-0.14236676575926008,-7.651925066915483,0.467356767356998,1.2764715397118984,9.73677144641311,-0.008361688484119294,-0.018064406820498598,-0.12435470920459599,-14.197922961688658,-15.800917175086827,-60.5
1773079171.870542,103.78535313560415,-0.14236676575926008,-7.651925066915483,0.467356767356998,1.2764715397118984,9.73677144641311,-0.008361688484119294,-0.018064406820498598,-0.12435470920459599,-14.197922961688658,-15.800917175086827,-60.5
1773079171.883582,103.64065649308375,-0.13640106777484765,-7.652572865889379,0.47003164507992884,1.2636963170991313,9.784682997555704,-0.006047762423995535,-0.009650127223589705,-0.13308135546456762,-14.197922961688658,-15.800917175086827,-60.5
1773079171.8965561,103.49740599619754,-0.15201257834166873,-7.648600956013772,0.4653609966662479,1.2569685046792909,9.816567599634004,-0.009097939192388101,-0.00428602439507338,-0.13308135546456762,-13.309046152181747,-15.397156085430067,-59.25
1773079171.9089773,103.49740599619754,-0.15201257834166873,-7.648600956013772,0.4653609966662479,1.2569685046792909,9.816567599634004,-0.009097939192388101,-0.00428602439507338,-0.13308135546456762,-13.309046152181747,-15.397156085430067,-59.25
1773079171.9218097,103.36538028872877,-0.1548106557945067,-7.652192617164451,0.46225273232150466,1.252491220668476,9.83778644614277,-0.006810306616093676,-0.008309101516460624,-0.11235557059713497,-13.309046152181747,-15.397156085430067,-59.25
1773079171.9346719,103.29916655083393,-0.15321124589469237,-7.655765284990395,0.44865350623926836,1.2075817653971475,9.845217128049669,-0.0016565599484738873,-0.01425168586000789,-0.12435470920459599,-13.309046152181747,-15.397156085430067,-59.25
1773079171.9471753,103.17620277569326,-0.1482506989996417,-7.6472022249950315,0.480323719288228,1.2879222103191252,9.820056158486679,-0.0021298633830565583,-0.011858875203265196,-0.10253809355466686,-13.309046152181747,-15.397156085430067,-59.25
1773079171.9649684,103.17620277569326,-0.1482506989996417,-7.6472022249950315,0.480323719288228,1.2879222103191252,9.820056158486679,-0.0021298633830565583,-0.011858875203265196,-0.10253809355466686,-13.309046152181747,-15.397156085430067,-59.25
1773079171.9807506,103.05358040606374,-0.14799002479450687,-7.660207963175226,0.5175267664377236,1.336952990152205,9.803311814308957,-0.0027083448980874986,-0.013962445102492421,-0.1189005552921137,-14.356112942617601,-15.433313883570415,-60.5
1773079171.9992144,102.91658782244326,-0.16677279139248313,-7.6623806651158635,0.5422849787304459,1.3695824264214216,9.792168640305263,-0.002682051414258163,-0.001525088384196283,-0.11999138607461016,-14.356112942617601,-15.433313883570415,-60.5
1773079172.013037,102.80344069669917,-0.16473141476545278,-7.659660226249228,0.5328776629369979,1.3602527174461,9.80482365272713,-0.00404937060521658,-0.014724989294590561,-0.09599310885968812,-14.356112942617601,-15.433313883570415,-60.5
1773079172.025992,102.80344069669917,-0.16473141476545278,-7.659660226249228,0.5328776629369979,1.3602527174461,9.80482365272713,-0.00404937060521658,-0.014724989294590561,-0.09599310885968812,-14.356112942617601,-15.433313883570415,-60.5
1773079172.040831,102.67513503430528,-0.16970759841013933,-7.653250745648469,0.4893641334353155,1.218578157525765,9.840006315786686,-0.00833539500028996,-0.005627050102202461,-0.1189005552921137,-14.140673371923159,-14.649896982183297,-61.6875
1773079172.0543368,102.56762567986647,-0.16244772500646984,-7.629243934481244,0.46040636562991955,1.1242953205073134,9.863419985036723,-0.006810306616093676,-0.008309101516460624,-0.08726646259971647,-14.140673371923159,-14.649896982183297,-61.6875
1773079172.0666435,102.46032052880437,-0.15759738704759663,-7.6363624842375355,0.4379099198059156,1.0624381234400169,9.802063951106454,0.002077276415397887,-0.013015838233327076,-0.10799224746714914,-14.140673371923159,-14.649896982183297,-61.6875
1773079172.0789058,102.46032052880437,-0.15759738704759663,-7.6363624842375355,0.4433392748960485,1.0954564708483157,9.761232195917668,-0.007467672727743549,-0.002471695253361626,-0.11999138607461016,-14.140673371923159,-14.649896982183297,-61.6875
1773079172.0934834,102.38851845095996,-0.16238566164405116,-7.636091125780723,0.4433392748960485,1.0954564708483157,9.761232195917668,-0.007467672727743549,-0.002471695253361626,-0.11999138607461016,-14.140673371923159,-14.649896982183297,-61.6875
1773079172.1072252,102.21720926148751,-0.1894431784894516,-7.634698193821066,0.46420819458903323,1.2306404674353073,9.697262890179609,0.0004733034345826715,-0.002392810656742693,-0.09708393964218458,-13.47778214767252,-14.832192003540131,-61.6875
1773079172.1195831,102.21720926148751,-0.1894431784894516,-7.634698193821066,0.46420819458903323,1.2306404674353073,9.697262890179609,0.0004733034345826715,-0.002392810656742693,-0.09708393964218458,-13.47778214767252,-14.832192003540131,-61.6875
1773079172.1338246,102.15138020903993,-0.1938370382008769,-7.634648335738885,0.4479389836773366,1.210941162874623,9.768425829843757,-0.00260316681763923,-0.009466064546522504,-0.11999138607461016,-13.47778214767252,-14.832192003540131,-61.6875
1773079172.1465971,102.03591494007107,-0.21117743623668037,-7.636986413165141,0.4229203613916457,1.1462254984815434,9.638493050760198,-0.00794097616232622,-7.888459661893302e-05,-0.09708393964218458,-13.47778214767252,-14.832192003540131,-61.6875
1773079172.159415,101.93833623680676,-0.20805383006763808,-7.634353654039675,0.40627074773684135,1.103157946749288,9.612236248456083,-0.008834991918701966,-0.015671596163755904,-0.09381144729469522,-14.744808263257674,-15.196782283752311,-62.875
1773079172.174293,101.93833623680676,-0.20805383006763808,-7.634353654039675,0.40627074773684135,1.103157946749288,9.612236248456083,-0.008834991918701966,-0.015671596163755904,-0.09381144729469522,-14.744808263257674,-15.196782283752311,-62.875
1773079172.1872952,101.791393731297,-0.22251455097174572,-7.614902556994245,0.39196524100896546,1.075383949927732,9.594762639830394,-0.0035234802029752367,0.007756913485259019,-0.13199052468207118,-14.744808263257674,-15.196782283752311,-62.875
1773079172.2001507,101.67955792177321,-0.23958823405982543,-7.616768271493091,0.386879974885467,1.0730275394437334,9.676797276287939,0.0028661140913253647,-0.0019195072221600215,-0.09272061651219876,-14.744808263257674,-15.196782283752311,-62.875
1773079172.2125576,101.67955792177321,-0.23958823405982543,-7.616768271493091,0.386879974885467,1.0730275394437334,9.676797276287939,0.0028661140913253647,-0.0019195072221600215,-0.09272061651219876,-14.744808263257674,-15.196782283752311,-62.875
1773079172.2279968,101.55383925114334,-0.24796714724076677,-7.616820347720045,0.3480166639677021,1.0812161299514909,9.7313904104635,-0.004023077121387245,-0.002287632576294425,-0.1265363707695889,-14.744808263257674,-15.196782283752311,-62.875
1773079172.243663,101.44252689891725,-0.27328112347986766,-7.60537095445852,0.32537893951253266,1.0857785677016694,9.76772153141207,-0.004180846314625111,0.013594319748358017,-0.11017390903214205,-15.487547849548097,-13.890585358722578,-65.1875
1773079172.2567065,101.44252689891725,-0.27328112347986766,-7.60537095445852,0.32537893951253266,1.0857785677016694,9.76772153141207,-0.004180846314625111,0.013594319748358017,-0.11017390903214205,-15.487547849548097,-13.890585358722578,-65.1875
1773079172.2732193,101.35882361176137,-0.24303385812450082,-7.62706847352958,0.3546626747767901,1.2500835605073781,9.79189948655813,-0.002550575704849633,-0.02984439742714486,-0.07853981633974483,-15.487547849548097,-13.890585358722578,-65.1875
1773079172.2865734,101.25165622929322,-0.24053050932338704,-7.624558733001372,0.38987439324374695,1.1642915270152505,9.807989645622378,-0.008019860758945153,0.007862091565707286,-0.09926560120717749,-15.487547849548097,-13.890585358722578,-65.1875
1773079172.3007677,101.15106934294869,-0.24724051269628405,-7.624576240009449,0.46209117535298183,1.2845935026796558,9.825387690155418,-0.006337003181511005,-0.010701912173203315,-0.08290313946973066,-14.140673371923159,-14.649896982183297,-64.0
1773079172.3158228,101.15106934294869,-0.24724051269628405,-7.624576240009449,0.46209117535298183,1.2845935026796558,9.825387690155418,-0.006337003181511005,-0.010701912173203315,-0.08290313946973066,-14.140673371923159,-14.649896982183297,-64.0
1773079172.3307152,101.00385551929753,-0.2570478648144748,-7.624193490616819,0.39693999461783114,1.2431371196325514,9.813550112492031,0.004391202475521647,-0.004601558636418185,-0.09381144729469522,-14.140673371923159,-14.649896982183297,-64.0
1773079172.3433483,100.96252240635694,-0.250148211493025,-7.621811228877565,0.37309612234902106,1.2865066060502883,9.788946778254855,-0.004338611362732049,-0.01577677424420417,-0.0719948316447661,-14.140673371923159,-14.649896982183297,-64.0
1773079172.3566895,100.96252240635694,-0.250148211493025,-7.621811228877565,0.37309612234902106,1.2865066060502883,9.788946778254855,-0.004338611362732049,-0.01577677424420417,-0.0719948316447661,-14.140673371923159,-14.649896982183297,-64.0
1773079172.3721495,100.85986077413654,-0.2257799156294522,-7.6246907327855356,0.3847246149846952,1.2765833859695848,9.772573534157267,-0.003707538734911513,-0.0340515372255993,-0.09490227807719166,-15.009964895457035,-13.568179136757719,-65.6875
1773079172.3851771,100.77191685099359,-0.22197393463118217,-7.621947984456336,0.45374536868548104,1.2531270164120039,9.83526978067247,0.0017880356578824166,-0.014067623182940688,-0.07635815477475191,-15.009964895457035,-13.568179136757719,-65.6875
1773079172.3981943,100.64818451713933,-0.2049501816886613,-7.620815549542223,0.49967790926101624,1.2375170644962503,9.876993432365373,-0.010964855301758525,-0.027530471367021102,-0.09490227807719166,-15.009964895457035,-13.568179136757719,-65.6875
1773079172.410562,100.64818451713933,-0.2049501816886613,-7.620815549542223,0.49967790926101624,1.2375170644962503,9.876993432365373,-0.010964855301758525,-0.027530471367021102,-0.09490227807719166,-15.009964895457035,-13.568179136757719,-65.6875
1773079172.425763,100.50702667533409,-0.21657557169589436,-7.611083664443675,0.5063777332640622,1.1781837518878633,9.898069833068632,0.0017091510612634849,-0.006126647020614467,-0.1308996938995747,-15.009964895457035,-13.568179136757719,-65.6875
1773079172.4386537,100.44710329662831,-0.22056845411902937,-7.611210668795094,0.5201093359848631,1.2228803769086165,9.8552290432734,-0.0010780784334429468,-0.012148115960780666,-0.24325526449670967,-16.154958828253594,-13.253305918050456,-64.0
1773079172.4512699,100.34968779393283,-0.2188996668301649,-7.624145333456429,0.538923688690427,1.2499645482853576,9.820028752813013,0.0014987949003669467,-0.0151194081325543,-0.09381144729469522,-16.154958828253594,-13.253305918050456,-64.0
1773079172.465818,100.34968779393283,-0.2188996668301649,-7.624145333456429,0.538923688690427,1.2499645482853576,9.820028752813013,0.0014987949003669467,-0.0151194081325543,-0.09381144729469522,-16.154958828253594,-13.253305918050456,-64.0
1773079172.4807036,100.2243086855698,-0.2331919128479899,-7.620405059780974,0.512739932298193,1.278632494908774,9.803293576139273,-0.0035497736868045733,-0.004680443233037118,-0.11344640137963143,-16.154958828253594,-13.253305918050456,-64.0
1773079172.493726,100.12291967114624,-0.2280927474526507,-7.627815319080136,0.5112805345942046,1.3557674400662545,9.785466279592434,-0.0018406226255410884,-0.010807090253651584,-0.09272061651219876,-15.589994746363656,-13.084569922559682,-66.0
1773079172.5059986,100.12291967114624,-0.2280927474526507,-7.627815319080136,0.5112805345942046,1.3557674400662545,9.785466279592434,-0.0018406226255410884,-0.010807090253651584,-0.09272061651219876,-15.589994746363656,-13.084569922559682,-66.0
1773079172.5204813,100.0098539176246,-0.22594893973373462,-7.625086407902093,0.46950834475625763,1.2587326422819276,9.780292636299102,-0.013883560505873485,-0.005232631264238722,-0.10799224746714914,-15.589994746363656,-13.084569922559682,-66.0
1773079172.5336397,99.88329742631672,-0.2231297441708092,-7.607346847747011,0.4644483045980709,1.2642283367834308,9.709947400334384,7.888459661893297e-05,-0.00794097616232622,-0.11344640137963143,-15.589994746363656,-13.084569922559682,-66.0
1773079172.5462167,99.76611731716118,-0.2153292563213167,-7.608754276797234,0.47720777854202334,1.2634507712823293,9.786902564778455,-0.005574458989412863,-0.012042937880332399,-0.10362892433716332,-15.912400968328516,-12.60698696846862,-68.75
1773079172.5673945,99.65998412536565,-0.22829663557797913,-7.604698863950284,0.46957219177418713,1.2673681989282441,9.724381569021611,-0.00804615424277449,-0.00457526515258885,-0.09053895494720585,-15.912400968328516,-12.60698696846862,-68.75
1773079172.5809064,99.65998412536565,-0.22829663557797913,-7.604698863950284,0.46957219177418713,1.2673681989282441,9.724381569021611,-0.00804615424277449,-0.00457526515258885,-0.09053895494720585,-15.912400968328516,-12.60698696846862,-68.75
1773079172.5965269,99.55832524814761,-0.21946767264622852,-7.606253906333394,0.4832786015007118,1.2752164389520682,9.746331667189786,-0.006047762423995535,-0.009650127223589705,-0.07744898555724837,-15.912400968328516,-12.60698696846862,-68.75
1773079172.6111667,99.4459297667905,-0.22692797301185746,-7.605667505547215,0.42982779746551414,1.242138024156509,9.71410764841957,-0.007783206969088355,-0.015960836921271374,-0.10253809355466686,527.3433349497118,1962.8691241370032,-67.1875
1773079172.62361,99.4459297667905,-0.22692797301185746,-7.605667505547215,0.42982779746551414,1.242138024156509,9.71410764841957,-0.007783206969088355,-0.015960836921271374,-0.10253809355466686,527.3433349497118,1962.8691241370032,-67.1875
1773079172.6385562,99.345298853291,-0.23362059739223864,-7.605590914671772,0.4732785614189011,1.2677796277561586,9.73949448779634,0.00015776919323786593,-0.01588195232465244,-0.0916297857297023,527.3433349497118,1962.8691241370032,-67.1875
1773079172.6513948,99.28872384117889,-0.23147444285699317,-7.609051680056611,0.4231728824988363,1.2371889093802555,9.746353810690044,-0.008440573080738227,-0.010123430658172375,-0.10144726277217041,527.3433349497118,1962.8691241370032,-67.1875
1773079172.6638458,99.16228769251312,-0.23020014959312143,-7.606839041626139,0.4103092449653318,1.1903830569664835,9.814475735891216,-0.008414279596908892,0.00231392606012376,-0.08072147790473774,-16.475858544566336,-12.063114915702345,-67.5625
1773079172.6780257,99.16228769251312,-0.23020014959312143,-7.606839041626139,0.4103092449653318,1.1903830569664835,9.814475735891216,-0.008414279596908892,0.00231392606012376,-0.08072147790473774,-16.475858544566336,-12.063114915702345,-67.5625
1773079172.691694,99.12645629315067,-0.21700435458535963,-7.608614688016366,0.4017486378830312,1.1592342850407487,9.85981011614083,0.0018669202545013501,-0.02200859934526691,-0.05126904677733343,-16.475858544566336,-12.063114915702345,-67.5625
1773079172.7040522,99.04563628709528,-0.2299654188491141,-7.6200227651841805,0.3862948941359785,1.103026002160032,9.903360086608016,0.008493164193527823,-0.01025490222244998,-0.07744898555724837,-16.475858544566336,-12.063114915702345,-67.5625
1773079172.7163446,99.04563628709528,-0.2299654188491141,-7.6200227651841805,0.3862948941359785,1.103026002160032,9.903360086608016,0.008493164193527823,-0.01025490222244998,-0.07744898555724837,-16.475858544566336,-12.063114915702345,-67.5625
1773079172.7310865,98.9728890721587,-0.21960196606225554,-7.59610551348079,0.44559804539454084,1.2303560394049429,9.932342105468882,0.0017091510612634849,-0.006126647020614467,-0.0545415391248228,-16.475858544566336,-12.063114915702345,-67.5625
1773079172.744746,98.86834716610045,-0.2244747206454566,-7.60603860030881,0.48506363009750825,1.3150927568217172,9.821169958684969,-0.0022087479796754914,-0.003917899040938976,-0.10471975511965978,-16.936869223988595,-12.325258299098964,-68.375
1773079172.7576206,98.86834716610045,-0.2244747206454566,-7.60603860030881,0.48506363009750825,1.3150927568217172,9.821169958684969,-0.0022087479796754914,-0.003917899040938976,-0.10471975511965978,-16.936869223988595,-12.325258299098964,-68.375
1773079172.771235,98.76222824683255,-0.2374070091348568,-7.601873375354301,0.556482783463511,1.359066407048843,9.747186136874525,0.0005521880312016048,-0.010333786819068913,-0.09053895494720585,-16.936869223988595,-12.325258299098964,-68.375
1773079172.7844696,98.67644889781184,-0.2334165443594811,-7.599838513191588,0.6235249429484255,1.4592886262945792,9.798304081132699,-0.006258118584892071,-0.018642888335529538,-0.08072147790473774,-16.936869223988595,-12.325258299098964,-68.375
1773079172.7974114,98.56330683564799,-0.22945561731809194,-7.581627384951393,0.5919412946748885,1.2867432147545235,9.835667613718979,-0.00804615424277449,-0.00457526515258885,-0.10253809355466686,-16.936869223988595,-12.325258299098964,-68.375
1773079172.8097763,98.56330683564799,-0.22945561731809194,-7.581627384951393,0.5919412946748885,1.2867432147545235,9.835667613718979,-0.00804615424277449,-0.00457526515258885,-0.10253809355466686,-16.936869223988595,-12.325258299098964,-68.375
1773079172.8222632,98.43609842140499,-0.2164427362701509,-7.5870442386584696,0.5474581279983108,1.1748996403254723,9.863877738984462,-0.013620613232187353,-0.016618203032921247,-0.10690141668465268,-18.02160031821691,-12.026957355060505,-69.875
1773079172.8351138,98.35031221872319,-0.21243490765130416,-7.585036087275175,0.5178550774845792,1.1004689909175276,9.882651262220893,-0.010859677221310256,-0.023034090811051185,-0.14944381720201447,-18.02160031821691,-12.026957355060505,-69.875
1773079172.8475635,98.35031221872319,-0.21243490765130416,-7.585036087275175,0.5178550774845792,1.1004689909175276,9.882651262220893,-0.010859677221310256,-0.023034090811051185,-0.14944381720201447,-18.02160031821691,-12.026957355060505,-69.875
1773079172.8682275,98.1124052562147,-0.23222879842465044,-7.564876024273667,0.5126687584301464,1.1163306995210511,9.861693715147549,-0.013121016313775343,-0.006573656971367804,-0.1461713248545251,-18.02160031821691,-12.026957355060505,-69.875
1773079172.8823416,97.98493219902241,-0.21538611612878011,-7.564508716721752,0.5276825795367202,1.2571109965407354,9.847746701681379,-0.013147309797604681,-0.01901101368966394,-0.11453723216212788,-15.938012751907035,-11.757280968406288,-71.875
1773079172.8966172,97.85847832713304,-0.21403746637176113,-7.562328168167622,0.5087263798934513,1.258149819308294,9.815049338066755,-0.014462042020904425,-0.007336201163465944,-0.10690141668465268,-15.938012751907035,-11.757280968406288,-71.875
1773079172.909322,97.85847832713304,-0.21403746637176113,-7.562328168167622,0.5087263798934513,1.258149819308294,9.815049338066755,-0.014462042020904425,-0.007336201163465944,-0.10690141668465268,-15.938012751907035,-11.757280968406288,-71.875
1773079172.9233134,97.76621205855768,-0.20071011346246248,-7.558095953360903,0.49611124078548063,1.2588411442556937,9.793289607834707,-0.008256510403671027,-0.013568026264528682,-0.08399397025222712,-15.938012751907035,-11.757280968406288,-71.875
1773079172.9361923,97.70039480514193,-0.2050544828574949,-7.557870154073889,0.5135190052612609,1.2522053912041071,9.78549897385203,-0.004785621313485386,-0.000946606869165343,-0.11235557059713497,-17.301459504200775,-11.05823218351381,-71.0625
1773079172.9485145,97.70039480514193,-0.2050544828574949,-7.557870154073889,0.5135190052612609,1.2522053912041071,9.78549897385203,-0.004785621313485386,-0.000946606869165343,-0.11235557059713497,-17.301459504200775,-11.05823218351381,-71.0625
1773079172.9610443,97.53948391216493,-0.2118141443007072,-7.551920680255691,0.5070415866469705,1.169493398018918,9.817110622744158,0.0002629472736861349,-0.011385571768682524,-0.14835298641951802,-17.301459504200775,-11.05823218351381,-71.0625
1773079172.9738646,97.41340338310195,-0.21625615498157413,-7.545887354048125,0.5266793364416468,1.2015346108899947,9.801351593176099,-0.0010517849496136115,0.00028924075751547,-0.10362892433716332,-17.301459504200775,-11.05823218351381,-71.0625
1773079172.9867485,97.41340338310195,-0.21625615498157413,-7.545887354048125,0.5266793364416468,1.2015346108899947,9.801351593176099,-0.0010517849496136115,0.00028924075751547,-0.10362892433716332,-17.301459504200775,-11.05823218351381,-71.0625
1773079173.0003252,97.2972644434993,-0.22391126545070814,-7.545544122484946,0.5121710854097987,1.2235027525554225,9.78751902333113,-0.004995977474381923,-0.009939367981105176,-0.11126473981463851,-19.25246887316023,-10.84580586162211,-71.0625
1773079173.0127406,97.16784368474704,-0.23634925671802953,-7.551472989250043,0.5113857840177312,1.2703760537232898,9.778313602619235,-0.00144620378757735,-0.005258924748068057,-0.11235557059713497,-19.25246887316023,-10.84580586162211,-71.0625
1773079173.0256898,97.16784368474704,-0.23634925671802953,-7.551472989250043,0.5113857840177312,1.2703760537232898,9.778313602619235,-0.00144620378757735,-0.005258924748068057,-0.11235557059713497,-19.25246887316023,-10.84580586162211,-71.0625
1773079173.038239,97.03659791678756,-0.25082692543563156,-7.547049415733578,0.5932715009584374,1.285846017694762,9.772187497966755,-0.006994369293160877,-0.00486450591010432,-0.12217304763960307,-19.25246887316023,-10.84580586162211,-71.0625
1773079173.050607,97.03659791678756,-0.25082692543563156,-7.547049415733578,0.5932715009584374,1.285846017694762,9.772187497966755,-0.006994369293160877,-0.00486450591010432,-0.12217304763960307,-19.25246887316023,-10.84580586162211,-71.0625
1773079173.0646436,96.8098607942217,-0.2618693479804926,-7.5407044305597,0.6477655308590838,1.2961411059069559,9.824977542778031,0.0,0.0,-0.13962634015954636,-18.46905197177311,-11.061245432316552,-73.0625
1773079173.0773127,96.65813837279765,-0.26024180047448536,-7.548108516736244,0.6324247017561688,1.317184016271451,9.823312499115984,0.002182454495846156,-0.008519457677357161,-0.14508049407202864,-18.46905197177311,-11.061245432316552,-73.0625
1773079173.0899148,96.65813837279765,-0.26024180047448536,-7.548108516736244,0.6324247017561688,1.317184016271451,9.823312499115984,0.002182454495846156,-0.008519457677357161,-0.14508049407202864,-18.46905197177311,-11.061245432316552,-73.0625
1773079173.1051402,96.58238029226997,-0.2613165422163818,-7.542123391311431,0.5780279250974567,1.2461992094041272,9.845620213109884,0.0019983918187789548,-0.0050748620710008565,-0.12435470920459599,-18.46905197177311,-11.061245432316552,-73.0625
1773079173.1191475,96.38658890613547,-0.2702957422063628,-7.536057849604116,0.566662855168058,1.2892701085974634,9.860465747579331,0.002287632576294425,-0.004023077121387245,-0.11562806294462433,-18.223480863045292,-11.58251895030705,-73.5
1773079173.1322887,96.30495353412601,-0.2698613367160917,-7.53948508304949,0.5392634811503726,1.2331865875636334,9.870345284933261,-0.00039441883796373844,-0.005548165505583527,-0.1407171709420428,-18.223480863045292,-11.58251895030705,-73.5
1773079173.148724,96.30495353412601,-0.2698613367160917,-7.53948508304949,0.5392634811503726,1.2331865875636334,9.870345284933261,-0.00039441883796373844,-0.005548165505583527,-0.1407171709420428,-18.223480863045292,-11.58251895030705,-73.5
1773079173.169437,96.16917817819855,-0.27486657643332246,-7.533438936302946,0.5236904370932186,1.2055397552965232,9.840123777900125,0.009571242626970773,0.001893213738330686,-0.12326387842209953,-18.223480863045292,-11.58251895030705,-73.5
1773079173.1838346,95.9325611304823,-0.2828228381380859,-7.546457636500498,0.5133267502354832,1.1871410972581136,9.820011702565926,-0.0033657110097373715,-0.008125038839393422,-0.15271630954950383,-18.62121545509657,-13.028827075944807,-74.25
1773079173.1980863,95.81288667912881,-0.2965044131235409,-7.542375329817645,0.48385220859880534,1.1811058401813197,9.80662734109762,-0.004023077121387245,-0.002287632576294425,-0.1265363707695889,-18.62121545509657,-13.028827075944807,-74.25
1773079173.210732,95.81288667912881,-0.2965044131235409,-7.542375329817645,0.48385220859880534,1.1811058401813197,9.80662734109762,-0.004023077121387245,-0.002287632576294425,-0.1265363707695889,-18.62121545509657,-13.028827075944807,-74.25
1773079173.22412,95.67232198885424,-0.28844985413622487,-7.554247911335594,0.4822993218072513,1.2553854176705292,9.821135980004811,-0.0061529405044438035,-0.01414650777955962,-0.10253809355466686,-18.62121545509657,-13.028827075944807,-74.25
1773079173.237819,95.51468502885945,-0.2851166320660312,-7.545902374616152,0.44756073810734615,1.1822534032313117,9.874277769320583,0.00018406267706720146,-0.003444595606356305,-0.1505346479845109,-18.68449154246755,-11.84466233370367,-74.25
1773079173.2539861,95.44393756408617,-0.27426917346671414,-7.5480880277972044,0.5112051701696744,1.2346197364800953,9.909643036477547,0.002392810656742693,0.0004733034345826715,-0.12762720155208535,-18.68449154246755,-11.84466233370367,-74.25
1773079173.2683363,95.44393756408617,-0.27426917346671414,-7.5480880277972044,0.5112051701696744,1.2346197364800953,9.909643036477547,0.002392810656742693,0.0004733034345826715,-0.12762720155208535,-18.68449154246755,-11.84466233370367,-74.25
1773079173.2827537,95.28716060328352,-0.255793296481737,-7.567770989794629,0.5491249399513418,1.2533420721420159,9.899727109641393,-0.00231392606012376,-0.008414279596908892,-0.1439896632895322,-18.68449154246755,-11.84466233370367,-74.25
1773079173.2954419,95.12075744715516,-0.26678693246355684,-7.5670676276051045,0.5421063748597114,1.2746713549846753,9.893128171100093,-0.003102763736051237,-0.01951061060807595,-0.1461713248545251,-19.553783066001426,-10.762944488278093,-75.5
1773079173.3103979,95.12075744715516,-0.26678693246355684,-7.5670676276051045,0.5421063748597114,1.2746713549846753,9.893128171100093,-0.003102763736051237,-0.01951061060807595,-0.1461713248545251,-19.553783066001426,-10.762944488278093,-75.5
1773079173.327027,94.97258647082514,-0.23180675164941397,-7.5638001786143105,0.5241309317909741,1.240485132018144,9.882046427801193,-0.00936088232094331,-0.038153498943605486,-0.136353847812057,-19.553783066001426,-10.762944488278093,-75.5
1773079173.3413801,94.8066420742771,-0.2232655988655196,-7.560286049087713,0.5394228931679887,1.2033010330194411,9.914812991914792,-0.010938561817929189,-0.015093114648724964,-0.15162547876700738,-19.553783066001426,-10.762944488278093,-75.5
1773079173.3544724,94.63118596357981,-0.24461199679219914,-7.561393399156694,0.5707257271362075,1.1796843136062491,9.943308997720525,-0.005837406263098997,-0.0006573661116498731,-0.16798794050445423,-20.130799668105308,-11.446927741652392,-76.25
1773079173.3669994,94.63118596357981,-0.24461199679219914,-7.561393399156694,0.5707257271362075,1.1796843136062491,9.943308997720525,-0.005837406263098997,-0.0006573661116498731,-0.16798794050445423,-20.130799668105308,-11.446927741652392,-76.25
1773079173.383084,94.41049717895545,-0.25919172854382044,-7.560817580464866,0.5853485691451991,1.1413900268499892,9.962272771262999,-0.00428602439507338,0.009097939192388101,-0.19634954084936207,-20.130799668105308,-11.446927741652392,-76.25
1773079173.397204,94.2411353984858,-0.2858768933296803,-7.5580547591146425,0.520896286087917,1.136306095273152,9.877884711204024,0.0038390144443200434,0.005732228182650729,-0.13962634015954636,-20.130799668105308,-11.446927741652392,-76.25
1773079173.4108644,94.10536076090189,-0.2907942122582503,-7.551900281854935,0.37156664233630843,1.1621930616860896,9.804999841374576,0.0021561610120168205,-0.020956814395653296,-0.11780972450961724,-20.313094689462144,-12.10981896590303,-76.25
1773079173.4231884,94.10536076090189,-0.2907942122582503,-7.551900281854935,0.37156664233630843,1.1621930616860896,9.804999841374576,0.0021561610120168205,-0.020956814395653296,-0.11780972450961724,-20.313094689462144,-12.10981896590303,-76.25
1773079173.4370503,93.98428138431896,-0.2832959774690329,-7.553998323298427,0.2659805882197427,1.1568429248547143,9.773221333217018,0.0006310726278205369,-0.018274762981395135,-0.10144726277217041,-20.313094689462144,-12.10981896590303,-76.25
1773079173.4539008,93.9302215687355,-0.29093055864118095,-7.559836977762678,0.29570086837689014,1.1257861579926614,9.74872797932004,0.007914682678496885,-0.012358472121677204,-0.0916297857297023,-20.313094689462144,-12.10981896590303,-76.25
1773079173.4700067,93.73396388292252,-0.29247050350242926,-7.567293192727542,0.3896630038906066,1.0847177380885409,9.775914378105444,0.011622225558539324,-0.023559981213292527,-0.12544553998709243,-21.495752926051164,-11.460487005016962,-76.6875
1773079173.4835234,93.73396388292252,-0.29247050350242926,-7.567293192727542,0.3896630038906066,1.0847177380885409,9.775914378105444,0.011622225558539324,-0.023559981213292527,-0.12544553998709243,-21.495752926051164,-11.460487005016962,-76.6875
1773079173.500383,93.65474517688199,-0.3017869833681648,-7.572993305941853,0.438002111286206,1.0057811661430638,9.794006622805156,0.008782404951043293,-0.00920311727283637,-0.1407171709420428,-21.495752926051164,-11.460487005016962,-76.6875
1773079173.5173783,93.44883900994762,-0.30563219852716195,-7.570771428164698,0.46581697663760435,1.1140346900680511,9.8060468095492,-0.0005258904022413429,-0.02248190277984958,-0.12435470920459599,-21.495752926051164,-11.460487005016962,-76.6875
1773079173.5297568,93.44883900994762,-0.30563219852716195,-7.570771428164698,0.46581697663760435,1.1140346900680511,9.8060468095492,-0.0005258904022413429,-0.02248190277984958,-0.12435470920459599,-21.495752926051164,-11.460487005016962,-76.6875
1773079173.5426054,-3.7643152718186776,-41.994209291729845,142.52719848213636,0.4477194653123356,1.078187412304263,9.800678972500384,5.2591112789597024e-05,-0.020378332880622355,-0.11453723216212788,-21.492739677248426,-12.628079472589295,-77.75
1773079173.5550132,93.19721533783597,-0.29542562973914943,-7.5807857602723985,0.48558843359480297,1.210600860492183,9.790416513492428,0.004180846314625111,-0.013594319748358017,-0.10799224746714914,-21.492739677248426,-12.628079472589295,-77.75
1773079173.5679328,93.04960427089848,-0.26857306537364245,-7.589392394446632,0.51103171429935,1.2743689517829173,9.79027718507645,-0.0028924075751547,-0.010517849496136114,-0.14180800172453928,-21.492739677248426,-12.628079472589295,-77.75
1773079173.582124,93.04960427089848,-0.26857306537364245,-7.589392394446632,0.51103171429935,1.2743689517829173,9.79027718507645,-0.0028924075751547,-0.010517849496136114,-0.14180800172453928,-21.492739677248426,-12.628079472589295,-77.75
1773079173.5955849,92.8933495479806,-0.2593623997251207,-7.585887508348754,0.5408654327040563,1.313257993159909,9.77345890503542,-0.0010780784334429468,-0.012148115960780666,-0.14180800172453928,-21.492739677248426,-12.628079472589295,-77.75
1773079173.608612,92.73766346479505,-0.258333332126699,-7.5937090447334725,0.5607194390379173,1.3391382157772407,9.762266527540614,-0.0033657110097373715,-0.008125038839393422,-0.13308135546456762,-21.277300106553984,-11.844662571202177,-77.375
1773079173.6213562,92.73766346479505,-0.258333332126699,-7.5937090447334725,0.5607194390379173,1.3391382157772407,9.762266527540614,-0.0033657110097373715,-0.008125038839393422,-0.13308135546456762,-21.277300106553984,-11.844662571202177,-77.375
1773079173.6350775,92.59846875039317,-0.27324571312487034,-7.58943049543147,0.5003935225377723,1.2655669089434378,9.74478279022291,-0.007283610050676347,-0.005916290859717931,-0.13308135546456762,-21.277300106553984,-11.844662571202177,-77.375
1773079173.6474876,92.53750036863806,-0.26337178172487047,-7.582070411537266,0.45669938795083026,1.2037045267749904,9.713076888100204,-0.0028135229785357673,-0.01845882565846234,-0.10581058590215622,-21.277300106553984,-11.844662571202177,-77.375
1773079173.6598012,92.41707122085474,-0.26568551234314836,-7.585827318235364,0.43084680430765976,1.1616488247297925,9.712047634659594,-0.005180040151449125,-0.006494772374748871,-0.1265363707695889,-21.277300106553984,-11.844662571202177,-77.375
1773079173.6744237,92.41707122085474,-0.26568551234314836,-7.585827318235364,0.43084680430765976,1.1616488247297925,9.712047634659594,-0.005180040151449125,-0.006494772374748871,-0.1265363707695889,-21.277300106553984,-11.844662571202177,-77.375
1773079173.6871345,92.27036381529949,-0.2531979113159665,-7.566912389239997,0.44267057214618366,1.1256784249700273,9.738123571650938,-0.005942584343547266,-0.005153746667619789,-0.1308996938995747,-21.94019133080462,-11.66236754984534,-79.0
1773079173.6994822,92.1461787555864,-0.2614197100728942,-7.566913070873732,0.46118289068479335,1.140445023693293,9.755476816431374,0.0007625441920981415,-0.0013410257071290814,-0.11235557059713497,-21.94019133080462,-11.66236754984534,-79.0
1773079173.7129228,92.1461787555864,-0.2614197100728942,-7.566913070873732,0.46118289068479335,1.140445023693293,9.755476816431374,0.0007625441920981415,-0.0013410257071290814,-0.11235557059713497,-21.94019133080462,-11.66236754984534,-79.0
1773079173.7276564,92.08051943120796,-0.26575030197791716,-7.566439399636956,0.46118289068479335,1.140445023693293,9.755476816431374,-0.003260532929289103,-0.003628658283423506,-0.11780972450961724,-21.94019133080462,-11.66236754984534,-79.0
1773079173.7425241,91.94722005095686,-0.2843778265876288,-7.567975777499974,0.4319759388976315,1.0749595260266502,9.763680095276989,-0.00833539500028996,-0.005627050102202461,-0.11453723216212788,-21.94019133080462,-11.66236754984534,-79.0
1773079173.7617497,91.79327458818861,-0.3099981972912713,-7.564820730312577,0.4267306829092552,1.0829856561140345,9.769139285712116,-0.0038390144443200434,-0.005732228182650729,-0.08726646259971647,-23.02492242503294,-11.364066605806883,-79.375
1773079173.774311,91.79327458818861,-0.3099981972912713,-7.564820730312577,0.4267306829092552,1.0829856561140345,9.769139285712116,-0.0038390144443200434,-0.005732228182650729,-0.08726646259971647,-23.02492242503294,-11.364066605806883,-79.375
1773079173.7874997,91.65304640492208,-0.3094676218704315,-7.563041937670763,0.4490430222741368,1.0812311339479657,9.7828076510855,-0.0022087479796754914,-0.003917899040938976,-0.136353847812057,-23.02492242503294,-11.364066605806883,-79.375
1773079173.802407,91.53685469850346,-0.3129524292294041,-7.556611568570614,0.4842921233605452,1.1542471401121612,9.801939130677798,0.0013410257071290814,0.0007625441920981415,-0.09490227807719166,-23.02492242503294,-11.364066605806883,-79.375
1773079173.8161416,91.53685469850346,-0.3129524292294041,-7.556611568570614,0.4842921233605452,1.1542471401121612,9.801939130677798,0.0013410257071290814,0.0007625441920981415,-0.09490227807719166,-23.02492242503294,-11.364066605806883,-79.375
1773079173.8299813,91.41746424188237,-0.3081560638880068,-7.574869853397154,0.47960861067470306,1.2140466512428358,9.814670916633844,0.0010254914657842763,-0.012726597475811606,-0.11235557059713497,-22.279169827438285,-11.245047434322519,-80.1875
1773079173.8428342,91.27293573149684,-0.32752163455934724,-7.5756655456269995,0.47560480754035545,1.2506171830670163,9.742861096988559,-0.035786969335299346,-0.13836230991441403,-0.12544553998709243,-22.279169827438285,-11.245047434322519,-80.1875
1773079173.8551204,91.27293573149684,-0.32752163455934724,-7.5756655456269995,0.47560480754035545,1.2506171830670163,9.742861096988559,-0.035786969335299346,-0.13836230991441403,-0.12544553998709243,-22.279169827438285,-11.245047434322519,-80.1875
1773079173.8678095,91.17420563235481,-0.33968943111710537,-7.5715039008850225,0.4702793879993054,1.2652783389894764,9.695072464182868,0.00370754288004244,-0.011201509091615323,-0.08399397025222712,-22.279169827438285,-11.245047434322519,-80.1875
1773079173.8819838,91.06327697001598,-0.33720635789289977,-7.56949835939236,0.4664128445718077,1.2612466974039478,9.736862120445712,-0.004154548685664849,-0.019221369850560478,-0.09272061651219876,-22.023052704148636,-11.963681742686541,-80.5625
1773079173.8943467,91.06327697001598,-0.33720635789289977,-7.56949835939236,0.4664128445718077,1.2612466974039478,9.736862120445712,-0.004154548685664849,-0.019221369850560478,-0.09272061651219876,-22.023052704148636,-11.963681742686541,-80.5625
1773079173.9086566,90.98724951918462,-0.33241183951399067,-7.567597609584201,0.45642134481968977,1.2189722092572852,9.768017781574908,0.006573656971367804,-0.013121016313775345,-0.12980886311707826,-22.023052704148636,-11.963681742686541,-80.5625
1773079173.922361,90.87903295844346,-0.34939861655693405,-7.569047991053198,0.4604158464692337,1.2295435075803525,9.808822196268764,0.0007625441920981415,-0.0013410257071290814,-0.07853981633974483,-22.023052704148636,-11.963681742686541,-80.5625
1773079173.9346385,90.87903295844346,-0.34939861655693405,-7.569047991053198,0.4604158464692337,1.2295435075803525,9.808822196268764,0.0007625441920981415,-0.0013410257071290814,-0.07853981633974483,-22.023052704148636,-11.963681742686541,-80.5625
1773079173.949854,90.78869230207069,-0.33996405451121336,-7.571756697122129,0.4510596211397838,1.2433518743949263,9.835977078432348,0.002366517172913357,-0.011964053283713465,-0.08726646259971647,-23.107783798376957,-11.665380798648082,-81.75
1773079173.9650774,90.58974237820085,-0.36293978480341743,-7.572410907754877,0.4510420020202109,1.2751188120632835,9.82394234380643,0.004180846314625111,-0.013594319748358017,-0.12871803233458182,-23.107783798376957,-11.665380798648082,-81.75
1773079173.9785182,90.5395009956947,-0.36625515102357153,-7.5720570512521235,0.46393177600885227,1.2927114431808924,9.805898027227716,-0.009097939192388101,-0.00428602439507338,-0.09817477042468103,-23.107783798376957,-11.665380798648082,-81.75
1773079173.9907384,90.5395009956947,-0.36625515102357153,-7.5720570512521235,0.46393177600885227,1.2927114431808924,9.805898027227716,-0.009097939192388101,-0.00428602439507338,-0.09817477042468103,-23.107783798376957,-11.665380798648082,-81.75
1773079174.0044518,90.37385859939297,-0.36315982428302557,-7.5644702176732155,0.46275302124805456,1.2689400195483735,9.793889736112806,-0.008256510403671027,-0.013568026264528682,-0.09272061651219876,-24.132252054037032,-11.383652129278426,-81.0
1773079174.0175166,90.24311476175616,-0.35773889943310616,-7.557015108181783,0.44068110687787104,1.175711406769741,9.785898352517234,-0.0037601298477011103,-0.013673204344976951,-0.11562806294462433,-24.132252054037032,-11.383652129278426,-81.0
1773079174.0319352,90.24311476175616,-0.35773889943310616,-7.557015108181783,0.44068110687787104,1.175711406769741,9.785898352517234,-0.0037601298477011103,-0.013673204344976951,-0.11562806294462433,-24.132252054037032,-11.383652129278426,-81.0
1773079174.0453,90.18866492883816,-0.3613426628921292,-7.557007664764845,0.4385714575280884,1.0963324182805827,9.797305734540583,-0.00115696303006188,-0.004207139798454446,-0.09490227807719166,-24.132252054037032,-11.383652129278426,-81.0
1773079174.0576344,90.18866492883816,-0.3613426628921292,-7.557007664764845,0.4385714575280884,1.0963324182805827,9.797305734540583,-0.00115696303006188,-0.004207139798454446,-0.09490227807719166,-24.132252054037032,-11.383652129278426,-81.0
1773079174.0709078,90.07455663032778,-0.37445803721249044,-7.5524599545740605,0.43716750945213545,1.04350658816245,9.804897219848314,0.0018143291417117532,-0.0016302664646445516,-0.07090400086226964,-24.37179666515937,-13.197563546432596,-81.75
1773079174.0844731,89.98030572678034,-0.39049513214325965,-7.5533291165775,0.4610685749758801,1.098662083533311,9.809949268518162,0.001603972980815216,-0.010623027576584383,-0.08726646259971647,-24.37179666515937,-13.197563546432596,-81.75
1773079174.0975697,89.98030572678034,-0.39049513214325965,-7.5533291165775,0.4610685749758801,1.098662083533311,9.809949268518162,0.001603972980815216,-0.010623027576584383,-0.08726646259971647,-24.37179666515937,-13.197563546432596,-81.75
1773079174.113283,89.90108901747747,-0.4012976973521806,-7.548871209949533,0.495601000053409,1.2031003209838336,9.746409116326477,-0.00794097616232622,-7.888459661893302e-05,-0.06872233929727672,-24.37179666515937,-13.197563546432596,-81.75
1773079174.125875,89.80160263849365,-0.40230493920285865,-7.552977267468828,0.5631727492472649,1.2707482149601284,9.704123854832918,-0.007678028888640087,-0.011464456365301459,-0.09053895494720585,-24.915668955424152,-11.168212558583983,-82.5625
1773079174.1382365,89.70181152075737,-0.3990757935941673,-7.5515408471217444,0.608140993509879,1.3157671327248626,9.746230831519982,-0.012831775556259873,-0.005521872021754192,-0.09053895494720585,-24.915668955424152,-11.168212558583983,-82.5625
1773079174.1527123,89.70181152075737,-0.3990757935941673,-7.5515408471217444,0.608140993509879,1.3157671327248626,9.746230831519982,-0.012831775556259873,-0.005521872021754192,-0.09053895494720585,-24.915668955424152,-11.168212558583983,-82.5625
1773079174.165394,89.57496928027884,-0.38776046134514175,-7.547975798236726,0.5980722149436983,1.3012165444209112,9.774252554139474,-0.005285218231897393,-0.010991152930718786,-0.11453723216212788,-24.915668955424152,-11.168212558583983,-82.5625
1773079174.1778283,89.57496928027884,-0.38776046134514175,-7.547975798236726,0.5980722149436983,1.3012165444209112,9.774252554139474,-0.005285218231897393,-0.010991152930718786,-0.11453723216212788,-24.915668955424152,-11.168212558583983,-82.5625
1773079174.192585,89.48200906534873,-0.40374700042711636,-7.54941434912755,0.553150868009152,1.253473864921183,9.886563825324536,-0.008808698434872631,-0.0032342394454597675,-0.08726646259971647,-23.107783798376957,-11.665380798648082,-82.1875
1773079174.2053301,89.39660377529911,-0.40508965329360097,-7.5433280058443035,0.4862450401261044,1.2006560714156762,9.834191476820955,-0.00021035616089653698,-0.008992761111939833,-0.07853981633974483,-23.107783798376957,-11.665380798648082,-82.1875
1773079174.217649,89.36206029765773,-0.4129161827977898,-7.538914166584768,0.44171995905700473,1.1655064198511744,9.799338263929288,0.004680443233037117,-0.003549773686804573,-0.07526732399225546,-23.107783798376957,-11.665380798648082,-82.1875
1773079174.232321,89.36206029765773,-0.4129161827977898,-7.538914166584768,0.44171995905700473,1.1655064198511744,9.799338263929288,0.004680443233037117,-0.003549773686804573,-0.07526732399225546,-23.107783798376957,-11.665380798648082,-82.1875
1773079174.2454708,89.26747441961417,-0.42342182240519155,-7.543916624815328,0.4765158679763083,1.2250068563003864,9.776143840085782,-0.0018143291417117532,0.0016302664646445516,-0.07090400086226964,-24.554091924014713,-11.267646206596803,-82.5625
1773079174.2595308,89.1839370828113,-0.4332390732168358,-7.549506665833174,0.5165247341098378,1.32588585384443,9.750672874994661,0.01193775979988413,-0.01007083954538278,-0.08835729338221293,-24.554091924014713,-11.267646206596803,-82.5625
1773079174.2723532,89.1839370828113,-0.4332390732168358,-7.549506665833174,0.5165247341098378,1.32588585384443,9.750672874994661,0.01193775979988413,-0.01007083954538278,-0.08835729338221293,-24.554091924014713,-11.267646206596803,-82.5625
1773079174.284872,89.08974690908668,-0.45052388239932134,-7.540411870801972,0.5687919117636265,1.4484155134587422,9.770518461036357,0.00202468530260829,0.0073624946472952806,-0.08072147790473774,-24.554091924014713,-11.267646206596803,-82.5625
1773079174.2973483,88.97463176959138,-0.44827257148442934,-7.538692776663133,0.6035751346295921,1.529957633186085,9.69340746075976,-0.00607405590782487,-0.02208748394188584,-0.09817477042468103,-23.949957032680196,-10.720760905027788,-83.0
1773079174.3100953,88.97463176959138,-0.44827257148442934,-7.538692776663133,0.6035751346295921,1.529957633186085,9.69340746075976,-0.00607405590782487,-0.02208748394188584,-0.09817477042468103,-23.949957032680196,-10.720760905027788,-83.0
1773079174.3237574,88.88496062383531,-0.4498823389770145,-7.532913833584642,0.5832610706437971,1.426179636359711,9.69226762707179,-0.011306687172063592,-0.008203923436012355,-0.08072147790473774,-23.949957032680196,-10.720760905027788,-83.0
1773079174.3361008,88.74440457112092,-0.4437596654462527,-7.535268218398322,0.5697422879842138,1.357116538747943,9.691509080485222,-0.0118062840904756,-0.0182484694975658,-0.136353847812057,-23.949957032680196,-10.720760905027788,-83.0
1773079174.348979,88.74440457112092,-0.4437596654462527,-7.535268218398322,0.5697422879842138,1.357116538747943,9.691509080485222,-0.0118062840904756,-0.0182484694975658,-0.136353847812057,-23.949957032680196,-10.720760905027788,-83.0
1773079174.3681936,88.5953992791469,-0.4590875403059415,-7.530288706635505,0.5438931116954544,1.2498736970221427,9.691004276205382,-0.003286826413118438,-0.01606601500171964,-0.1439896632895322,-24.733373934067316,-10.505321334333345,-84.5625
1773079174.381844,-74.49157291629383,4.715847998949351,0.41055421527880726,0.5092737419262342,1.2665575128522653,9.730809675084014,-0.0015513818680256185,-0.009755305304037974,-0.09272061651219876,-24.733373934067316,-10.505321334333345,-84.5625
1773079174.3953395,88.36083565932115,-0.4536687084153737,-7.537000559952997,0.4684953828648292,1.213152909337284,9.713813271187151,-0.0023402195439530954,-0.02085163631520503,-0.12217304763960307,-24.733373934067316,-10.505321334333345,-84.5625
1773079174.41082,88.36083565932115,-0.4536687084153737,-7.537000559952997,0.4684953828648292,1.213152909337284,9.713813271187151,-0.0023402195439530954,-0.02085163631520503,-0.12217304763960307,-24.733373934067316,-10.505321334333345,-84.5625
1773079174.4253216,88.23428063858903,-0.4269673218106955,-7.537300969904328,0.45901676476216596,1.2039801824467926,9.745988806451212,-0.007678028888640087,-0.011464456365301459,-0.10144726277217041,-25.479126531661972,-10.624340505817708,-84.1875
1773079174.437663,88.1216659258014,-0.3785062928413578,-7.545399092489004,0.478511848929743,1.1907800130857686,9.727259925257334,-0.009308295353284637,-0.013278785507013212,-0.10035643198967395,-25.479126531661972,-10.624340505817708,-84.1875
1773079174.4500134,87.97978227420349,-0.35166252830498157,-7.555384170469422,0.5297869278183901,1.2581949297550055,9.795078745013784,-0.008440573080738227,-0.010123430658172375,-0.1308996938995747,-25.479126531661972,-10.624340505817708,-84.1875
1773079174.4646537,87.97978227420349,-0.35166252830498157,-7.555384170469422,0.5297869278183901,1.2581949297550055,9.795078745013784,-0.008440573080738227,-0.010123430658172375,-0.1308996938995747,-25.479126531661972,-10.624340505817708,-84.1875
1773079174.4775074,87.8450722537005,-0.3507124244169877,-7.553876333883479,0.5477830458937499,1.3074936925253418,9.773309177829459,0.0006310726278205369,-0.018274762981395135,-0.10799224746714914,-25.479126531661972,-10.624340505817708,-84.1875
1773079174.4909968,87.78993029515347,-0.3445093386969148,-7.552663258513336,0.5175068524546571,1.3380437022520513,9.75882177405029,0.0012095541428514768,-0.016171193082167912,-0.09926560120717749,-25.793999750369235,-11.769334438614266,-83.75
1773079174.503816,87.78993029515347,-0.3445093386969148,-7.552663258513336,0.5175068524546571,1.3380437022520513,9.75882177405029,0.0012095541428514768,-0.016171193082167912,-0.09926560120717749,-25.793999750369235,-11.769334438614266,-83.75
1773079174.5181153,87.56862953005766,-0.326304613227464,-7.53306784709042,0.46542718456154275,1.2422608986161188,9.73245501013356,-0.000999193836824014,-0.02008909212310689,-0.1461713248545251,-25.793999750369235,-11.769334438614266,-83.75
1773079174.5313454,87.45868998850646,-0.31932734955833647,-7.52634920431975,0.43609061390779114,1.1978707617342772,9.681457106209834,-0.00202468530260829,-0.0073624946472952806,-0.10799224746714914,-25.793999750369235,-11.769334438614266,-83.75
1773079174.543715,87.45868998850646,-0.31932734955833647,-7.52634920431975,0.43609061390779114,1.1978707617342772,9.681457106209834,-0.00202468530260829,-0.0073624946472952806,-0.10799224746714914,-25.793999750369235,-11.769334438614266,-83.75
1773079174.5565028,87.4034996835362,-0.31200637864896175,-7.53498037404165,0.4359197028225342,1.163007754948625,9.647518570832508,-0.007888385049536623,-0.020457217477241288,-0.08726646259971647,-26.76272492191593,-11.049193624598127,-85.75
1773079174.5691814,87.27859586044097,-0.3103759023422406,-7.5334789440660295,0.42290446408859894,1.1433547244188147,9.711905759047482,-2.6293483829335077e-05,-0.012437356718296136,-0.11453723216212788,-26.76272492191593,-11.049193624598127,-85.75
1773079174.5827222,87.27859586044097,-0.3103759023422406,-7.5334789440660295,0.42290446408859894,1.1433547244188147,9.711905759047482,-2.6293483829335077e-05,-0.012437356718296136,-0.11453723216212788,-26.76272492191593,-11.049193624598127,-85.75
1773079174.599605,87.18986916260087,-0.32607003193198897,-7.534312911859898,0.43867517829920427,1.1686578138758947,9.754754713552527,0.005627050102202461,-0.00833539500028996,-0.07635815477475191,-26.76272492191593,-11.049193624598127,-85.75
1773079174.6163766,87.07542889380547,-0.33359809525002876,-7.533828709980954,0.4943256600415866,1.17307904861297,9.759854432170215,0.004180846314625111,-0.013594319748358017,-0.11344640137963143,-27.02486830531255,-10.588182945175868,-86.5625
1773079174.6382995,86.87804929570962,-0.3619104301411848,-7.530022534189259,0.5313604339845284,1.1760213309420657,9.756558014528057,-0.004496380555969916,0.00010517808044826856,-0.12217304763960307,-27.02486830531255,-10.588182945175868,-86.5625
1773079174.6625082,86.87804929570962,-0.3619104301411848,-7.530022534189259,0.5313604339845284,1.1760213309420657,9.756558014528057,-0.004496380555969916,0.00010517808044826856,-0.12217304763960307,-27.02486830531255,-10.588182945175868,-86.5625
1773079174.6853209,86.62080615677282,-0.31113946410958027,-7.55697694525347,0.5363318644410683,1.308284524970671,9.707532721508128,-0.01007083954538278,-0.01193775979988413,-0.13526301702956053,-27.329195509457982,-11.930537668345949,-86.1875
1773079174.7035258,86.62080615677282,-0.31113946410958027,-7.55697694525347,0.5363318644410683,1.308284524970671,9.707532721508128,-0.01007083954538278,-0.01193775979988413,-0.13526301702956053,-27.329195509457982,-11.930537668345949,-86.1875
1773079174.7447014,86.38855561785192,-0.34177401984555866,-7.552903677432748,0.5077090965087394,1.2801907092769333,9.674906936651771,-0.0024979887371909615,-0.004969683990552588,-0.10035643198967395,-27.329195509457982,-11.930537668345949,-86.1875
1773079174.77116,86.08995653704383,-0.3452038995174119,-7.565272296679455,0.49398283074814897,1.2808468377350832,9.706716628600873,0.00486450591010432,-0.006994369293160878,-0.09272061651219876,-27.06403911475713,-10.96633225125411,-85.6875
1773079174.8016038,85.91696255311227,-0.36206837139322817,-7.560475285227857,0.4827516624847795,1.2610442571605143,9.77471718715793,-0.003944192524768311,-0.010228608738620644,-0.09053895494720585,-27.06403911475713,-10.96633225125411,-85.6875
1773079174.8368015,85.91696255311227,-0.36206837139322817,-7.560475285227857,0.4827516624847795,1.2610442571605143,9.77471718715793,-0.003944192524768311,-0.010228608738620644,-0.09053895494720585,-27.06403911475713,-10.96633225125411,-85.6875
1773079174.8546882,85.60517286883812,-0.39792808085012776,-7.555688199438994,0.4512484150657933,1.1226406842158672,9.856767028042155,0.0019983918187789548,-0.0050748620710008565,-0.12217304763960307,-28.287374666442844,-11.407757644703334,-87.1875
1773079174.8904536,85.60517286883812,-0.39792808085012776,-7.555688199438994,0.4512484150657933,1.1226406842158672,9.856767028042155,0.0019983918187789548,-0.0050748620710008565,-0.12217304763960307,-28.287374666442844,-11.407757644703334,-87.1875
1773079174.9195688,85.39678934301769,-0.4118704613975468,-7.500444222775709,0.44987751013329647,1.0008612066061189,9.911370280593827,-0.020877929799034366,-0.01009713717434304,-0.11562806294462433,-28.287374666442844,-11.407757644703334,-87.1875
1773079174.948865,85.28304366028571,-0.42917973218541805,-7.5006770042235065,0.42404916734311837,0.9301395215331816,9.890841236184238,0.0061529405044438035,0.01414650777955962,-0.00545415391248228,-26.14503100471535,-9.274453016888538,-87.6875
1773079174.9894576,85.17968758355555,-0.43953957965103285,-7.5157889485964775,0.4616920658303181,0.8679964082069929,9.863798939624832,0.004023077121387245,0.002287632576294425,-0.06654067773228381,-26.14503100471535,-9.274453016888538,-87.6875
1773079175.0098915,85.17968758355555,-0.43953957965103285,-7.5157889485964775,0.4616920658303181,0.8679964082069929,9.863798939624832,0.004023077121387245,0.002287632576294425,-0.06654067773228381,-26.14503100471535,-9.274453016888538,-87.6875
1773079175.0438423,84.98138605875147,-0.456135595558321,-7.475588333372179,0.4657780388194688,1.0405638386951972,9.835767258224834,-0.017222978031781522,-0.0009203133853360081,-0.09053895494720585,-29.19282375061856,-11.871781572928334,-88.375
1773079175.065069,84.81785232857659,-0.4668176991047979,-7.474919222034827,0.5265539551219838,1.1394399362972703,9.817112487387535,0.0013410257071290814,0.0007625441920981415,-0.044724062082354694,-29.19282375061856,-11.871781572928334,-88.375
1773079175.0799212,84.81785232857659,-0.4668176991047979,-7.474919222034827,0.5265539551219838,1.1394399362972703,9.817112487387535,0.0013410257071290814,0.0007625441920981415,-0.044724062082354694,-29.19282375061856,-11.871781572928334,-88.375
1773079175.0981832,84.78204454597986,-0.45477813199014244,-7.468425598730944,0.4823335687827613,1.1244452295471479,9.798007722368117,-0.0007625441920981415,0.0013410257071290814,-0.032724923474893676,-29.19282375061856,-11.871781572928334,-88.375
1773079175.1130815,84.72753395857683,-0.4583352032430525,-7.468200411641416,0.501286018082711,1.1011617533040248,9.778603491247265,0.003050176768392566,-0.005364102828516326,-0.05890486225480862,-28.92766735591771,-10.907576155836496,-88.875
1773079175.1264386,84.65335885096458,-0.46318237960432546,-7.468005192408082,0.5305093334859424,1.1713005610314084,9.765690192195803,-0.010149724142001713,-0.0039967836375579095,-0.05890486225480862,-28.92766735591771,-10.907576155836496,-88.875
1773079175.1411521,84.65335885096458,-0.46318237960432546,-7.468005192408082,0.5305093334859424,1.1713005610314084,9.765690192195803,-0.010149724142001713,-0.0039967836375579095,-0.05890486225480862,-28.92766735591771,-10.907576155836496,-88.875
1773079175.1558452,84.59821926820322,-0.45776709168239604,-7.457078398384933,0.5531824982699448,1.2170901763119781,9.757096535928056,-0.014540926617523361,0.0006047749988602756,-0.05672320068981571,-28.92766735591771,-10.907576155836496,-88.875
1773079175.1703398,84.52438567791961,-0.4688051237980581,-7.442554490351826,0.5597239947677712,1.2290973825640161,9.778138447337856,-0.012542534798744405,-0.004470087072140581,-0.06326818538479445,-28.505827485940028,-11.02358207851812,-88.0625
1773079175.1828318,84.45501140005612,-0.4778139182138708,-7.447356047869518,0.5375485856833428,1.178466855725499,9.802176939449485,-0.007572850808191817,-0.0069680758093315425,-0.06544984694978735,-28.505827485940028,-11.02358207851812,-88.0625
1773079175.1975,84.45501140005612,-0.4778139182138708,-7.447356047869518,0.5375485856833428,1.178466855725499,9.802176939449485,-0.007572850808191817,-0.0069680758093315425,-0.06544984694978735,-28.505827485940028,-11.02358207851812,-88.0625
1773079175.2103593,84.390036730313,-0.47301248441496324,-7.436445723538248,0.49610112226122444,1.14864325294701,9.818174287422222,-0.0006836595954792087,-0.00659995045519714,-0.05890486225480862,-28.505827485940028,-11.02358207851812,-88.0625
1773079175.2226598,84.3647151976917,-0.47012903600508243,-7.430821468820921,0.46940527611249244,1.1320213532783723,9.818785008674034,0.0018143291417117532,-0.0016302664646445516,-0.02945243112740431,-28.77098388064088,-11.987787495609957,-88.75
1773079175.236458,84.3647151976917,-0.47012903600508243,-7.430821468820921,0.46940527611249244,1.1320213532783723,9.818785008674034,0.0018143291417117532,-0.0016302664646445516,-0.02945243112740431,-28.77098388064088,-11.987787495609957,-88.75
1773079175.2556882,84.34438891186184,-0.46073976800350264,-7.43984530308869,0.4613962440746811,1.1564387878464009,9.789085431479037,-0.0012621411105101486,-0.008703520354424362,-0.037088246604879506,-28.77098388064088,-11.987787495609957,-88.75
1773079175.2710564,84.25147768869743,-0.4112007651369129,-7.449514283163877,0.48630421015298725,1.1817193698542057,9.769320694621783,-0.007283610050676347,-0.005916290859717931,-0.05235987755982989,-28.77098388064088,-11.987787495609957,-88.75
1773079175.283958,84.25147768869743,-0.4112007651369129,-7.449514283163877,0.48630421015298725,1.1817193698542057,9.769320694621783,-0.007283610050676347,-0.005916290859717931,-0.05235987755982989,-28.77098388064088,-11.987787495609957,-88.75
1773079175.2996068,84.20066189553478,-0.38858890373621113,-7.462294063057678,0.5082020498989943,1.217895563751643,9.746132147907899,-0.008808698434872631,-0.0032342394454597675,-0.050178215994836975,-28.638405683290454,-11.505684787064038,-88.75
1773079175.314184,84.13567219390934,-0.3829503492439407,-7.461281476953103,0.5174529510739576,1.222618167701975,9.730700429102848,-0.008808698434872631,-0.0032342394454597675,-0.05345070834232634,-28.638405683290454,-11.505684787064038,-88.75
1773079175.326614,-74.00928529861875,4.750432533257776,0.6702118425201117,0.48014739950617724,1.2064893897772346,9.760572133109514,-0.00231392606012376,-0.008414279596908892,-0.030543261909900768,-28.638405683290454,-11.505684787064038,-88.75
1773079175.3393834,-74.00928529861875,4.750432533257776,0.6702118425201117,0.48014739950617724,1.2064893897772346,9.760572133109514,-0.00231392606012376,-0.008414279596908892,-0.030543261909900768,-28.638405683290454,-11.505684787064038,-88.75
1773079175.3542824,84.06504498429062,-0.37313195020491424,-7.454638166634522,0.4553209716681358,1.1957558682385745,9.780451418437153,0.0014199103037480147,-0.007178431970228079,-0.022907446432425576,-29.819557414227358,-10.14374477792092,-88.0625
1773079175.3679655,84.03424826672742,-0.35538897459108454,-7.453076816040305,0.4593610242170851,1.2003048148998396,9.78364552563457,0.00486450591010432,-0.006994369293160878,-0.031634092692397225,-29.819557414227358,-10.14374477792092,-88.0625
1773079175.3810668,83.99843769785339,-0.3424917740663206,-7.456537936444174,0.47817650820294016,1.1988971992869255,9.772390721464658,-0.00028924075751547,-0.0010517849496136115,-0.028361600344907856,-29.819557414227358,-10.14374477792092,-88.0625
1773079175.3951836,83.99843769785339,-0.3424917740663206,-7.456537936444174,0.47817650820294016,1.1988971992869255,9.772390721464658,-0.00028924075751547,-0.0010517849496136115,-0.028361600344907856,-29.819557414227358,-10.14374477792092,-88.0625
1773079175.409256,83.95811180311844,-0.32990704654564995,-7.46034083075031,0.49069800261279883,1.1979604468206277,9.748175216477387,-0.0006836595954792087,-0.00659995045519714,-0.039269908169872414,-29.918991062240178,-10.50532180933036,-88.75
1773079175.4235954,83.9226352698584,-0.32233444469046013,-7.4593005143127185,0.49580554243932756,1.1982240262787018,9.732060068413272,-0.004023077121387245,-0.002287632576294425,-0.02945243112740431,-29.918991062240178,-10.50532180933036,-88.75
1773079175.4359288,83.9226352698584,-0.32233444469046013,-7.4593005143127185,0.49580554243932756,1.1982240262787018,9.732060068413272,-0.004023077121387245,-0.002287632576294425,-0.02945243112740431,-29.918991062240178,-10.50532180933036,-88.75
1773079175.4506052,83.94528879486562,-0.8925043846698838,-8.129499844149972,0.47453043760396957,1.184369053050933,9.738061175931199,-0.0019195072221600217,-0.0028661140913253647,-0.02945243112740431,-29.918991062240178,-10.50532180933036,-88.75
1773079175.4633088,83.87156832321733,-0.2976327055422812,-7.437352237189425,0.46996758660635135,1.1343477334582168,9.77216085131349,-0.004023077121387245,-0.002287632576294425,-0.03599741582238305,-30.001852435584194,-10.80663600217156,-88.75
1773079175.475595,83.87156832321733,-0.2976327055422812,-7.437352237189425,0.46996758660635135,1.1343477334582168,9.77216085131349,-0.004023077121387245,-0.002287632576294425,-0.03599741582238305,-30.001852435584194,-10.80663600217156,-88.75
1773079175.4894652,83.83548023847305,-0.2810083036415091,-7.425695181014389,0.4637056854088471,1.101946081804201,9.768092910703517,0.002682051414258163,0.001525088384196283,-0.030543261909900768,-30.001852435584194,-10.80663600217156,-88.75
1773079175.5034328,83.79047583586338,-0.2785891156206964,-7.430020991009322,0.47461708203506286,1.135214516671188,9.798836858742648,0.004785621313485386,0.000946606869165343,-0.03381575425739013,-30.001852435584194,-10.80663600217156,-88.75
1773079175.517329,83.76450918095696,-0.26505261833188787,-7.433505771006932,0.48365245012189156,1.1638050381003493,9.819296612730287,-0.0019195072221600217,-0.0028661140913253647,-0.0272707695624114,-27.975514459039815,-11.687979808420874,-88.75
1773079175.530142,83.76450918095696,-0.26505261833188787,-7.433505771006932,0.48365245012189156,1.1638050381003493,9.819296612730287,-0.0019195072221600217,-0.0028661140913253647,-0.0272707695624114,-27.975514459039815,-11.687979808420874,-88.75
1773079175.5434427,83.73401648510932,-0.2518243625131742,-7.437331754644275,0.4882139673433953,1.1901694381525392,9.832912350458635,-0.004601558636418185,-0.0043912024755216475,-0.02399827721492203,-27.975514459039815,-11.687979808420874,-88.75
1773079175.5558405,83.73401648510932,-0.2518243625131742,-7.437331754644275,0.4882139673433953,1.1901694381525392,9.832912350458635,-0.004601558636418185,-0.0043912024755216475,-0.02399827721492203,-27.975514459039815,-11.687979808420874,-88.75
1773079175.5727584,83.70352179853207,-0.23859765138602007,-7.441164917194,0.500925730585744,1.2050537185970724,9.835283248404455,0.0007625441920981415,-0.0013410257071290814,-0.028361600344907856,-27.975514459039815,-11.687979808420874,-88.75
1773079175.586928,83.6674104534176,-0.22117898490857643,-7.439390588360403,0.5110785916690916,1.183269734223277,9.826825719380775,-0.0004733034345826715,0.002392810656742693,-0.02945243112740431,-29.882833264099833,-11.552388599766214,-89.1875
1773079175.6021461,83.62741013121621,-0.213903884884665,-7.438740102473159,0.51783520730517,1.1687727359655662,9.831232663414262,-0.006231825101062736,-0.006205531617233401,-0.04036073895236887,-29.882833264099833,-11.552388599766214,-89.1875
1773079175.6163278,83.62741013121621,-0.213903884884665,-7.438740102473159,0.51783520730517,1.1687727359655662,9.831232663414262,-0.006231825101062736,-0.006205531617233401,-0.04036073895236887,-29.882833264099833,-11.552388599766214,-89.1875
1773079175.632374,83.59194155091852,-0.20632363414710242,-7.437757944758975,0.5153164683282672,1.1714622033346185,9.8241301003178,-0.0004733034345826715,0.002392810656742693,-0.032724923474893676,-29.882833264099833,-11.552388599766214,-89.1875
1773079175.6484861,83.54599340785614,-0.18954364681638436,-7.436044497429959,0.5154142311956652,1.179702763483353,9.816058312210615,-0.00086772227254641,-0.003155354848840835,-0.04036073895236887,-30.08471380892821,-11.107950195012759,-89.1875
1773079175.662482,83.54599340785614,-0.18954364681638436,-7.436044497429959,0.5154142311956652,1.179702763483353,9.816058312210615,-0.00086772227254641,-0.003155354848840835,-0.04036073895236887,-30.08471380892821,-11.107950195012759,-89.1875
1773079175.6782265,83.48593653271753,-0.17748124609529456,-7.449860242694629,0.5154792912918358,1.1851867642092473,9.810686627393062,-0.00804615424277449,-0.00457526515258885,-0.03490658503988659,-30.08471380892821,-11.107950195012759,-89.1875
1773079175.6923482,83.4415751321578,-0.18492740126353033,-7.454993452766775,0.5439865072600745,1.3301883563584922,9.807111831152634,0.003050176768392566,-0.005364102828516326,-0.04145156973486533,-30.08471380892821,-11.107950195012759,-89.1875
1773079175.7047234,83.43173398725284,-0.18556977155141963,-7.455026949673427,0.5500562417245707,1.430233207200636,9.711069716382775,0.007467672727743549,0.002471695253361626,-0.018544123302439753,-28.638405683290454,-11.505684787064038,-88.375
1773079175.719384,83.43173398725284,-0.18556977155141963,-7.455026949673427,0.5500562417245707,1.430233207200636,9.711069716382775,0.007467672727743549,0.002471695253361626,-0.018544123302439753,-28.638405683290454,-11.505684787064038,-88.375
1773079175.7317564,83.3962686399737,-0.1779935035895476,-7.454066196047726,0.5452258046054721,1.4645581895721254,9.647154761864154,-2.6293483829335077e-05,-0.012437356718296136,-0.04254240051736178,-28.638405683290454,-11.505684787064038,-88.375
1773079175.7445924,83.34611467440054,-0.1668178516618164,-7.448185871979503,0.5716846612578729,1.3682234876946655,9.69159297799914,-0.004233433282283781,-0.011280393688234256,-0.05345070834232634,-28.638405683290454,-11.505684787064038,-88.375
1773079175.757287,83.34611467440054,-0.1668178516618164,-7.448185871979503,0.5716846612578729,1.3682234876946655,9.69159297799914,-0.004233433282283781,-0.011280393688234256,-0.05345070834232634,-28.638405683290454,-11.505684787064038,-88.375
1773079175.7718425,83.31129266668292,-0.16908096981337878,-7.447985184183183,0.5751010906322999,1.2525078224607522,9.721166114429572,-0.0027872294947064316,-0.0060214689401661995,-0.031634092692397225,-29.700538242742997,-10.889497375515576,-90.0625
1773079175.7863421,83.28207022900266,-0.17555426501788465,-7.453381308619602,0.49674031549259734,1.1976747838808706,9.740846706370444,0.010807090253651584,-0.0018406226255410884,-0.037088246604879506,-29.700538242742997,-10.889497375515576,-90.0625
1773079175.7987325,83.28207022900266,-0.17555426501788465,-7.453381308619602,0.49674031549259734,1.1976747838808706,9.740846706370444,0.010807090253651584,-0.0018406226255410884,-0.037088246604879506,-29.700538242742997,-10.889497375515576,-90.0625
1773079175.8113408,83.24626935772388,-0.16268371388226852,-7.456983277346187,0.4445920949843389,1.1611840092311347,9.750598808753159,0.006468478890919534,-0.017617396869745262,-0.0545415391248228,-29.700538242742997,-10.889497375515576,-90.0625
1773079175.8253746,83.19968123585022,-0.13606439515372593,-7.454598891096493,0.46165529578368925,1.1989882749659961,9.726982718584859,0.00086772227254641,0.003155354848840835,-0.020725784867432664,-28.97738417992412,-11.088364671541216,-90.75
1773079175.838283,83.19968123585022,-0.13606439515372593,-7.454598891096493,0.46165529578368925,1.1989882749659961,9.726982718584859,0.00086772227254641,0.003155354848840835,-0.020725784867432664,-28.97738417992412,-11.088364671541216,-90.75
1773079175.853995,83.1707952770705,-0.14783355110011487,-7.455443859053101,0.4915565673959831,1.2537394065204213,9.711266474386868,0.00018406267706720146,-0.003444595606356305,-0.050178215994836975,-28.97738417992412,-11.088364671541216,-90.75
1773079175.8686006,83.09131855436345,-0.15300629691460174,-7.4550798218166,0.5017794051479507,1.2928366062402306,9.727568383093612,7.888459661893297e-05,-0.00794097616232622,-0.05235987755982989,-28.97738417992412,-11.088364671541216,-90.75
1773079175.88202,83.09131855436345,-0.15300629691460174,-7.4550798218166,0.5017794051479507,1.2928366062402306,9.727568383093612,7.888459661893297e-05,-0.00794097616232622,-0.05235987755982989,-28.97738417992412,-11.088364671541216,-90.75
1773079175.8983567,83.05126829871884,-0.14500581620930628,-7.464333654591929,0.4935845984272745,1.3021640402161312,9.795284020258126,-0.004601558636418185,-0.0043912024755216475,-0.0272707695624114,-30.08471380892821,-11.107950195012759,-89.6875
1773079175.9128485,82.9908834249579,-0.12845499941950256,-7.472943126661608,0.4881310460966536,1.3083713433328283,9.79686156816273,-0.0006836595954792087,-0.00659995045519714,-0.05781403147231216,-30.08471380892821,-11.107950195012759,-89.6875
1773079175.9259675,82.9203095265456,-0.11858753270525581,-7.466554438310938,0.5199808910595181,1.3027454788548427,9.797911408670878,0.00018406267706720146,-0.003444595606356305,-0.06217735460229799,-30.08471380892821,-11.107950195012759,-89.6875
1773079175.9382632,82.9203095265456,-0.11858753270525581,-7.466554438310938,0.5199808910595181,1.3027454788548427,9.797911408670878,0.00018406267706720146,-0.003444595606356305,-0.06217735460229799,-30.08471380892821,-11.107950195012759,-89.6875
1773079175.951553,82.86482640984396,-0.10702098085423932,-7.470288794971532,0.5385156738156708,1.2893254044028433,9.751778501899091,-0.00028924075751547,-0.0010517849496136115,-0.05345070834232634,-30.08471380892821,-11.107950195012759,-89.25
1773079175.9640875,82.82544768705026,-0.10959445213008585,-7.470436334976965,0.5044049722401032,1.237658275105341,9.721077567780803,-0.004706736716866453,-0.008887583031491564,-0.06654067773228381,-30.08471380892821,-11.107950195012759,-89.25
1773079175.976397,82.82544768705026,-0.10959445213008585,-7.470436334976965,0.5044049722401032,1.237658275105341,9.721077567780803,-0.004706736716866453,-0.008887583031491564,-0.06654067773228381,-30.08471380892821,-11.107950195012759,-89.25
1773079175.9924552,82.760459273734,-0.10394952347189684,-7.469649703997702,0.49057445898491064,1.2355281260072517,9.720717109320903,-0.002971292171773633,-0.0025768733338098946,-0.04908738521234052,-30.08471380892821,-11.107950195012759,-89.25
1773079176.0053391,82.7148595868406,-0.09244301495053582,-7.463524299161935,0.5233002796872069,1.2225798246954003,9.743893010193661,-0.00862463575780543,-0.006678835051816072,-0.050178215994836975,-30.86813071031533,-10.892510624318316,-90.75
1773079176.0192292,82.6298407528632,-0.08281107104422686,-7.4674061165531604,0.5450789477932146,1.213962874814366,9.759316313332706,0.002471695253361626,-0.007467672727743549,-0.07635815477475191,-30.86813071031533,-10.892510624318316,-90.75
1773079176.0321746,82.6298407528632,-0.08281107104422686,-7.4674061165531604,0.5450789477932146,1.213962874814366,9.759316313332706,0.002471695253361626,-0.007467672727743549,-0.07635815477475191,-30.86813071031533,-10.892510624318316,-90.75
1773079176.0450068,82.57538042740202,-0.08705140979604727,-7.457444745094729,0.506918171360111,1.1429145474616018,9.803031466355348,-0.00028924075751547,-0.0010517849496136115,-0.04363323129985824,-30.86813071031533,-10.892510624318316,-90.75
1773079176.0579302,82.53039033064618,-0.08469611304525389,-7.461872292752579,0.4524942274669124,1.1036154791118167,9.748495619678677,0.002760936010877096,-0.0064158877781299375,-0.04254240051736178,-29.783399616087014,-11.190811568356775,-91.1875
1773079176.0707934,82.53039033064618,-0.08469611304525389,-7.461872292752579,0.4524942274669124,1.1036154791118167,9.748495619678677,0.002760936010877096,-0.0064158877781299375,-0.04254240051736178,-29.783399616087014,-11.190811568356775,-91.1875
1773079176.0866306,82.47066692219909,-0.07870472793206945,-7.461417025003747,0.43756316700570314,1.1548713840197846,9.765724410237786,-0.0030764702522219018,-0.00707325388977981,-0.04690572364734761,-29.783399616087014,-11.190811568356775,-91.1875
1773079176.1001523,82.44506934155167,-0.07048262115796301,-7.460514989933253,0.4824580851522119,1.1739029942469283,9.777189977896672,-0.004890799393933655,-0.005442987425135259,-0.04799655442984406,-29.783399616087014,-11.190811568356775,-91.1875
1773079176.1144483,82.38466132005054,-0.05397361028786405,-7.4692509044585185,0.5167700404705395,1.2026951924009495,9.784820185094878,0.0004733034345826715,-0.002392810656742693,-0.055632369907319255,-30.702407963627298,-10.289882238635917,-90.375
1773079176.1270103,82.38466132005054,-0.05397361028786405,-7.4692509044585185,0.5167700404705395,1.2026951924009495,9.784820185094878,0.0004733034345826715,-0.002392810656742693,-0.055632369907319255,-30.702407963627298,-10.289882238635917,-90.375
1773079176.1435986,82.3199768665975,-0.052917913451518674,-7.473772857323881,0.5301700442949658,1.2001654325998847,9.786552891042966,0.0018143291417117532,-0.0016302664646445516,-0.06544984694978735,-30.702407963627298,-10.289882238635917,-90.375
1773079176.1575239,82.24548342089149,-0.053167554948944686,-7.468485980211162,0.5161068062625804,1.152762216557478,9.787705987495825,-0.005258924748068057,0.00144620378757735,-0.061086523819801536,-30.702407963627298,-10.289882238635917,-90.375
1773079176.170134,82.24548342089149,-0.053167554948944686,-7.468485980211162,0.5161068062625804,1.152762216557478,9.787705987495825,-0.005258924748068057,0.00144620378757735,-0.061086523819801536,-30.702407963627298,-10.289882238635917,-90.375
1773079176.1843402,82.1404202131423,-0.039593681841129214,-7.477114378555852,0.5067478784486902,1.1212159058098756,9.78512824859695,-0.005574458989412863,-0.012042937880332399,-0.07853981633974483,-31.746461505260413,-11.493632504348598,-91.1875
1773079176.1989908,82.07049149124184,-0.03889357051322382,-7.481343854870944,0.523581038299415,1.1840819339560689,9.78341279215498,-0.0004733034345826715,0.002392810656742693,-0.0545415391248228,-31.746461505260413,-11.493632504348598,-91.1875
1773079176.2119024,82.07049149124184,-0.03889357051322382,-7.481343854870944,0.523581038299415,1.1840819339560689,9.78341279215498,-0.0004733034345826715,0.002392810656742693,-0.0545415391248228,-31.746461505260413,-11.493632504348598,-91.1875
1773079176.2253861,82.03109473465403,-0.04147025519171812,-7.481497219368944,0.4993041950226346,1.2356753287898405,9.782271175055753,-0.005942584343547266,-0.005153746667619789,-0.03490658503988659,-31.746461505260413,-11.493632504348598,-91.1875
1773079176.2392888,81.96576955607861,-0.030585920426195252,-7.4853970761749995,0.4831482270120458,1.270010156715732,9.781511441628915,-0.004995977474381923,-0.009939367981105176,-0.06872233929727672,-30.86813071031533,-10.892510624318316,-92.0
1773079176.2516794,81.96576955607861,-0.030585920426195252,-7.4853970761749995,0.4831482270120458,1.270010156715732,9.781511441628915,-0.004995977474381923,-0.009939367981105176,-0.06872233929727672,-30.86813071031533,-10.892510624318316,-92.0
1773079176.268945,81.88537760911056,-0.011428494144219847,-7.479214777376774,0.467236018675434,1.2110157164589397,9.784350959227453,-0.00057848151503094,-0.002103569899227223,-0.07090400086226964,-30.86813071031533,-10.892510624318316,-92.0
1773079176.2817376,81.81519754786216,-0.006743824695996043,-7.468377555553247,0.454872666258064,1.1653048258211731,9.79293084988443,-0.0073624946472952806,0.00202468530260829,-0.0545415391248228,-30.86813071031533,-10.892510624318316,-92.0
1773079176.2942336,81.76071022235853,-0.010299872777327723,-7.468273405056264,0.4434196185030253,1.13577171648603,9.798640671272988,-0.002576873333809895,0.002971292171773633,-0.04254240051736178,-30.60598732691871,-11.353521303740575,-90.875
1773079176.308948,81.76071022235853,-0.010299872777327723,-7.468273405056264,0.4434196185030253,1.13577171648603,9.798640671272988,-0.002576873333809895,0.002971292171773633,-0.04254240051736178,-30.60598732691871,-11.353521303740575,-90.875
1773079176.3221993,81.7305143842514,-0.0023777269293529988,-7.4677787324617055,0.4102366498658344,1.0988620048882236,9.80244049362419,-0.00347088909018564,-0.01262141939536334,-0.061086523819801536,-30.60598732691871,-11.353521303740575,-90.875
1773079176.3347774,81.67572633655386,-0.001311350082719678,-7.462444855378923,0.40944122116025744,1.1517080000237698,9.7848985627082,0.00057848151503094,0.002103569899227223,-0.039269908169872414,-30.60598732691871,-11.353521303740575,-90.875
1773079176.3476467,81.67572633655386,-0.001311350082719678,-7.462444855378923,0.40944122116025744,1.1517080000237698,9.7848985627082,0.00057848151503094,0.002103569899227223,-0.039269908169872414,-30.60598732691871,-11.353521303740575,-90.875
1773079176.3604035,81.63533631467385,0.011198122247661398,-7.466622371256536,0.4508417450188877,1.1753457085756327,9.756499045103222,-0.002682051414258163,-0.001525088384196283,-0.04036073895236887,-30.86813071031533,-10.892510624318316,-91.6875
1773079176.372724,81.55061168657183,0.016162706442159946,-7.475895789643583,0.4783933311726519,1.1910763395663915,9.707493478014632,0.0006573661116498731,-0.005837406263098997,-0.07853981633974483,-30.86813071031533,-10.892510624318316,-91.6875
1773079176.3849697,81.55061168657183,0.016162706442159946,-7.475895789643583,0.4783933311726519,1.1910763395663915,9.707493478014632,0.0006573661116498731,-0.005837406263098997,-0.07853981633974483,-30.86813071031533,-10.892510624318316,-91.6875
1773079176.3999794,81.49548438894033,0.02245520449143914,-7.475202761105603,0.4822950544869895,1.1742904808276762,9.674880820545228,-0.004785621313485386,-0.000946606869165343,-0.04254240051736178,-30.86813071031533,-10.892510624318316,-91.6875
1773079176.4130611,81.44587995345941,0.02445751175845583,-7.48003702203085,0.46876473362270255,1.1675545681483117,9.67993835496515,-0.007572850808191817,-0.0069680758093315425,-0.04581489286485115,-30.86813071031533,-10.892510624318316,-91.6875
1773079176.4271495,81.38059919909327,0.034740465351394106,-7.474177109236943,0.4615344117514758,1.1695226431632189,9.686649199332567,-0.012253294041228935,-0.0034183021225269697,-0.04799655442984406,-31.384884473850974,-11.593066152361418,-92.875
1773079176.4394994,81.38059919909327,0.034740465351394106,-7.474177109236943,0.4615344117514758,1.1695226431632189,9.686649199332567,-0.012253294041228935,-0.0034183021225269697,-0.04799655442984406,-31.384884473850974,-11.593066152361418,-92.875
1773079176.4555545,81.34487980602891,0.04695845897186282,-7.468204096002952,0.4793003371169846,1.16462353077951,9.69111519129404,-0.003944192524768311,-0.010228608738620644,-0.06435901616729091,-31.384884473850974,-11.593066152361418,-92.875
1773079176.4692624,81.2796881949468,0.056107558021193105,-7.44265951262855,0.49112336198934087,1.1613632262148232,9.717503041007236,0.00144620378757735,0.005258924748068057,-0.05999569303730508,-31.384884473850974,-11.593066152361418,-92.875
1773079176.4824755,81.2796881949468,0.056107558021193105,-7.44265951262855,0.49112336198934087,1.1613632262148232,9.717503041007236,0.00144620378757735,0.005258924748068057,-0.05999569303730508,-31.384884473850974,-11.593066152361418,-92.875
1773079176.49877,81.19100262041191,0.0503416110152158,-7.443033889767376,0.4919762617636816,1.1715305877144897,9.735063860219771,7.888459661893297e-05,-0.00794097616232622,-0.05126904677733343,-31.63045558257879,-11.071792634370919,-92.375
1773079176.5129597,81.15588967877336,0.05328682037020894,-7.447502815658097,0.4943178125563595,1.1847476028735973,9.74675038923851,0.002366517172913357,-0.011964053283713465,-0.06435901616729091,-31.63045558257879,-11.071792634370919,-92.375
1773079176.5253627,81.09091562742915,0.058953713351050596,-7.446891131395839,0.5193406900150576,1.1905599093259338,9.754527643753399,-0.003812720960490707,0.006705128535645408,-0.05345070834232634,-31.63045558257879,-11.071792634370919,-92.375
1773079176.5378242,81.09091562742915,0.058953713351050596,-7.446891131395839,0.5193406900150576,1.1905599093259338,9.754527643753399,-0.003812720960490707,0.006705128535645408,-0.05345070834232634,-31.63045558257879,-11.071792634370919,-92.375
1773079176.551672,81.03080456553583,0.07016551288076396,-7.451237555403864,0.5359931354399647,1.1944279343422464,9.75635820804811,-0.0033657110097373715,-0.008125038839393422,-0.055632369907319255,-32.293346806829426,-10.889497613014083,-91.1875
1773079176.5639772,80.9664721787257,0.06597564345019341,-7.451187198425319,0.5021618095812493,1.185068171101322,9.76092153984482,-0.002971292171773633,-0.0025768733338098946,-0.05781403147231216,-32.293346806829426,-10.889497613014083,-91.1875
1773079176.5762808,80.9664721787257,0.06597564345019341,-7.451187198425319,0.5021618095812493,1.185068171101322,9.76092153984482,-0.002971292171773633,-0.0025768733338098946,-0.05781403147231216,-32.293346806829426,-10.889497613014083,-91.1875
1773079176.5904815,80.91199667241568,0.062427369220404344,-7.451091574251336,0.4796474401429466,1.178839353219893,9.760613274472453,7.888459661893297e-05,-0.00794097616232622,-0.039269908169872414,-32.293346806829426,-10.889497613014083,-91.1875
1773079176.6033866,80.88217063159146,0.06462315353853096,-7.436160229812637,0.4605520261945827,1.1723557474314665,9.8306554731644,-0.0033657110097373715,-0.008125038839393422,-0.02399827721492203,-32.293346806829426,-10.889497613014083,-91.1875
1773079176.615778,80.82239436842475,0.07063825044741018,-7.435868345497317,0.4619552548095432,1.1815069210702114,9.820400874946836,0.002287632576294425,-0.004023077121387245,-0.050178215994836975,-31.63045558257879,-11.071792634370919,-91.1875
1773079176.630503,80.82239436842475,0.07063825044741018,-7.435868345497317,0.4619552548095432,1.1815069210702114,9.820400874946836,0.002287632576294425,-0.004023077121387245,-0.050178215994836975,-31.63045558257879,-11.071792634370919,-91.1875
1773079176.645302,80.75708178300246,0.08150551785181245,-7.4399475353967786,0.49514283606745546,1.1787271472996441,9.823611889506372,0.0013410257071290814,0.0007625441920981415,-0.05672320068981571,-31.63045558257879,-11.071792634370919,-91.1875
1773079176.6585398,80.72751207690476,0.07958408054389894,-7.44007107047486,0.5172288006650222,1.1768772389074391,9.815713448704402,-0.0010517849496136115,0.00028924075751547,-0.05126904677733343,-31.63045558257879,-11.071792634370919,-91.1875
1773079176.6708496,80.72751207690476,0.07958408054389894,-7.44007107047486,0.5172288006650222,1.1768772389074391,9.815713448704402,-0.0010517849496136115,0.00028924075751547,-0.05126904677733343,-31.63045558257879,-11.071792634370919,-91.1875
1773079176.6845028,80.64809712540625,0.07493779226570786,-7.449611639794342,0.5055593232080938,1.1933050698658414,9.803766901167418,-0.002392810656742693,-0.0004733034345826715,-0.044724062082354694,-32.05229545255647,-10.955786711689296,-93.5625
1773079176.6976485,80.61822679331685,0.07768427059138483,-7.444545554666591,0.48892363871526834,1.1719838595680152,9.795816607233235,-0.005758521666480065,-0.008598342273976094,-0.05345070834232634,-32.05229545255647,-10.955786711689296,-93.5625
1773079176.7102969,80.5683008020091,0.08433681146862111,-7.4442340756687,0.489947928948884,1.1891616028178993,9.790525775430638,0.00039441883796373844,0.005548165505583527,-0.04363323129985824,-32.05229545255647,-10.955786711689296,-93.5625
1773079176.7226424,80.5683008020091,0.08433681146862111,-7.4442340756687,0.489947928948884,1.1891616028178993,9.790525775430638,0.00039441883796373844,0.005548165505583527,-0.04363323129985824,-32.05229545255647,-10.955786711689296,-93.5625
1773079176.735498,80.51383129065864,0.08079180023220461,-7.444134978957493,0.4906295826572835,1.2005931990627319,9.753553668895279,-0.0019195072221600217,-0.0028661140913253647,-0.05126904677733343,-32.05229545255647,-10.955786711689296,-93.5625
1773079176.7540104,80.46454369334226,0.07758716379063749,-7.44433330358404,0.4814070910987286,1.210861731944924,9.72894914500149,-0.0010517849496136115,0.00028924075751547,-0.04036073895236887,-32.267735023250914,-11.739203613076414,-92.375
1773079176.7695801,80.40973586740213,0.07922006404529885,-7.448907792827242,0.4823654480699666,1.2434983245027922,9.712575109200714,0.00486450591010432,-0.006994369293160878,-0.044724062082354694,-32.267735023250914,-11.739203613076414,-92.375
1773079176.7848709,80.40973586740213,0.07922006404529885,-7.448907792827242,0.4823654480699666,1.2434983245027922,9.712575109200714,0.00486450591010432,-0.006994369293160878,-0.044724062082354694,-32.267735023250914,-11.739203613076414,-92.375
1773079176.7987177,80.36448693400546,0.08617218628016227,-7.4482687537744505,0.48872827028809546,1.1977266462036167,9.761890382017011,0.00057848151503094,0.002103569899227223,-0.04254240051736178,-32.267735023250914,-11.739203613076414,-92.375
1773079176.8115897,80.314896399837,0.08765001189402366,-7.443291450281162,0.4903017241163255,1.1575899811117398,9.794709145188564,-0.0030764702522219018,-0.00707325388977981,-0.04799655442984406,-32.91706722163549,-10.329053285579004,-92.875
1773079176.8247993,80.314896399837,0.08765001189402366,-7.443291450281162,0.4903017241163255,1.1575899811117398,9.794709145188564,-0.0030764702522219018,-0.00707325388977981,-0.04799655442984406,-32.91706722163549,-10.329053285579004,-92.875
1773079176.8400693,80.26043265712822,0.08410567526647267,-7.443186109882776,0.468771216259559,1.1370883231703135,9.816549665469626,0.0013410257071290814,0.0007625441920981415,-0.04908738521234052,-32.91706722163549,-10.329053285579004,-92.875
1773079176.8534858,80.23055659058218,0.08687109920642631,-7.438131626404387,0.45621685931278144,1.1298954484867687,9.821048952620117,-0.00039441883796373844,-0.005548165505583527,-0.050178215994836975,-32.91706722163549,-10.329053285579004,-92.875
1773079176.865791,80.18565227536507,0.08865982885720515,-7.4328166527842106,0.4317352008611837,1.1295435595354668,9.814007842836482,-0.00115696303006188,-0.004207139798454446,-0.03490658503988659,-32.91706722163549,-10.329053285579004,-92.875
1773079176.8780365,80.18565227536507,0.08865982885720515,-7.4328166527842106,0.4317352008611837,1.1295435595354668,9.814007842836482,-0.00115696303006188,-0.004207139798454446,-0.03490658503988659,-32.91706722163549,-10.329053285579004,-92.875
1773079176.8911762,80.14591677358385,0.09079174256736694,-7.4278037607587954,0.44624525962083034,1.1277773311855221,9.785906280978585,0.001235847626680813,-0.0037338363638717747,-0.03599741582238305,-32.49522735165781,-10.445059208260627,-93.1875
1773079176.9041348,80.10067564269005,0.09775333064928532,-7.427185810717959,0.4559015416373984,1.1266019259486975,9.76720500547717,-0.003260532929289103,-0.003628658283423506,-0.04799655442984406,-32.49522735165781,-10.445059208260627,-93.1875
1773079176.9165032,80.10067564269005,0.09775333064928532,-7.427185810717959,0.4559015416373984,1.1266019259486975,9.76720500547717,-0.003260532929289103,-0.003628658283423506,-0.04799655442984406,-32.49522735165781,-10.445059208260627,-93.1875
1773079176.93007,80.0408813393173,0.10377553984104465,-7.426952031702098,0.4964360241369067,1.1615407353491072,9.761449738952551,0.004207139798454446,-0.00115696303006188,-0.0545415391248228,-32.49522735165781,-10.445059208260627,-93.1875
1773079176.9442546,79.98608368352266,0.105399167684143,-7.431545334464428,0.5234112694404912,1.1847921227130058,9.784380567029514,0.002392810656742693,0.0004733034345826715,-0.04581489286485115,-32.448523538955634,-11.689486789070004,-94.0625
1773079176.9576776,79.9416050071411,0.10769760511457994,-7.436741323029075,0.5058838707380711,1.2100224166306934,9.772879883302043,0.00057848151503094,0.002103569899227223,-0.037088246604879506,-32.448523538955634,-11.689486789070004,-94.0625
1773079176.9706151,79.9416050071411,0.10769760511457994,-7.436741323029075,0.5058838707380711,1.2100224166306934,9.772879883302043,0.00057848151503094,0.002103569899227223,-0.037088246604879506,-32.448523538955634,-11.689486789070004,-94.0625
1773079176.9836545,79.90686710318298,0.105436940501285,-7.43655705023364,0.48357584957326977,1.1881083974443685,9.791987200411022,-0.0038390144443200434,-0.005732228182650729,-0.05345070834232634,-32.448523538955634,-11.689486789070004,-94.0625
1773079176.9959881,79.86678642041987,0.11273567036939909,-7.436259826553118,0.4892918736308145,1.1852168478154543,9.811393129918969,-0.004785621313485386,-0.000946606869165343,-0.03599741582238305,-32.448523538955634,-11.689486789070004,-94.0625
1773079177.0082643,79.86678642041987,0.11273567036939909,-7.436259826553118,0.4892918736308145,1.1852168478154543,9.811393129918969,-0.004785621313485386,-0.000946606869165343,-0.03599741582238305,-32.448523538955634,-11.689486789070004,-94.0625
1773079177.0230956,79.82185138121527,0.1149883905066992,-7.440820804550294,0.5059973231048368,1.1797446427974003,9.824307559228071,0.0007625441920981415,-0.0013410257071290814,-0.04145156973486533,-33.132506792329934,-11.112470186966123,-93.5625
1773079177.036745,79.76679693551655,0.12086311471760962,-7.43041086930977,0.5171146131177006,1.1761029514864205,9.819521520840373,-0.002682051414258163,-0.001525088384196283,-0.04799655442984406,-33.132506792329934,-11.112470186966123,-93.5625
1773079177.0490165,79.74707630306179,0.11958351049363512,-7.430488959624764,0.5157238987062552,1.179565754708849,9.799610907220314,0.003155354848840835,-0.00086772227254641,-0.04036073895236887,-33.132506792329934,-11.112470186966123,-93.5625
1773079177.0692618,79.74707630306179,0.11958351049363512,-7.430488959624764,0.5157238987062552,1.179565754708849,9.799610907220314,0.003155354848840835,-0.00086772227254641,-0.04036073895236887,-33.132506792329934,-11.112470186966123,-93.5625
1773079177.084909,79.67771248082612,0.12025223722297103,-7.43547199027108,0.5147983938007362,1.1818702115713284,9.80308617480889,0.001525088384196283,-0.002682051414258163,-0.04908738521234052,-33.31480181368677,-11.775361411216762,-92.375
1773079177.0987353,79.62840722161542,0.11705069940016878,-7.435663743523889,0.5283741247876313,1.2350097991344335,9.818779373397081,-0.003444595606356305,-0.00018406267706720146,-0.04036073895236887,-33.31480181368677,-11.775361411216762,-92.375
1773079177.1123571,79.57327783791948,0.1237966515166992,-7.4449869201521865,0.545068885738455,1.285613497434281,9.829223021753009,-0.00115696303006188,-0.004207139798454446,-0.05126904677733343,-33.31480181368677,-11.775361411216762,-92.375
1773079177.1247082,79.57327783791948,0.1237966515166992,-7.4449869201521865,0.545068885738455,1.285613497434281,9.829223021753009,-0.00115696303006188,-0.004207139798454446,-0.05126904677733343,-33.31480181368677,-11.775361411216762,-92.375
1773079177.137568,79.51849050835924,0.12539238848628279,-7.449595919304541,0.5517441738576068,1.3031628192276072,9.832828041363362,-0.0035497736868045733,-0.004680443233037118,-0.04799655442984406,-32.81010057036507,-11.590053141057185,-91.1875
1773079177.1504462,79.48418532224598,0.12316596982924885,-7.450049832405123,0.5303028740261461,1.2837974625244972,9.818501583106748,0.0,0.0,-0.030543261909900768,-32.81010057036507,-11.590053141057185,-91.1875
1773079177.1628172,79.48418532224598,0.12316596982924885,-7.450049832405123,0.5303028740261461,1.2837974625244972,9.818501583106748,0.0,0.0,-0.030543261909900768,-32.81010057036507,-11.590053141057185,-91.1875
1773079177.175479,79.42909662360393,0.1294800463184132,-7.449522399745746,0.5160339285033217,1.270910033963786,9.825693043710594,-0.002682051414258163,-0.001525088384196283,-0.044724062082354694,-32.81010057036507,-11.590053141057185,-91.1875
1773079177.1884165,79.42909662360393,0.1294800463184132,-7.449522399745746,0.5160339285033217,1.270910033963786,9.825693043710594,-0.002682051414258163,-0.001525088384196283,-0.044724062082354694,-32.81010057036507,-11.590053141057185,-91.1875
1773079177.2030776,79.3941115357153,0.13153146707358415,-7.434336792889355,0.512988854310397,1.2605596386982738,9.843859327237851,-0.002682051414258163,-0.001525088384196283,-0.04145156973486533,-32.23308396826119,-10.906069887682886,-94.0625
1773079177.2170417,79.3543250715169,0.13410477673426072,-7.439215598716879,0.5136233247312664,1.2633476907574903,9.855948785994558,0.002576873333809895,-0.002971292171773633,-0.030543261909900768,-32.23308396826119,-10.906069887682886,-94.0625
1773079177.2293377,79.31930480566623,0.1365726945873694,-7.433894993502565,0.4834045031892689,1.204243522719561,9.840578403797807,-0.0016302664646445516,-0.001814329141711753,-0.03599741582238305,-32.23308396826119,-10.906069887682886,-94.0625
1773079177.2416854,79.31930480566623,0.1365726945873694,-7.433894993502565,0.4834045031892689,1.204243522719561,9.840578403797807,-0.0016302664646445516,-0.001814329141711753,-0.03599741582238305,-32.23308396826119,-10.906069887682886,-94.0625
1773079177.2550454,79.30471317695337,0.13563134428445445,-7.434272012007779,0.4872426145444038,1.2519954795094528,9.830349586144289,-0.00039441883796373844,-0.005548165505583527,-0.026179938779914945,-33.49408382373937,-11.013036538953305,-94.375
1773079177.2680604,79.26394370782303,0.15319415854881785,-7.4434874552497154,0.5096328944238979,1.2297488481213272,9.823542422259253,0.002103569899227223,-0.00057848151503094,-0.04145156973486533,-33.49408382373937,-11.013036538953305,-94.375
1773079177.2810805,79.26394370782303,0.15319415854881785,-7.4434874552497154,0.5096328944238979,1.2297488481213272,9.823542422259253,0.002103569899227223,-0.00057848151503094,-0.04145156973486533,-33.49408382373937,-11.013036538953305,-94.375
1773079177.2941847,79.21936423709121,0.15029020506402038,-7.443342124808828,0.5245333755678867,1.2149439634436856,9.819012330734765,-0.002682051414258163,-0.001525088384196283,-0.04145156973486533,-33.49408382373937,-11.013036538953305,-94.375
1773079177.30687,79.1795742461591,0.15285318380426977,-7.4482315272871755,0.5054211058591584,1.2130742779137729,9.805962270307697,-0.0019195072221600217,-0.0028661140913253647,-0.037088246604879506,-33.67637884509621,-11.675927763203942,-94.375
1773079177.3193486,79.1795742461591,0.15285318380426977,-7.4482315272871755,0.5054211058591584,1.2130742779137729,9.805962270307697,-0.0019195072221600217,-0.0028661140913253647,-0.037088246604879506,-33.67637884509621,-11.675927763203942,-94.375
1773079177.3321867,79.12995885072809,0.15438377531491673,-7.443298508718074,0.4882672150651194,1.1957031489344983,9.79727760087221,-0.00086772227254641,-0.003155354848840835,-0.04581489286485115,-33.67637884509621,-11.675927763203942,-94.375
1773079177.3451061,79.09016647602337,0.15694307592681392,-7.4481914810368695,0.4977357915207607,1.209623319067051,9.791498050377008,-0.00057848151503094,-0.002103569899227223,-0.03381575425739013,-33.67637884509621,-11.675927763203942,-94.375
1773079177.3574378,79.09016647602337,0.15694307592681392,-7.4481914810368695,0.4977357915207607,1.209623319067051,9.791498050377008,-0.00057848151503094,-0.002103569899227223,-0.03381575425739013,-33.67637884509621,-11.675927763203942,-94.375
1773079177.3733754,79.04559132103586,0.15403737133008105,-7.448043070965886,0.4942802680190319,1.1834079136730542,9.774271377254983,0.0013410257071290814,0.0007625441920981415,-0.038179077387375956,-32.53138491229965,-11.990800981911205,-94.0625
1773079177.3879468,79.01057991846467,0.1565163838543041,-7.442734890834533,0.48730386159177763,1.1741865594069338,9.799603447507335,-0.00115696303006188,-0.004207139798454446,-0.031634092692397225,-32.53138491229965,-11.990800981911205,-94.0625
1773079177.4014466,78.97078802144436,0.15907068564827975,-7.44763103576814,0.48088718552563714,1.161599101494158,9.803081210453232,-0.0024979887371909615,-0.004969683990552588,-0.04254240051736178,-32.53138491229965,-11.990800981911205,-94.0625
1773079177.4170425,78.97078802144436,0.15907068564827975,-7.44763103576814,0.48088718552563714,1.161599101494158,9.803081210453232,-0.0024979887371909615,-0.004969683990552588,-0.04254240051736178,-32.53138491229965,-11.990800981911205,-94.0625
1773079177.4303458,78.92082993008887,0.165726930435511,-7.447450763571195,0.4836321504889597,1.1408852310968465,9.80539562284457,-0.002682051414258163,-0.001525088384196283,-0.04254240051736178,-33.89483166459339,-11.291752197018727,-94.0625
1773079177.4438083,78.87083154355325,0.17274832364916168,-7.457140058429215,0.48545889400878306,1.1271003817365295,9.796900503315365,-0.00086772227254641,-0.003155354848840835,-0.04581489286485115,-33.89483166459339,-11.291752197018727,-94.0625
1773079177.4561744,78.87083154355325,0.17274832364916168,-7.457140058429215,0.48545889400878306,1.1271003817365295,9.796900503315365,-0.00086772227254641,-0.003155354848840835,-0.04581489286485115,-33.89483166459339,-11.291752197018727,-94.0625
1773079177.470746,78.80623453226802,0.17330676929332517,-7.451956686368524,0.4911094602160855,1.1340535926189688,9.791247096165383,-0.0050748620710008565,-0.0019983918187789548,-0.05890486225480862,-33.89483166459339,-11.291752197018727,-94.0625
1773079177.4851546,78.7616693236407,0.1703996177768734,-7.45180733769643,0.4951923851178478,1.1524693538648605,9.790829928567087,-0.00717843197022808,-0.0014199103037480147,-0.04690572364734761,-33.67637884509621,-11.675927763203942,-93.6875
1773079177.4986696,78.73684680520171,0.17392258599134044,-7.456978044187976,0.49468415120173637,1.1656118150166532,9.790552308190486,-0.00115696303006188,-0.004207139798454446,-0.04254240051736178,-33.67637884509621,-11.675927763203942,-93.6875
1773079177.511545,78.73684680520171,0.17392258599134044,-7.456978044187976,0.49468415120173637,1.1656118150166532,9.790552308190486,-0.00115696303006188,-0.004207139798454446,-0.04254240051736178,-33.67637884509621,-11.675927763203942,-93.6875
1773079177.5241582,78.68752539994777,0.17071111865368652,-7.457166934314511,0.4814444278920103,1.1779058871429986,9.790367554931082,-0.004023077121387245,-0.002287632576294425,-0.04581489286485115,-33.67637884509621,-11.675927763203942,-93.6875
1773079177.5366561,78.65286358858708,0.16809835089979114,-7.447112078717877,0.4655377178453123,1.1602844561774996,9.790244603700778,-0.0016302664646445516,-0.001814329141711753,-0.025089107997418487,-33.67637884509621,-11.675927763203942,-93.6875
1773079177.5494401,78.65286358858708,0.16809835089979114,-7.447112078717877,0.4655377178453123,1.1602844561774996,9.790244603700778,-0.0016302664646445516,-0.001814329141711753,-0.025089107997418487,-33.67637884509621,-11.675927763203942,-93.6875
1773079177.564142,78.61752514069197,0.1756989323121527,-7.446577355108413,0.4549519799988287,1.1485575907142422,9.790162781030466,0.00018406267706720146,-0.003444595606356305,-0.038179077387375956,-33.67637884509621,-11.675927763203942,-94.875
1773079177.5778737,78.56820380626938,0.17249191495888663,-7.446763503759486,0.47725819938496883,1.146559169980538,9.786763217250073,-0.0010517849496136115,0.00028924075751547,-0.044724062082354694,-33.67637884509621,-11.675927763203942,-94.875
1773079177.591435,78.53350663867037,0.1753654991885444,-7.451977541373017,0.4983115835309387,1.167806867108903,9.781155733822517,-0.004496380555969916,0.00010517808044826856,-0.02945243112740431,-33.67637884509621,-11.675927763203942,-94.875
1773079177.6037414,78.53350663867037,0.1753654991885444,-7.451977541373017,0.4983115835309387,1.167806867108903,9.781155733822517,-0.004496380555969916,0.00010517808044826856,-0.02945243112740431,-33.67637884509621,-11.675927763203942,-94.875
1773079177.6171317,78.48894766426956,0.17245852527457706,-7.451822067866418,0.49297012652452293,1.1872688387566075,9.777424016241174,-0.002682051414258163,-0.001525088384196283,-0.030543261909900768,-34.339270069346846,-11.493632741847106,-94.875
1773079177.6295173,78.43358246266875,0.18354342162069667,-7.446277218700178,0.4894154465547377,1.2002205634836867,9.771595488169487,-0.00115696303006188,-0.004207139798454446,-0.05345070834232634,-34.339270069346846,-11.493632741847106,-94.875
1773079177.6418474,78.43358246266875,0.18354342162069667,-7.446277218700178,0.4894154465547377,1.2002205634836867,9.771595488169487,-0.00115696303006188,-0.004207139798454446,-0.05345070834232634,-34.339270069346846,-11.493632741847106,-94.875
1773079177.657002,78.41385279453732,0.1822606091613642,-7.446351299295777,0.49575836259485756,1.1648134271005102,9.767716667846702,-0.002392810656742693,-0.0004733034345826715,-0.044724062082354694,-34.339270069346846,-11.493632741847106,-94.875
1773079177.6702263,78.3641885183487,0.18414650933871093,-7.451306580847591,0.4999795023645426,1.1412503733611352,9.745064686007236,-0.0013410257071290814,-0.0007625441920981415,-0.04690572364734761,-33.79539801658057,-10.930175165609288,-95.1875
1773079177.6837475,78.3641885183487,0.18414650933871093,-7.451306580847591,0.4999795023645426,1.1412503733611352,9.745064686007236,-0.0013410257071290814,-0.0007625441920981415,-0.04690572364734761,-33.79539801658057,-10.930175165609288,-95.1875
1773079177.6972187,78.28973851315415,0.1840894650017889,-7.446168820981257,0.4769856250962497,1.1326652463956137,9.746715603668886,-0.004312317878902715,-0.003339417525908036,-0.044724062082354694,-33.79539801658057,-10.930175165609288,-95.1875
1773079177.7126102,78.27509742400851,0.1831454232904621,-7.446544022750232,0.4749881230354063,1.1753325627368312,9.747814270930755,-0.00028924075751547,-0.0010517849496136115,-0.026179938779914945,-33.79539801658057,-10.930175165609288,-95.1875
1773079177.72542,78.27509742400851,0.1831454232904621,-7.446544022750232,0.4749881230354063,1.1753325627368312,9.747814270930755,-0.00028924075751547,-0.0010517849496136115,-0.026179938779914945,-33.79539801658057,-10.930175165609288,-95.1875
1773079177.7395449,78.24007316685656,0.1859700802396747,-7.4511268918786495,0.4738200821890289,1.1412355494142916,9.74854542172061,0.001525088384196283,-0.002682051414258163,-0.032724923474893676,-34.25640869600283,-11.192318549005908,-95.1875
1773079177.7543511,78.19996934302358,0.19326804460411334,-7.45096420824102,0.4798160499233483,1.1305588894924519,9.755722217818409,-0.00028924075751547,-0.0010517849496136115,-0.039269908169872414,-34.25640869600283,-11.192318549005908,-95.1875
1773079177.766659,78.17037231263966,0.1913424192412874,-7.4510737918212095,0.48058092464221486,1.1243406693407576,9.780568965695345,0.0007625441920981415,-0.0013410257071290814,-0.025089107997418487,-34.25640869600283,-11.192318549005908,-95.1875
1773079177.7793014,78.17037231263966,0.1913424192412874,-7.4510737918212095,0.48058092464221486,1.1243406693407576,9.780568965695345,0.0007625441920981415,-0.0013410257071290814,-0.025089107997418487,-34.25640869600283,-11.192318549005908,-95.1875
1773079177.7972453,78.1309088781047,0.18877478315903937,-7.451218358564565,0.473832843680381,1.1568911503825448,9.797104198851086,-0.00086772227254641,-0.003155354848840835,-0.03599741582238305,-33.89483166459339,-11.291752197018727,-95.5625
1773079177.811147,78.10579146223627,0.19193552076284182,-7.445904590394108,0.469342071181284,1.1785531319031557,9.814798435220213,-0.003444595606356305,-0.00018406267706720146,-0.017453292519943295,-33.89483166459339,-11.291752197018727,-95.5625
1773079177.8236642,78.07555259550318,0.19987695909408876,-7.44571599547383,0.4824803863932242,1.1885340498240116,9.79981285820774,-0.0009729003529946786,-0.007651735404810751,-0.031634092692397225,-33.89483166459339,-11.291752197018727,-95.5625
1773079177.836037,78.07555259550318,0.19987695909408876,-7.44571599547383,0.4824803863932242,1.1885340498240116,9.79981285820774,-0.0009729003529946786,-0.007651735404810751,-0.031634092692397225,-33.89483166459339,-11.291752197018727,-95.5625
1773079177.8498333,78.03574963395154,0.2023905513577676,-7.45064797988833,0.49356218547096325,1.1910638866170233,9.786495012398484,0.0013410257071290814,0.0007625441920981415,-0.032724923474893676,-34.67824856598051,-11.076312626324285,-94.75
1773079177.8621707,78.00584866651576,0.2052529245720158,-7.4456789705541,0.497389087924654,1.1798459654267452,9.77763213478251,0.000946606869165343,-0.004785621313485386,-0.02945243112740431,-34.67824856598051,-11.076312626324285,-94.75
1773079177.8744087,78.00584866651576,0.2052529245720158,-7.4456789705541,0.497389087924654,1.1798459654267452,9.77763213478251,0.000946606869165343,-0.004785621313485386,-0.02945243112740431,-34.67824856598051,-11.076312626324285,-94.75
1773079177.8876424,77.97083387028013,0.20806620983393337,-7.4502751843488,0.5031612235872585,1.1714935864268212,9.771733988733908,0.0007625441920981415,-0.0013410257071290814,-0.026179938779914945,-34.67824856598051,-11.076312626324285,-94.75
1773079177.8999271,77.95110187439951,0.20678255232697612,-7.450348326210639,0.5207909924678247,1.1656126352927958,9.811295290620325,-0.00115696303006188,-0.004207139798454446,-0.039269908169872414,-34.67824856598051,-11.076312626324285,-94.75
1773079177.9124773,77.95110187439951,0.20678255232697612,-7.450348326210639,0.5207909924678247,1.1656126352927958,9.811295290620325,-0.00115696303006188,-0.004207139798454446,-0.039269908169872414,-34.67824856598051,-11.076312626324285,-94.75
1773079177.9273858,77.91099544291185,0.214081303045822,-7.450211324943125,0.5360713177611568,1.174600427323529,9.834277783389718,-0.004023077121387245,-0.002287632576294425,-0.038179077387375956,-34.339270069346846,-11.493632741847106,-94.6875
1773079177.9401603,77.87153005942234,0.21151391707526634,-7.450357899793576,0.5365640790645276,1.1832426358003199,9.849572375596482,0.0,0.0,-0.032724923474893676,-34.339270069346846,-11.493632741847106,-94.6875
1773079177.9569504,77.83685944710167,0.20924931357135762,-7.450163766952442,0.511089007575619,1.1960897510833053,9.849715420736336,-0.002682051414258163,-0.001525088384196283,-0.03490658503988659,-34.339270069346846,-11.493632741847106,-94.6875
1773079177.9700298,77.83685944710167,0.20924931357135762,-7.450163766952442,0.511089007575619,1.1960897510833053,9.849715420736336,-0.002682051414258163,-0.001525088384196283,-0.03490658503988659,-34.339270069346846,-11.493632741847106,-94.6875
1773079177.9839091,77.8072606831639,0.20732374271134799,-7.450271366681245,0.49679656535549827,1.214315487279375,9.823049722020436,0.0010517849496136115,-0.00028924075751547,-0.026179938779914945,-35.42400116357516,-11.195331797808647,-95.6875
1773079177.997438,77.77766149971968,0.2053980887622108,-7.450377973164013,0.4701906219348863,1.189513968695719,9.761817545205224,-0.00057848151503094,-0.002103569899227223,-0.02945243112740431,-35.42400116357516,-11.195331797808647,-95.6875
1773079178.0100799,77.73819527595342,0.20283042224276732,-7.450518569944987,0.4959465867567122,1.1922804532281548,9.721068215542934,0.0010517849496136115,-0.00028924075751547,-0.032724923474893676,-35.42400116357516,-11.195331797808647,-95.6875
1773079178.026211,77.73819527595342,0.20283042224276732,-7.450518569944987,0.4959465867567122,1.1922804532281548,9.721068215542934,0.0010517849496136115,-0.00028924075751547,-0.032724923474893676,-35.42400116357516,-11.195331797808647,-95.6875
1773079178.0394611,77.70923711707033,0.19103785588091426,-7.450887467709913,0.5057491662145247,1.192670098472228,9.757507114291586,-0.0035497736868045733,-0.004680443233037118,-0.030543261909900768,-34.55470964004129,-12.277049643234225,-95.0625
1773079178.0519266,77.6697696576456,0.18846975655370712,-7.451021592076276,0.5122726733417116,1.192929403029536,9.781756794359644,-0.004496380555969916,0.00010517808044826856,-0.03599741582238305,-34.55470964004129,-12.277049643234225,-95.0625
1773079178.0672455,77.6697696576456,0.18846975655370712,-7.451021592076276,0.5122726733417116,1.192929403029536,9.781756794359644,-0.004496380555969916,0.00010517808044826856,-0.03599741582238305,-34.55470964004129,-12.277049643234225,-95.0625
1773079178.0803094,77.63030148426154,0.18590151822021098,-7.451153949797442,0.5095181723810296,1.1672989686840056,9.777824015314344,-0.004496380555969916,0.00010517808044826856,-0.03490658503988659,-34.55470964004129,-12.277049643234225,-95.0625
1773079178.094174,77.57654707021288,0.17248693976713403,-7.451265291586089,0.5109104575904623,1.149355223177582,9.775206794791718,-0.002392810656742693,-0.0004733034345826715,-0.050178215994836975,-34.86054358733735,-11.739203850574922,-94.75
1773079178.106482,77.57654707021288,0.17248693976713403,-7.451265291586089,0.5109104575904623,1.149355223177582,9.775206794791718,-0.002392810656742693,-0.0004733034345826715,-0.050178215994836975,-34.86054358733735,-11.739203850574922,-94.75
1773079178.1212583,77.51734465145891,0.16863412041745035,-7.451451772833671,0.5153849188852325,1.1503153603037268,9.753394393526262,-0.004496380555969916,0.00010517808044826856,-0.050178215994836975,-34.86054358733735,-11.739203850574922,-94.75
1773079178.13387,77.477875522154,0.1660654118219588,-7.451573884561935,0.5022357487490211,1.1553892096366642,9.765639377803145,-0.0037338363638717747,-0.001235847626680813,-0.04145156973486533,-34.86054358733735,-11.739203850574922,-94.75
1773079178.1461475,77.477875522154,0.1660654118219588,-7.451573884561935,0.5022357487490211,1.1553892096366642,9.765639377803145,-0.0037338363638717747,-0.001235847626680813,-0.04145156973486533,-34.86054358733735,-11.739203850574922,-94.75
1773079178.1608925,77.45814070592155,0.16478100950002889,-7.451634277628089,0.48413153463406616,1.1752152100457594,9.767098054639336,-0.005837406263098997,-0.0006573661116498731,-0.03490658503988659,-34.438703717359665,-11.855209773256545,-96.25
1773079178.175173,77.42887395393244,0.1578002235500569,-7.4469105821245645,0.4720833823778865,1.1884091918470765,9.818245463389122,-0.0035497736868045733,-0.004680443233037118,-0.028361600344907856,-34.438703717359665,-11.855209773256545,-96.25
1773079178.188666,77.394524795615,0.1507245474966467,-7.451744117682269,0.4866430954409009,1.190980795028128,9.802106816948323,-0.0050748620710008565,-0.0019983918187789548,-0.031634092692397225,-34.438703717359665,-11.855209773256545,-96.25
1773079178.2009928,77.394524795615,0.1507245474966467,-7.451744117682269,0.4866430954409009,1.190980795028128,9.802106816948323,-0.0050748620710008565,-0.0019983918187789548,-0.031634092692397225,-34.438703717359665,-11.855209773256545,-96.25
1773079178.214381,77.36492275451303,0.14879777630559246,-7.45182917595663,0.4945584663213164,1.1862414185604786,9.788021616315143,-0.0010517849496136115,0.00028924075751547,-0.028361600344907856,-34.76110993932453,-11.377626819165483,-96.75
1773079178.2266376,77.33532035162384,0.14687093752363023,-7.451913239773385,0.4836991830768732,1.187522305264484,9.778648072635763,-0.004785621313485386,-0.000946606869165343,-0.025089107997418487,-34.76110993932453,-11.377626819165483,-96.75
1773079178.2389414,77.33532035162384,0.14687093752363023,-7.451913239773385,0.4836991830768732,1.187522305264484,9.778648072635763,-0.004785621313485386,-0.000946606869165343,-0.025089107997418487,-34.76110993932453,-11.377626819165483,-96.75
1773079178.2540898,77.29584992505586,0.14430171533812922,-7.452023777807323,0.4764724513838384,1.188374721057558,9.748994302075245,-0.004023077121387245,-0.002287632576294425,-0.03490658503988659,-34.76110993932453,-11.377626819165483,-96.75
1773079178.2694032,77.26688905655317,0.1325069515011396,-7.4523323701965705,0.4778719864912973,1.2115196180485628,9.719224713899584,-0.0018143291417117532,0.0016302664646445516,-0.026179938779914945,-35.52343481158798,-11.556908829218086,-96.75
1773079178.2854118,77.23728549710972,0.1305797765297324,-7.4524105815088095,0.4699335838696354,1.1946685401608896,9.69606827380945,-0.006415887778129937,-0.002760936010877096,-0.030543261909900768,-35.52343481158798,-11.556908829218086,-96.75
1773079178.2998183,77.19717113561003,0.1378781521495809,-7.452292386607443,0.48085817062266506,1.2171595036638698,9.647206804530658,0.0007625441920981415,-0.0013410257071290814,-0.03490658503988659,-35.52343481158798,-11.556908829218086,-96.75
1773079178.3146825,77.19717113561003,0.1378781521495809,-7.452292386607443,0.48085817062266506,1.2171595036638698,9.647206804530658,0.0007625441920981415,-0.0013410257071290814,-0.03490658503988659,-35.52343481158798,-11.556908829218086,-96.75
1773079178.3286862,77.16218935622787,0.14065957224254177,-7.456887536564018,0.4878058248594132,1.2183385115584957,9.614690042543996,-0.00057848151503094,-0.002103569899227223,-0.03381575425739013,-34.86054358733735,-11.739203850574922,-95.5625
1773079178.3410444,77.12240992604275,0.1429151795252834,-7.451950923629392,0.49242941114358596,1.219123128141988,9.643227176287697,-0.0010517849496136115,0.00028924075751547,-0.039269908169872414,-34.86054358733735,-11.739203850574922,-95.5625
1773079178.3557167,77.12240992604275,0.1429151795252834,-7.451950923629392,0.49242941114358596,1.219123128141988,9.643227176287697,-0.0010517849496136115,0.00028924075751547,-0.039269908169872414,-34.86054358733735,-11.739203850574922,-95.5625
1773079178.3686147,77.10267398681145,0.14163046242147487,-7.4520033455564825,0.49228098133788534,1.2205322594737453,9.662218320013457,-0.005364102828516326,-0.003050176768392566,-0.03490658503988659,-34.86054358733735,-11.739203850574922,-95.5625
1773079178.3809097,77.04829538334039,0.13808460346544277,-7.451824037360214,0.4712979038027026,1.1959895582139668,9.674856714017976,-0.005653343586031796,-0.004101961718006177,-0.03381575425739013,-35.00216129359748,-11.31133772049027,-96.0
1773079178.3951855,77.04829538334039,0.13808460346544277,-7.451824037360214,0.4712979038027026,1.1959895582139668,9.674856714017976,-0.005653343586031796,-0.004101961718006177,-0.03381575425739013,-35.00216129359748,-11.31133772049027,-96.0
1773079178.4092603,77.02822572381919,0.14183695218817818,-7.456705547652019,0.47467028821619367,1.1922356277896566,9.676577200633231,-0.005442987425135259,0.004890799393933655,-0.030543261909900768,-35.00216129359748,-11.31133772049027,-96.0
1773079178.4220903,77.0033497158475,0.14507480365471676,-7.452054626328054,0.4672384478844457,1.192398362306982,9.684412388671229,-0.004496380555969916,0.00010517808044826856,-0.025089107997418487,-35.00216129359748,-11.31133772049027,-96.0
1773079178.4350083,76.96356766015825,0.1473390455635844,-7.447122471184164,0.4719687656496876,1.189845727029845,9.679591283663772,0.0010517849496136115,-0.00028924075751547,-0.031634092692397225,-35.00216129359748,-11.31133772049027,-96.0
1773079178.4473395,76.96356766015825,0.1473390455635844,-7.447122471184164,0.4719687656496876,1.189845727029845,9.679591283663772,0.0010517849496136115,-0.00028924075751547,-0.031634092692397225,-35.00216129359748,-11.31133772049027,-96.0
1773079178.4604692,76.92828666500279,0.15494758265263597,-7.446693446313135,0.4792290918705035,1.1904853738365053,9.68641822725854,-0.004207139798454446,0.00115696303006188,-0.031634092692397225,-34.55470964004129,-12.277049643234225,-97.0625
1773079178.4727473,76.89868170787896,0.15302179701925364,-7.446771730072402,0.4849477356274829,1.1941364264699892,9.680926146836944,-0.002971292171773633,-0.0025768733338098946,-0.030543261909900768,-34.55470964004129,-12.277049643234225,-97.0625
1773079178.485614,76.89868170787896,0.15302179701925364,-7.446771730072402,0.4849477356274829,1.1941364264699892,9.680926146836944,-0.002971292171773633,-0.0025768733338098946,-0.030543261909900768,-34.55470964004129,-12.277049643234225,-97.0625
1773079178.5020707,76.87894490301024,0.15173790652912314,-7.446823366865325,0.48230267950836686,1.1983401167330114,9.7241027925694,-0.0050748620710008565,-0.0019983918187789548,-0.02945243112740431,-34.55470964004129,-12.277049643234225,-97.0625
1773079178.516553,76.83913706356473,0.1541992863251779,-7.451764597596562,0.480542424208308,1.2011376256447557,9.752836367989614,-0.00688919121271261,-0.0003681253541344029,-0.03381575425739013,-34.339270069346846,-11.493632741847106,-97.0625
1773079178.530116,76.80352678526219,0.1668338978174889,-7.45618646224336,0.47493610516853685,1.1868724624304259,9.771958241456698,-0.00028924075751547,-0.0010517849496136115,-0.03599741582238305,-34.339270069346846,-11.493632741847106,-97.0625
1773079178.5430148,76.80352678526219,0.1668338978174889,-7.45618646224336,0.47493610516853685,1.1868724624304259,9.771958241456698,-0.00028924075751547,-0.0010517849496136115,-0.03599741582238305,-34.339270069346846,-11.493632741847106,-97.0625
1773079178.5576391,76.76877187432193,0.16943984594324515,-7.451573999269586,0.4765270290353628,1.1967314046374518,9.794718969765677,-0.004207139798454446,0.00115696303006188,-0.028361600344907856,-34.339270069346846,-11.493632741847106,-97.0625
1773079178.5719004,76.7341406382611,0.16717840473851325,-7.451345320978041,0.47758577109695144,1.203292420544627,9.813211091908627,-0.004023077121387245,-0.002287632576294425,-0.032724923474893676,-36.04018857512362,-12.257464357261188,-97.0625
1773079178.5846834,76.7341406382611,0.16717840473851325,-7.451345320978041,0.47758577109695144,1.203292420544627,9.813211091908627,-0.004023077121387245,-0.002287632576294425,-0.032724923474893676,-36.04018857512362,-12.257464357261188,-97.0625
1773079178.600836,76.70420084910359,0.17027473077076846,-7.4562686445695805,0.4961911817772571,1.2096745641965292,9.832207616038861,0.002971292171773633,0.0025768733338098946,-0.02945243112740431,-36.04018857512362,-12.257464357261188,-97.0625
1773079178.614121,76.66439214552167,0.17272530303567205,-7.461219995233649,0.5085728747489452,1.2139218095036544,9.864920260886368,-0.0028661140913253647,0.0019195072221600215,-0.030543261909900768,-36.04018857512362,-12.257464357261188,-97.0625
1773079178.6287596,76.62962952151707,0.17533567414133733,-7.456612656330688,0.5135873782800559,1.2176352815708917,9.886690160608198,-0.004207139798454446,0.00115696303006188,-0.03381575425739013,-34.19313260863185,-12.376483291247045,-97.0625
1773079178.6410522,76.62962952151707,0.17533567414133733,-7.456612656330688,0.5135873782800559,1.2176352815708917,9.886690160608198,-0.004207139798454446,0.00115696303006188,-0.03381575425739013,-34.19313260863185,-12.376483291247045,-97.0625
1773079178.6539707,76.59466837938848,0.17809148352283652,-7.461232818242126,0.5051518581452794,1.2025282622959579,9.891142450565404,-0.002392810656742693,-0.0004733034345826715,-0.02399827721492203,-34.19313260863185,-12.376483291247045,-97.0625
1773079178.6667159,76.56475361260283,0.18101313750623704,-7.456294007583939,0.4995381137265198,1.1924747097249522,9.887415176381948,-0.004601558636418185,-0.0043912024755216475,-0.031634092692397225,-34.19313260863185,-12.376483291247045,-97.0625
1773079178.6789744,76.56475361260283,0.18101313750623704,-7.456294007583939,0.4995381137265198,1.1924747097249522,9.887415176381948,-0.004601558636418185,-0.0043912024755216475,-0.031634092692397225,-34.19313260863185,-12.376483291247045,-97.0625
1773079178.6924777,76.5348386627487,0.18393741174461528,-7.451356651246309,0.4958022295254694,1.1857841827944886,9.871554270219962,-0.003444595606356305,-0.00018406267706720146,-0.025089107997418487,-35.00216129359748,-11.31133772049027,-96.25
1773079178.7052946,76.51995391773768,0.18296064522846572,-7.451075186412072,0.4836399158353072,1.1839926451409013,9.837583232395854,-0.00028924075751547,-0.0010517849496136115,-0.018544123302439753,-35.00216129359748,-11.31133772049027,-96.25
1773079178.7181356,76.51995391773768,0.18296064522846572,-7.451075186412072,0.4836399158353072,1.1839926451409013,9.837583232395854,-0.00028924075751547,-0.0010517849496136115,-0.018544123302439753,-35.00216129359748,-11.31133772049027,-96.25
1773079178.7326198,76.50492353412136,0.1868643051173957,-7.446420751311917,0.4755460319364503,1.1828003968452259,9.80828566279063,0.0004733034345826715,-0.002392810656742693,-0.022907446432425576,-35.00216129359748,-11.31133772049027,-96.25
1773079178.7483103,76.46511227391694,0.18930981501841918,-7.451382266961269,0.47693292848608076,1.194021490478454,9.775408010664371,0.003155354848840835,-0.00086772227254641,-0.022907446432425576,-36.44846941923524,-10.913603128438991,-96.75
1773079178.761252,76.44992251790815,0.1931892883760006,-7.446088342511302,0.47785589264721023,1.2014890029435386,9.736802741905189,-0.00010517808044826849,-0.004496380555969916,-0.026179938779914945,-36.44846941923524,-10.913603128438991,-96.75
1773079178.77407,76.44992251790815,0.1931892883760006,-7.446088342511302,0.47785589264721023,1.2014890029435386,9.736802741905189,-0.00010517808044826849,-0.004496380555969916,-0.026179938779914945,-36.44846941923524,-10.913603128438991,-96.75
1773079178.786849,76.41998119963911,0.19627480383964507,-7.451026130094891,0.4875817979247593,1.2143607180380276,9.727836925331658,-0.003155354848840835,0.00086772227254641,-0.02399827721492203,-36.44846941923524,-10.913603128438991,-96.75
1773079178.7995877,76.39538450792521,0.1946822873766411,-7.451414421362057,0.48018517129029975,1.1851091804594192,9.725215386264027,0.0003681253541344029,-0.00688919121271261,-0.020725784867432664,-36.44846941923524,-10.913603128438991,-96.75
1773079178.8127708,76.39538450792521,0.1946822873766411,-7.451414421362057,0.48018517129029975,1.1851091804594192,9.725215386264027,0.0003681253541344029,-0.00688919121271261,-0.020725784867432664,-36.44846941923524,-10.913603128438991,-96.75
1773079178.8292606,76.36999379444961,0.20293204604995846,-7.451010313448633,0.4843744818293029,1.1735447779284958,9.746886563250264,0.002971292171773633,0.0025768733338098946,-0.022907446432425576,-34.97654951001897,-12.161043720552602,-97.5
1773079178.8437355,76.3496132363698,0.2115164121884182,-7.450917115011056,0.4903877960243192,1.1649618194668223,9.838246058720042,0.0013410257071290814,0.0007625441920981415,-0.015271630954950384,-34.97654951001897,-12.161043720552602,-97.5
1773079178.8561234,76.3496132363698,0.2115164121884182,-7.450917115011056,0.4903877960243192,1.1649618194668223,9.838246058720042,0.0013410257071290814,0.0007625441920981415,-0.015271630954950384,-34.97654951001897,-12.161043720552602,-97.5
1773079178.8721495,76.32000571583005,0.2095893866723572,-7.4510003048232685,0.4961635449683504,1.1657007061464564,9.8221072131344,0.004101961718006177,-0.005653343586031796,-0.02945243112740431,-34.97654951001897,-12.161043720552602,-97.5
1773079178.885683,76.28975561073952,0.217531522805279,-7.450940168482351,0.5053291079323665,1.1855446759516959,9.838127885338427,0.004312317878902715,0.003339417525908036,-0.028361600344907856,-35.1015949416103,-11.67291475189971,-97.5
1773079178.8984551,76.25981236153302,0.2206089417975222,-7.455888720850414,0.5028814463087911,1.1802853449717516,9.848789463727572,-0.0019195072221600217,-0.0028661140913253647,-0.022907446432425576,-35.1015949416103,-11.67291475189971,-97.5
1773079178.9143224,76.25981236153302,0.2206089417975222,-7.455888720850414,0.5028814463087911,1.1802853449717516,9.848789463727572,-0.0019195072221600217,-0.0028661140913253647,-0.022907446432425576,-35.1015949416103,-11.67291475189971,-97.5
1773079178.928644,76.22002761029988,0.22290433257643097,-7.4509977125951465,0.5217336869111644,1.1503372478998521,9.865919960169872,-0.0018143291417117532,0.0016302664646445516,-0.04145156973486533,-35.1015949416103,-11.67291475189971,-97.5
1773079178.9417224,76.18024244391796,0.2252031539449699,-7.446108224284979,0.5084766438069203,1.1375029459221426,9.87732011419204,-0.00028924075751547,-0.0010517849496136115,-0.02945243112740431,-35.52343481158798,-11.556908829218086,-97.0625
1773079178.954046,76.14532685732615,0.22781210590079698,-7.440885439173011,0.4858657526358374,1.129284397536287,9.864836119101811,0.0018143291417117532,-0.0016302664646445516,-0.03490658503988659,-35.52343481158798,-11.556908829218086,-97.0625
1773079178.9686518,76.14532685732615,0.22781210590079698,-7.440885439173011,0.4858657526358374,1.129284397536287,9.864836119101811,0.0018143291417117532,-0.0016302664646445516,-0.03490658503988659,-35.52343481158798,-11.556908829218086,-97.0625
1773079178.9822993,76.10520787046374,0.23511543147467448,-7.4408707870073485,0.47436636818242367,1.1367165447085996,9.806351484214836,-0.00018406267706720146,0.003444595606356305,-0.037088246604879506,-35.52343481158798,-11.556908829218086,-97.0625
1773079178.994591,76.07559951784953,0.23319092321069174,-7.4409559309817555,0.4634882814562433,1.1425495333894347,9.770775724721053,0.0018143291417117532,-0.0016302664646445516,-0.026179938779914945,-34.6541432880541,-12.638626674643664,-96.75
1773079179.009249,76.07559951784953,0.23319092321069174,-7.4409559309817555,0.4634882814562433,1.1425495333894347,9.770775724721053,0.0018143291417117532,-0.0016302664646445516,-0.026179938779914945,-34.6541432880541,-12.638626674643664,-96.75
1773079179.0235496,76.06573002478616,0.23254940786799005,-7.440984091421909,0.46657023316661117,1.1713473430693901,9.743755342477893,-0.0019195072221600217,-0.0028661140913253647,-0.026179938779914945,-34.6541432880541,-12.638626674643664,-96.75
1773079179.0370839,76.02591702793399,0.23497776479680074,-7.445970666805491,0.4718466124311792,1.1896249859586037,9.729118691639837,-0.00631070969768167,0.00173544454509282,-0.031634092692397225,-34.6541432880541,-12.638626674643664,-96.75
1773079179.0499897,75.99630833658811,0.233051868899826,-7.446054459609237,0.4744710061305465,1.1985631782977517,9.779590174740962,-0.0035497736868045733,-0.004680443233037118,-0.026179938779914945,-34.6541432880541,-12.638626674643664,-96.75
1773079179.062334,75.99630833658811,0.233051868899826,-7.446054459609237,0.4744710061305465,1.1985631782977517,9.779590174740962,-0.0035497736868045733,-0.004680443233037118,-0.026179938779914945,-34.6541432880541,-12.638626674643664,-96.75
1773079179.0760787,75.96639239615976,0.23600354315654096,-7.441145241722922,0.4729921359921022,1.2053984232134884,9.816523494648672,-0.004785621313485386,-0.000946606869165343,-0.025089107997418487,-36.04018857512362,-12.257464357261188,-96.75
1773079179.0884163,75.94631812264306,0.23971153155215708,-7.446079275405772,0.47200796443502946,1.2099472023502225,9.841102206475037,0.0007625441920981415,-0.0013410257071290814,-0.02399827721492203,-36.04018857512362,-12.257464357261188,-96.75
1773079179.1007528,75.94631812264306,0.23971153155215708,-7.446079275405772,0.47200796443502946,1.2099472023502225,9.841102206475037,0.0007625441920981415,-0.0013410257071290814,-0.02399827721492203,-36.04018857512362,-12.257464357261188,-96.75
1773079179.1176274,75.92627181947476,0.24330696073821176,-7.441144862901785,0.45248457095718286,1.1695930719672498,9.800592165608851,0.004101961718006177,-0.005653343586031796,-0.022907446432425576,-36.04018857512362,-12.257464357261188,-96.75
1773079179.1300807,75.88615091230476,0.2506104329510392,-7.441149598302184,0.47537426089386015,1.184909627095884,9.773633185939213,0.004207139798454446,-0.00115696303006188,-0.030543261909900768,-34.83643830941094,-13.301517898894303,-98.25
1773079179.1424677,75.88615091230476,0.2506104329510392,-7.441149598302184,0.47537426089386015,1.184909627095884,9.773633185939213,0.004207139798454446,-0.00115696303006188,-0.030543261909900768,-34.83643830941094,-13.301517898894303,-98.25
1773079179.1576269,75.84633615635339,0.2530309729872902,-7.446146339840538,0.4785925722964141,1.201875909306571,9.815904296852352,-0.004785621313485386,-0.000946606869165343,-0.037088246604879506,-34.83643830941094,-13.301517898894303,-98.25
1773079179.1713564,75.81174096519489,0.2507697756847543,-7.445924920296221,0.49452279966000295,1.2128442443802294,9.844035248965797,-0.005364102828516326,-0.003050176768392566,-0.038179077387375956,-34.83643830941094,-13.301517898894303,-98.25
1773079179.1849406,75.76704134179403,0.2528782052721327,-7.451258429855541,0.5083495628471464,1.2192565710872338,9.856065859939331,0.003260532929289103,0.003628658283423506,-0.039269908169872414,-36.04018857512362,-12.257464357261188,-97.5
1773079179.1998339,75.76704134179403,0.2528782052721327,-7.451258429855541,0.5083495628471464,1.2192565710872338,9.856065859939331,0.003260532929289103,0.003628658283423506,-0.039269908169872414,-36.04018857512362,-12.257464357261188,-97.5
1773079179.2163045,75.71704875923585,0.2595357339962581,-7.451305242734859,0.5207764941220999,1.222636925120178,9.864072097151489,-0.002103569899227223,0.00057848151503094,-0.04363323129985824,-36.04018857512362,-12.257464357261188,-97.5
1773079179.230762,75.67756838647553,0.2569657457722788,-7.451418303987446,0.5187252811572134,1.1999704920964607,9.86940015858065,0.002392810656742693,0.0004733034345826715,-0.028361600344907856,-36.04018857512362,-12.257464357261188,-97.5
1773079179.243433,75.67756838647553,0.2569657457722788,-7.451418303987446,0.5187252811572134,1.1999704920964607,9.86940015858065,0.002392810656742693,0.0004733034345826715,-0.028361600344907856,-36.04018857512362,-12.257464357261188,-97.5
1773079179.2561893,75.62293282902665,0.25831067837510635,-7.446272387723396,0.5043780916516282,1.1502940887612871,9.882981259065367,-0.005942584343547266,-0.005153746667619789,-0.05126904677733343,-35.738874382282425,-12.340325730605205,-97.5
1773079179.269193,75.58376090939358,0.25084815539342736,-7.451358458581408,0.4852347036924499,1.1580359869433423,9.845187765824642,0.004207139798454446,-0.00115696303006188,-0.032724923474893676,-35.738874382282425,-12.340325730605205,-97.5
1773079179.2815397,75.58376090939358,0.25084815539342736,-7.451358458581408,0.4852347036924499,1.1580359869433423,9.845187765824642,0.004207139798454446,-0.00115696303006188,-0.032724923474893676,-35.738874382282425,-12.340325730605205,-97.5
1773079179.2947164,75.55909913519855,0.24933439332709265,-7.461617104718846,0.5142635784550444,1.3529208070619154,9.820036618253923,0.01309472282994601,-0.005863699746928333,-0.026179938779914945,-35.738874382282425,-12.340325730605205,-97.5
1773079179.3092546,75.54920231972031,0.24876928287280903,-7.471513920197103,0.5335819703357726,1.4826144778447412,9.793263475380378,0.011569634445749726,-0.00318164833267017,-0.009817477042468103,-36.12304994846764,-12.558778550102389,-97.5
1773079179.3221712,75.54920231972031,0.24876928287280903,-7.471513920197103,0.5335819703357726,1.4826144778447412,9.793263475380378,0.011569634445749726,-0.00318164833267017,-0.009817477042468103,-36.12304994846764,-12.558778550102389,-97.5
1773079179.3375459,75.53404998145508,0.2526859345127423,-7.466258250843552,0.5503086042956653,1.4568423948484477,9.775446247873637,-0.006915484696541945,-0.01280548207243054,-0.0272707695624114,-36.12304994846764,-12.558778550102389,-97.5
1773079179.3517082,75.45377629221015,0.2673448510087406,-7.47619932864736,0.6053857259809278,1.4102598209598052,9.763589081999372,-0.0027872294947064316,-0.0060214689401661995,-0.07526732399225546,-36.12304994846764,-12.558778550102389,-97.5
1773079179.3650017,75.39489330547165,0.2585094357404964,-7.471461065076091,0.6340561353690479,1.3502312649375874,9.75569827056327,-0.005837406263098997,-0.0006573661116498731,-0.06326818538479445,-36.666922001233914,-13.122236126340207,-97.875
1773079179.377285,75.39489330547165,0.2585094357404964,-7.471461065076091,0.6340561353690479,1.3502312649375874,9.75569827056327,-0.005837406263098997,-0.0006573661116498731,-0.06326818538479445,-36.666922001233914,-13.122236126340207,-97.875
1773079179.3922474,75.3652836769454,0.25657657430151387,-7.471540372978805,0.5257336731585566,1.2759326787344862,9.727031241747449,0.003339417525908036,-0.004312317878902715,-0.031634092692397225,-36.666922001233914,-13.122236126340207,-97.875
1773079179.405068,75.34554387206195,0.2552879736628436,-7.471592690115908,0.451872329078294,1.2200370499279631,9.738059659668089,0.002944998687944297,-0.009860483384486243,-0.031634092692397225,-36.666922001233914,-13.122236126340207,-97.875
1773079179.4178302,75.34554387206195,0.2552879736628436,-7.471592690115908,0.451872329078294,1.2200370499279631,9.738059659668089,0.002944998687944297,-0.009860483384486243,-0.031634092692397225,-36.666922001233914,-13.122236126340207,-97.875
1773079179.4330812,75.30637371735949,0.24780448255020843,-7.476659641601505,0.4801274255735468,1.1615516671078816,9.745398948598773,0.0053378093446869905,-0.009387179949903571,-0.03381575425739013,-36.305344969824475,-13.221669774353026,-98.25
1773079179.446642,75.24748862719234,0.23897474762036724,-7.47189994226125,0.5299750982674835,1.2355184171797646,9.750283163396915,-0.00057848151503094,-0.002103569899227223,-0.061086523819801536,-36.305344969824475,-13.221669774353026,-98.25
1773079179.458956,75.15896914061862,0.22826268063635635,-7.477069687490995,0.5631481676103088,1.2847424630898656,9.733462883540907,-0.005364102828516326,-0.003050176768392566,-0.08508480103472356,-36.305344969824475,-13.221669774353026,-98.25
1773079179.4743316,75.15896914061862,0.22826268063635635,-7.477069687490995,0.5631481676103088,1.2847424630898656,9.733462883540907,-0.005364102828516326,-0.003050176768392566,-0.08508480103472356,-36.305344969824475,-13.221669774353026,-98.25
1773079179.487904,75.09021201416309,0.21879426481927786,-7.472310090161204,0.5418431826052174,1.3363689540749473,9.692163169825697,-0.0041282552018355135,-0.006784013132264341,-0.05781403147231216,-36.404778617837295,-13.583246805762466,-98.0
1773079179.5017662,75.02014333401692,0.22910461299955132,-7.477343316585066,0.5063774868321793,1.293316811224435,9.664678671696256,-0.008545751161186495,-0.01461981121414229,-0.06435901616729091,-36.404778617837295,-13.583246805762466,-98.0
1773079179.5145524,75.02014333401692,0.22910461299955132,-7.477343316585066,0.5063774868321793,1.293316811224435,9.664678671696256,-0.008545751161186495,-0.01461981121414229,-0.06435901616729091,-36.404778617837295,-13.583246805762466,-98.0
1773079179.5305533,74.94087056441681,0.22886740380149867,-7.472567361287156,0.5053530862758256,1.2584572467600754,9.740051173018017,-0.0038390144443200434,-0.005732228182650729,-0.05999569303730508,-36.404778617837295,-13.583246805762466,-98.0
1773079179.5438147,74.89644347860471,0.22595663921064504,-7.472340728669807,0.49072162032258404,1.1593010194291078,9.800246065803599,-0.0033657110097373715,-0.008125038839393422,-0.04145156973486533,-37.243938603337796,-13.806219379714506,-98.75
1773079179.5561433,74.89644347860471,0.22595663921064504,-7.472340728669807,0.49072162032258404,1.1593010194291078,9.800246065803599,-0.0033657110097373715,-0.008125038839393422,-0.04145156973486533,-37.243938603337796,-13.806219379714506,-98.75
1773079179.5705764,74.8227599465696,0.21619013543966764,-7.467890142292313,0.48098454317488576,1.0933136577879845,9.840305094531391,-0.00144620378757735,-0.005258924748068057,-0.07635815477475191,-37.243938603337796,-13.806219379714506,-98.75
1773079179.5838616,74.7434850218279,0.2159676450751796,-7.463104776248694,0.47127925227439654,1.0502867835031295,9.85023837212447,-0.00086772227254641,-0.003155354848840835,-0.05781403147231216,-37.243938603337796,-13.806219379714506,-98.75
1773079179.5961914,74.68326731202609,0.2269164895194549,-7.478017978297844,0.4745772449573526,1.0571320024269586,9.856848857400683,-0.006337003181511005,-0.010701912173203315,-0.05781403147231216,-37.85108674347505,-13.185512213711187,-99.0625
1773079179.6104856,74.68326731202609,0.2269164895194549,-7.478017978297844,0.4745772449573526,1.0571320024269586,9.856848857400683,-0.006337003181511005,-0.010701912173203315,-0.05781403147231216,-37.85108674347505,-13.185512213711187,-99.0625
1773079179.623817,74.59410316524435,0.22604440545551907,-7.4831293944578245,0.4941084103636885,1.074266382258797,9.861248061508043,-0.008256510403671027,-0.013568026264528682,-0.0818123086872342,-37.85108674347505,-13.185512213711187,-99.0625
1773079179.636412,74.52565754432206,0.21165598700432942,-7.48325209386782,0.5071061827641918,1.0856691206333215,9.854140347577204,-0.007467672727743549,-0.002471695253361626,-0.0719948316447661,-37.85108674347505,-13.185512213711187,-99.0625
1773079179.6491704,74.52565754432206,0.21165598700432942,-7.48325209386782,0.5071061827641918,1.0856691206333215,9.854140347577204,-0.007467672727743549,-0.002471695253361626,-0.0719948316447661,-37.85108674347505,-13.185512213711187,-99.0625
1773079179.6627188,74.44669641210871,0.20649200361881093,-7.4833899601649,0.5157560551020955,1.0932575156446338,9.849410243354596,-0.0089138765153209,-0.007730620001429683,-0.055632369907319255,-38.21266377488449,-13.086078565698367,-99.0625
1773079179.6749928,74.39703136240021,0.2082098003172607,-7.478547777873703,0.5149810679845114,1.06194140687783,9.829536853296581,0.002182454495846156,-0.008519457677357161,-0.09926560120717749,-38.21266377488449,-13.086078565698367,-99.0625
1773079179.6873028,74.39703136240021,0.2082098003172607,-7.478547777873703,0.5149810679845114,1.06194140687783,9.829536853296581,0.002182454495846156,-0.008519457677357161,-0.09926560120717749,-38.21266377488449,-13.086078565698367,-99.0625
1773079179.7030363,74.32303454497693,0.20339060468490797,-7.468477264653725,0.5472834998417561,1.1604397549894412,9.816311334213285,-0.0035497736868045733,-0.004680443233037118,-0.05235987755982989,-38.21266377488449,-13.086078565698367,-99.0625
1773079179.7161021,74.26871950954416,0.19982327425848578,-7.47875493505726,0.5388650561799886,1.2307467303717605,9.80081967558744,-0.0009729003529946786,-0.007651735404810751,-0.05672320068981571,-38.32866969756611,-13.507918435676046,-100.6875
1773079179.7291794,74.18975882225783,0.19466213884576805,-7.478873080421515,0.5332626759632598,1.2775352371083186,9.797200373239747,-0.00967642070741904,-0.006389594294300602,-0.06654067773228381,-38.32866969756611,-13.507918435676046,-100.6875
1773079179.7415333,74.18975882225783,0.19466213884576805,-7.478873080421515,0.5332626759632598,1.2775352371083186,9.797200373239747,-0.00967642070741904,-0.006389594294300602,-0.06654067773228381,-38.32866969756611,-13.507918435676046,-100.6875
1773079179.7565043,74.12525196592661,0.1953885903292333,-7.484243643257927,0.5422745920774039,1.2288444418403444,9.788101544542974,-0.005942584343547266,-0.005153746667619789,-0.05126904677733343,-38.32866969756611,-13.507918435676046,-100.6875
1773079179.7692509,74.05126271505428,0.19058998415560527,-7.474152905994544,0.5482719215816677,1.1964412615013293,9.795426822515125,-0.004312317878902715,-0.003339417525908036,-0.05345070834232634,-38.21266377488449,-13.086078565698367,-100.6875
1773079179.7831829,74.05126271505428,0.19058998415560527,-7.474152905994544,0.5482719215816677,1.1964412615013293,9.795426822515125,-0.004312317878902715,-0.003339417525908036,-0.05345070834232634,-38.21266377488449,-13.086078565698367,-100.6875
1773079179.7964962,73.99205536784787,0.18677686951188746,-7.4643600699259816,0.5458123277142456,1.1766512624733252,9.746779925859766,0.002103569899227223,-0.00057848151503094,-0.04581489286485115,-38.21266377488449,-13.086078565698367,-100.6875
1773079179.810695,73.94237700825168,0.1884623529183169,-7.46938622768136,0.5380472820247536,1.1790436717854145,9.74785707663026,-0.00039441883796373844,-0.005548165505583527,-0.044724062082354694,-38.21266377488449,-13.086078565698367,-100.6875
1773079179.8241718,73.94237700825168,0.1884623529183169,-7.46938622768136,0.5380472820247536,1.1790436717854145,9.74785707663026,-0.00039441883796373844,-0.005548165505583527,-0.044724062082354694,-38.21266377488449,-13.086078565698367,-100.6875
1773079179.839181,73.88252566782187,0.19453096414740237,-7.459653572623063,0.5328797308596407,1.180635793457647,9.74857390843546,-0.0009729003529946786,-0.007651735404810751,-0.05235987755982989,-38.69024672897555,-13.408484787663227,-100.0
1773079179.8535566,73.81767934330671,0.20015366824439512,-7.4699956698656775,0.5294407832845868,1.1816953326453532,9.752396063701605,0.0,0.0,-0.050178215994836975,-38.69024672897555,-13.408484787663227,-100.0
1773079179.8658283,73.78774004465201,0.2031188013111667,-7.475004943693581,0.5307001131296877,1.1953019434548422,9.76497500045691,0.0016302664646445516,0.001814329141711753,-0.05345070834232634,-38.69024672897555,-13.408484787663227,-100.0
1773079179.878364,73.78774004465201,0.2031188013111667,-7.475004943693581,0.5307001131296877,1.1953019434548422,9.76497500045691,0.0016302664646445516,0.001814329141711753,-0.05345070834232634,-38.69024672897555,-13.408484787663227,-100.0
1773079179.8930638,73.7084506561336,0.20285467394995133,-7.4800787027322295,0.5250874334160168,1.206130946473124,9.773346142351636,-0.003260532929289103,-0.003628658283423506,-0.07853981633974483,-38.69024672897555,-13.408484787663227,-100.0
1773079179.905926,73.6341407156821,0.2029004627137348,-7.484823199678155,0.5346569241670757,1.2617181494485208,9.772226820356154,-0.004785621313485386,-0.000946606869165343,-0.05781403147231216,-37.549772550633854,-13.268373587055203,-100.25
1773079179.9188373,73.55942849011767,0.207932791482472,-7.485324983487254,0.5385256545446899,1.2265430518695135,9.771481924071807,-0.011306687172063592,-0.008203923436012355,-0.07090400086226964,-37.549772550633854,-13.268373587055203,-100.25
1773079179.931622,73.55942849011767,0.207932791482472,-7.485324983487254,0.5385256545446899,1.2265430518695135,9.771481924071807,-0.011306687172063592,-0.008203923436012355,-0.07090400086226964,-37.549772550633854,-13.268373587055203,-100.25
1773079179.9464197,73.48047134937657,0.20276645439398175,-7.485416722550255,0.5411002513944422,1.20313441736227,9.801092209281485,-0.007756913485259019,-0.003523480202975237,-0.07635815477475191,-37.549772550633854,-13.268373587055203,-100.25
1773079179.9620361,73.4067248624517,0.19304611447482817,-7.4808312593217305,0.5266867426929477,1.1919911213902026,9.837523081856565,-0.003444595606356305,-0.00018406267706720146,-0.06654067773228381,-38.87254175033239,-14.071376011913866,-101.5
1773079179.9755027,73.4067248624517,0.19304611447482817,-7.4808312593217305,0.5266867426929477,1.1919911213902026,9.837523081856565,-0.003444595606356305,-0.00018406267706720146,-0.06654067773228381,-38.87254175033239,-14.071376011913866,-101.5
1773079179.9900553,73.32256046031324,0.19243364104417515,-7.485578838370876,0.525077513503205,1.2136037558603363,9.84504186205917,0.0028661140913253647,-0.0019195072221600215,-0.0818123086872342,-38.87254175033239,-14.071376011913866,-101.5
1773079180.0047278,73.25803276891105,0.19323428304327644,-7.481084027560323,0.524006589453699,1.227986722671264,9.826629744342492,-0.004785621313485386,-0.000946606869165343,-0.050178215994836975,-38.87254175033239,-14.071376011913866,-101.5
1773079180.01831,73.25803276891105,0.19323428304327644,-7.481084027560323,0.524006589453699,1.227986722671264,9.826629744342492,-0.004785621313485386,-0.000946606869165343,-0.050178215994836975,-38.87254175033239,-14.071376011913866,-101.5
1773079180.0371761,73.20803019092888,0.19975343897490844,-7.491119876839602,0.5395014064817363,1.2712635940140222,9.784270680313,-0.0022087479796754914,-0.003917899040938976,-0.04908738521234052,-38.72640428961739,-14.954226561313805,-101.875
1773079180.0589795,73.093653458608,0.2074522050821922,-7.466422530250709,0.5120761575243852,1.2133012842877458,9.756081196383121,-0.007467672727743549,-0.002471695253361626,-0.0719948316447661,-38.72640428961739,-14.954226561313805,-101.875
1773079180.0776212,72.999828396579,0.20133659546210964,-7.466827670944649,0.5548651644058883,1.3209987650470365,9.77077252679815,-0.0027872294947064316,-0.0060214689401661995,-0.06654067773228381,-38.72640428961739,-14.954226561313805,-101.875
1773079180.0967026,72.999828396579,0.20133659546210964,-7.466827670944649,0.5548651644058883,1.3209987650470365,9.77077252679815,-0.0027872294947064316,-0.0060214689401661995,-0.06654067773228381,-38.72640428961739,-14.954226561313805,-101.875
1773079180.1160386,72.91618562185207,0.19085547537619188,-7.472076214086153,0.49657821175313877,1.1528636149916873,9.780549443076437,-0.002287632576294425,0.004023077121387245,-0.06435901616729091,-38.78968037698837,-13.770061819072666,-102.0
1773079180.1331518,72.87055235504243,0.20753653270794778,-7.4819563891260845,0.5401165658175995,1.264651297118639,9.750259642863812,-0.0010517849496136115,0.00028924075751547,-0.04690572364734761,-38.78968037698837,-13.770061819072666,-102.0
1773079180.1464996,72.77672066870305,0.20140739690194476,-7.482350155612086,0.5269997322766804,1.1355236003867264,9.730102119181549,-0.005942584343547266,-0.005153746667619789,-0.0916297857297023,-38.78968037698837,-13.770061819072666,-102.0
1773079180.1588385,72.77672066870305,0.20140739690194476,-7.482350155612086,0.5269997322766804,1.1355236003867264,9.730102119181549,-0.005942584343547266,-0.005153746667619789,-0.0916297857297023,-38.78968037698837,-13.770061819072666,-102.0
1773079180.1726017,72.68854745047516,0.18572853388547184,-7.4822403638012,0.5404450700844406,1.1302249313868915,9.746793517711172,-0.008887583031491564,0.004706736716866453,-0.07308566242726255,-39.695129461164086,-14.234085747297666,-101.5
1773079180.185322,72.61946777771946,0.1812096684940077,-7.482273314073371,0.5203644187404686,1.1346815261991723,9.771281903806775,-0.004023077121387245,-0.002287632576294425,-0.06872233929727672,-39.695129461164086,-14.234085747297666,-101.5
1773079180.1975565,72.61946777771946,0.1812096684940077,-7.482273314073371,0.5203644187404686,1.1346815261991723,9.771281903806775,-0.004023077121387245,-0.002287632576294425,-0.06872233929727672,-39.695129461164086,-14.234085747297666,-101.5
1773079180.2120686,72.52078831120356,0.17493635298754165,-7.472442764116319,0.5070009695866283,1.1376473402633192,9.787578651200203,-0.0041282552018355135,-0.006784013132264341,-0.08835729338221293,-39.695129461164086,-14.234085747297666,-101.5
1773079180.22497,72.45622787349436,0.17558752540025743,-7.477811845786382,0.5016556544949937,1.1525225557085936,9.798423954543932,0.0,0.0,-0.05235987755982989,-39.695129461164086,-14.234085747297666,-101.5
1773079180.2375429,72.38682611561728,0.17590858235343607,-7.482860448324039,0.5013237818415676,1.1615348676601953,9.792260935939929,-0.002392810656742693,-0.0004733034345826715,-0.05126904677733343,-40.056706492573525,-14.134652099284846,-102.6875
1773079180.2523506,72.38682611561728,0.17590858235343607,-7.482860448324039,0.5013237818415676,1.1615348676601953,9.792260935939929,-0.002392810656742693,-0.0004733034345826715,-0.05126904677733343,-40.056706492573525,-14.134652099284846,-102.6875
1773079180.2654216,72.29265994955506,0.17501291420124637,-7.468500906464644,0.49787754946899826,1.1684194383500497,9.788159515904393,-0.0038390144443200434,-0.005732228182650729,-0.08290313946973066,-40.056706492573525,-14.134652099284846,-102.6875
1773079180.2783217,72.25790208590263,0.17779304495428655,-7.463353378532902,0.48356959876627714,1.1797743291081664,9.785430066686608,0.0,0.0,-0.06435901616729091,-40.056706492573525,-14.134652099284846,-102.6875
1773079180.2906003,72.25790208590263,0.17779304495428655,-7.463353378532902,0.48356959876627714,1.1797743291081664,9.785430066686608,0.0,0.0,-0.06435901616729091,-40.056706492573525,-14.134652099284846,-102.6875
1773079180.3059316,72.19365653584545,0.17360825898702673,-7.4636861384842215,0.4713868841233448,1.177654757578328,9.760197866770882,-0.00086772227254641,-0.003155354848840835,-0.06435901616729091,-40.056706492573525,-14.134652099284846,-102.6875
1773079180.319242,72.10484577631668,0.16803057772381216,-7.453825548777972,0.4600540487893382,1.1771311841625705,9.73337078446715,0.0010517849496136115,-0.00028924075751547,-0.07526732399225546,-39.48872916188085,-15.133508571366407,-102.6875
1773079180.3323398,72.04531781763808,0.16899432249178392,-7.4588708713274565,0.45251217347062245,1.176782751903082,9.72555299599412,0.0028661140913253647,-0.0019195072221600215,-0.05126904677733343,-39.48872916188085,-15.133508571366407,-102.6875
1773079180.3467326,72.04531781763808,0.16899432249178392,-7.4588708713274565,0.45251217347062245,1.176782751903082,9.72555299599412,0.0028661140913253647,-0.0019195072221600215,-0.05126904677733343,-39.48872916188085,-15.133508571366407,-102.6875
1773079180.3643742,71.97119754500102,0.1641675928993329,-7.459190100000628,0.46958695282379054,1.2190451884517282,9.740421015339654,-0.0030764702522219018,-0.00707325388977981,-0.07090400086226964,-39.48872916188085,-15.133508571366407,-102.6875
1773079180.3798032,71.87284557582632,0.15267962532713925,-7.463991730544493,0.48095002774554085,1.2471703678725024,9.750315516127449,-0.00028924075751547,-0.0010517849496136115,-0.061086523819801536,-39.48872916188085,-15.133508571366407,-104.25
1773079180.3925416,71.87284557582632,0.15267962532713925,-7.463991730544493,0.48095002774554085,1.2471703678725024,9.750315516127449,-0.00028924075751547,-0.0010517849496136115,-0.061086523819801536,-39.48872916188085,-15.133508571366407,-104.25
1773079180.4071429,71.81332224372046,0.15362810242689362,-7.469030809936853,0.49205993821283944,1.2787888599140862,9.770280642702188,0.0006573661116498731,-0.005837406263098997,-0.061086523819801536,-39.48872916188085,-15.133508571366407,-104.25
1773079180.420918,71.77834184950467,0.15642794215413314,-7.464532665026168,0.48695514000530843,1.216535309161141,9.783567211412599,0.003917899040938976,-0.0022087479796754914,-0.06544984694978735,-39.48872916188085,-15.133508571366407,-104.25
1773079180.4332578,71.77834184950467,0.15642794215413314,-7.464532665026168,0.48695514000530843,1.216535309161141,9.783567211412599,0.003917899040938976,-0.0022087479796754914,-0.06544984694978735,-39.48872916188085,-15.133508571366407,-104.25
1773079180.4463067,71.67870425413665,0.1649155597957773,-7.45995025245718,0.5057323978271394,1.2557406372771507,9.755613045688168,-0.0030764702522219018,-0.00707325388977981,-0.05890486225480862,-40.454441084624804,-15.580960224922602,-102.6875
1773079180.4591322,71.65358812302159,0.16811043482449253,-7.465327827545442,0.49532829313726856,1.2742517124313522,9.737009860667051,-0.002971292171773633,-0.0025768733338098946,-0.04690572364734761,-40.454441084624804,-15.580960224922602,-102.6875
1773079180.4714491,71.57939410974157,0.168346016072508,-7.460184432134738,0.4884044776876241,1.286570626164215,9.741355207383286,-0.0012621411105101486,-0.008703520354424362,-0.07090400086226964,-40.454441084624804,-15.580960224922602,-102.6875
1773079180.4859853,71.57939410974157,0.168346016072508,-7.460184432134738,0.4884044776876241,1.286570626164215,9.741355207383286,-0.0012621411105101486,-0.008703520354424362,-0.07090400086226964,-40.454441084624804,-15.580960224922602,-102.6875
1773079180.4992404,71.52057183492524,0.15461412545194572,-7.46054231503426,0.48016821393412973,1.2437271699269783,9.744246987082239,-0.004023077121387245,-0.002287632576294425,-0.044724062082354694,-40.454441084624804,-15.580960224922602,-102.6875
1773079180.5126295,71.47630676101194,0.15171997482429506,-7.460200877371737,0.49081394655614724,1.2107804395929405,9.746171434168595,-0.00173544454509282,-0.00631070969768167,-0.050178215994836975,-39.96028585586494,-15.198291164389504,-101.875
1773079180.5259073,71.47630676101194,0.15171997482429506,-7.460200877371737,0.49081394655614724,1.2107804395929405,9.746171434168595,-0.00173544454509282,-0.00631070969768167,-0.050178215994836975,-39.96028585586494,-15.198291164389504,-101.875
1773079180.5411694,71.39705299237866,0.15164370215805362,-7.455366805738272,0.49789856269547444,1.188854758594731,9.724036350255847,0.005258924748068057,-0.00144620378757735,-0.0719948316447661,-39.96028585586494,-15.198291164389504,-101.875
1773079180.5535736,71.34232979831405,0.15289489211869908,-7.460733752092865,0.49503366284105677,1.1971636228309133,9.695925252347724,-0.0007625441920981415,0.0013410257071290814,-0.04254240051736178,-39.96028585586494,-15.198291164389504,-101.875
1773079180.5684774,71.28217537694997,0.16339878405543756,-7.475931750314288,0.4931271039909701,1.2026930791639976,9.66718229558945,-0.00144620378757735,-0.005258924748068057,-0.04254240051736178,-41.28305505556347,-16.001293589248167,-102.6875
1773079180.581477,71.28217537694997,0.16339878405543756,-7.475931750314288,0.4931271039909701,1.2026930791639976,9.66718229558945,-0.00144620378757735,-0.005258924748068057,-0.04254240051736178,-41.28305505556347,-16.001293589248167,-102.6875
1773079180.594311,71.19720126630989,0.17286041586152803,-7.471721112560195,0.49508368520286994,1.2054858928254062,9.658089514068642,-0.00688919121271261,-0.0003681253541344029,-0.07635815477475191,-41.28305505556347,-16.001293589248167,-102.6875
1773079180.611094,71.15741428021364,0.1753644051869873,-7.466919647731892,0.48840296830128527,1.1783161056585287,9.662073704661527,-0.006231825101062736,-0.006205531617233401,-0.07090400086226964,-41.28305505556347,-16.001293589248167,-102.6875
1773079180.6271663,71.15741428021364,0.1753644051869873,-7.466919647731892,0.48840296830128527,1.1783161056585287,9.662073704661527,-0.006231825101062736,-0.006205531617233401,-0.07090400086226964,-41.28305505556347,-16.001293589248167,-102.6875
1773079180.6421103,71.0536744785973,0.16859756210934612,-7.467189628468413,0.48073165100280363,1.1611218935655656,9.734972484848473,-0.00057848151503094,-0.002103569899227223,-0.07526732399225546,-41.38248870357629,-16.362870620657606,-103.5
1773079180.6578057,71.0536744785973,0.16859756210934612,-7.467189628468413,0.48073165100280363,1.1611218935655656,9.734972484848473,-0.00057848151503094,-0.002103569899227223,-0.07526732399225546,-41.38248870357629,-16.362870620657606,-103.5
1773079180.6723018,70.93909718011926,0.17614275843485974,-7.4629853047876304,0.4907050969580284,1.204510709582202,9.716583574583767,0.0016302664646445516,0.001814329141711753,-0.04799655442984406,-41.38248870357629,-16.362870620657606,-103.5
1773079180.685257,70.87958736078473,0.17705022789478586,-7.468044293731983,0.5134691879754126,1.2289505931555191,9.791318864610496,-0.007756913485259019,-0.003523480202975237,-0.05672320068981571,-41.38248870357629,-16.362870620657606,-103.5
1773079180.698742,70.87958736078473,0.17705022789478586,-7.468044293731983,0.5134691879754126,1.2289505931555191,9.791318864610496,-0.007756913485259019,-0.003523480202975237,-0.05672320068981571,-41.38248870357629,-16.362870620657606,-103.5
1773079180.7143002,70.79047383893614,0.1766804074875512,-7.453356400597801,0.5365206052224785,1.2361033797236707,9.854434812104671,0.008887583031491564,-0.004706736716866453,-0.08508480103472356,-41.10076003420664,-15.338402364997528,-103.5
1773079180.7279572,70.7058343384086,0.18006039831563492,-7.483551767784326,0.5243647553334808,1.1408768595846992,9.939924222305866,0.03510332217521292,-0.0039967794924269835,-0.07417649320975901,-41.10076003420664,-15.338402364997528,-103.5
1773079180.7416782,70.6313701231865,0.17962937011945046,-7.498790696893809,0.5162751730220936,1.077504674182144,9.953330017620324,-0.004496380555969916,0.00010517808044826856,-0.061086523819801536,-41.10076003420664,-15.338402364997528,-103.5
1773079180.7547143,70.6313701231865,0.17962937011945046,-7.498790696893809,0.5162751730220936,1.077504674182144,9.953330017620324,-0.004496380555969916,0.00010517808044826856,-0.061086523819801536,-41.10076003420664,-15.338402364997528,-103.5
1773079180.768242,70.57218737449848,0.1757477490164874,-7.498746285550837,0.5230674296663442,1.1048380196392755,9.95556120123491,-0.005548165505583527,0.00039441883796373844,-0.05345070834232634,-40.80245885266967,-16.84647983485564,-105.0625
1773079180.7806954,70.5215630669741,0.19294837467182321,-7.479687823255542,0.5346834226700902,1.1488310543393192,9.933630247055229,-0.01609230848554898,-0.0091505303051777,-0.04908738521234052,-40.80245885266967,-16.84647983485564,-105.0625
1773079180.7930326,70.5215630669741,0.19294837467182321,-7.479687823255542,0.5346834226700902,1.1488310543393192,9.933630247055229,-0.01609230848554898,-0.0091505303051777,-0.04908738521234052,-40.80245885266967,-16.84647983485564,-105.0625
1773079180.8065677,70.45630643298155,0.2033654693355069,-7.485437666390144,0.5424137362549392,1.1781079274978004,9.888929436667587,-0.010517849496136114,0.0028924075751547,-0.04581489286485115,-40.80245885266967,-16.84647983485564,-105.0625
1773079180.8221648,70.37642898023722,0.21317656529834078,-7.481005122285906,0.5475581735923952,1.1975913595406673,9.849146211573423,-0.008256510403671027,-0.013568026264528682,-0.07853981633974483,-40.234481521976996,-17.845336306937202,-103.875
1773079180.8356354,70.35126159139543,0.21667610526215186,-7.476566521754005,0.5171959406998845,1.1886248145417022,9.832706254802957,-0.007651735404810751,0.0009729003529946785,-0.05345070834232634,-40.234481521976996,-17.845336306937202,-103.875
1773079180.8509095,70.35126159139543,0.21667610526215186,-7.476566521754005,0.5171959406998845,1.1886248145417022,9.832706254802957,-0.007651735404810751,0.0009729003529946785,-0.05345070834232634,-40.234481521976996,-17.845336306937202,-103.875
1773079180.8652055,70.28221973596874,0.2121602072472417,-7.476526078208393,0.4969902138782834,1.1826576790077614,9.795004753560008,-0.004601558636418185,-0.0043912024755216475,-0.06654067773228381,-40.234481521976996,-17.845336306937202,-103.875
1773079180.877723,70.18865233361537,0.20128849349813666,-7.47166213398041,0.48999427804921514,1.1769126614468264,9.800020831002064,0.0016565599484738873,0.01425168586000789,-0.09053895494720585,-42.36477290098905,-16.87058511278204,-104.6875
1773079180.8900924,70.18865233361537,0.20128849349813666,-7.47166213398041,0.48999427804921514,1.1769126614468264,9.800020831002064,0.0016565599484738873,0.01425168586000789,-0.09053895494720585,-42.36477290098905,-16.87058511278204,-104.6875
1773079180.906219,70.086846079767,0.16453656191537325,-7.480585521390611,0.49477278005495967,1.1947800624787137,9.810049197921133,0.007336197018335019,0.030791004296310206,-0.08835729338221293,-42.36477290098905,-16.87058511278204,-104.6875
1773079180.9205778,69.98376666731777,0.1470921985923591,-7.5001060975740845,0.47489139799562274,1.122810872720146,9.826758299203535,0.018379941061843402,0.005127453183790454,-0.10471975511965978,-42.36477290098905,-16.87058511278204,-104.6875
1773079180.9350188,69.87016942250216,0.13923575396255916,-7.510128033988049,0.43819595876171635,1.0778996503766618,9.837878019454081,0.016250077678786844,-0.006731422019474743,-0.09381144729469522,-41.017898423364116,-17.62989673624276,-104.6875
1773079180.9490263,69.7753456140847,0.14682063375550647,-7.535585287880139,0.4137755538664667,1.0480117335982988,9.828552510528809,0.014015036215282018,-0.023086677778709857,-0.08072147790473774,-41.017898423364116,-17.62989673624276,-104.6875
1773079180.9718225,69.7753456140847,0.14682063375550647,-7.535585287880139,0.4137755538664667,1.0480117335982988,9.828552510528809,0.014015036215282018,-0.023086677778709857,-0.08072147790473774,-41.017898423364116,-17.62989673624276,-104.6875
1773079180.9867651,69.603781234262,0.18760521498871963,-7.592578535898514,0.4459046696370952,1.0148169924494386,9.819001376804481,0.029555160814760315,-0.048855406971677874,-0.09926560120717749,-41.017898423364116,-17.62989673624276,-104.6875
1773079181.0034313,69.5293202516171,0.18651716189342293,-7.617677404206667,0.4938955700822414,1.0894875078936677,9.742397858150389,0.02111458358889116,-0.013725791312635622,-0.07635815477475191,-41.41864626421813,-17.908612394308182,-105.0625
1773079181.0166361,69.5293202516171,0.18651716189342293,-7.617677404206667,0.4938955700822414,1.0894875078936677,9.742397858150389,0.02111458358889116,-0.013725791312635622,-0.07635815477475191,-41.41864626421813,-17.908612394308182,-105.0625
1773079181.031556,69.44969326558058,0.18550649246069187,-7.633238196925001,0.49357922994525505,1.1480496793993347,9.748285971227892,0.016328962275405777,-0.014672398181800963,-0.06763150851478027,-41.41864626421813,-17.908612394308182,-105.0625
1773079181.0444643,69.38035703749257,0.18560065574893317,-7.638294783473851,0.4740164601439934,1.1923440169151427,9.702027769096647,-0.0021298633830565583,-0.011858875203265196,-0.06544984694978735,-41.41864626421813,-17.908612394308182,-105.0625
1773079181.057152,69.3606251893137,0.18473712862216385,-7.628407496899091,0.46188463313189565,1.2250467785607169,9.67124345231628,-0.012831775556259873,-0.005521872021754192,-0.037088246604879506,-41.683802658918985,-18.87281781140002,-105.5
1773079181.0730927,69.3347432449977,0.19855802289014218,-7.614596369968836,0.49251553572442813,1.2361663679998496,9.650756833382294,-0.02466435727569574,0.009045348079598503,-0.025089107997418487,-41.683802658918985,-18.87281781140002,-105.5
1773079181.0917253,69.3347432449977,0.19855802289014218,-7.614596369968836,0.49251553572442813,1.2361663679998496,9.650756833382294,-0.02466435727569574,0.009045348079598503,-0.025089107997418487,-41.683802658918985,-18.87281781140002,-105.5
1773079181.1082194,69.27623177826901,0.18521960547223915,-7.604194739537488,0.5516045571778528,1.2329225974354263,9.650503664161533,0.0023665130277824298,0.03328899303350116,-0.07090400086226964,-41.683802658918985,-18.87281781140002,-105.5
1773079181.1223624,69.16942001906543,0.1535953430488095,-7.597921166520397,0.5793969300050903,1.1888340315834234,9.677096076531758,0.01661819888779032,0.03163243308502728,-0.10035643198967395,-41.97909059165321,-18.53233280911424,-107.0625
1773079181.135444,69.07104024809905,0.1366876330446281,-7.607770141047223,0.5753148198576472,1.165702427831757,9.694793029907432,0.024112169244494133,0.0012884387394704107,-0.09272061651219876,-41.97909059165321,-18.53233280911424,-107.0625
1773079181.147821,69.07104024809905,0.1366876330446281,-7.607770141047223,0.5753148198576472,1.165702427831757,9.694793029907432,0.024112169244494133,0.0012884387394704107,-0.09272061651219876,-41.97909059165321,-18.53233280911424,-107.0625
1773079181.1630554,68.96801511492808,0.11846921024391091,-7.636965929970835,0.5134125911362951,1.1874004081095042,9.71326037810566,0.02800377480160377,-0.013357665958501217,-0.09053895494720585,-41.97909059165321,-18.53233280911424,-107.0625
1773079181.1760712,68.89388834060053,0.11253196628276045,-7.656838294524099,0.46576659975748935,1.2036141271223926,9.735585527159742,0.02082534283137569,-0.014777576262249232,-0.07853981633974483,-41.97909059165321,-18.53233280911424,-107.0625
1773079181.1888282,68.83851812168453,0.12192905849259277,-7.69228391885115,0.4455894356178892,1.256334048783032,9.74040732934502,0.015671596163755904,-0.008834991918701966,-0.038179077387375956,-41.61751356024377,-18.63176645712706,-107.0625
1773079181.2037268,68.83851812168453,0.12192905849259277,-7.69228391885115,0.4455894356178892,1.256334048783032,9.74040732934502,0.015671596163755904,-0.008834991918701966,-0.038179077387375956,-41.61751356024377,-18.63176645712706,-107.0625
1773079181.2166216,68.7939381077318,0.1184306465702013,-7.702367099525691,0.49279880760367006,1.2469890361324043,9.726890626299667,0.017485925305467657,-0.010465258383346518,-0.08508480103472356,-41.61751356024377,-18.63176645712706,-107.0625
1773079181.229489,68.70074252459638,0.10174442147032803,-7.711814944515243,0.5242161172969678,1.2407700346040431,9.717895411414451,0.01083338373748092,0.010596734092755048,-0.07963064712224129,-41.61751356024377,-18.63176645712706,-107.0625
1773079181.2422614,68.70074252459638,0.10174442147032803,-7.711814944515243,0.5242161172969678,1.2407700346040431,9.717895411414451,0.01083338373748092,0.010596734092755048,-0.07963064712224129,-41.61751356024377,-18.63176645712706,-107.0625
1773079181.2561257,68.64331416516461,0.07234555122894283,-7.7251533991356585,0.49351798867991786,1.2508230027206684,9.748705425171988,0.01267400636302201,0.02140382434640663,-0.0545415391248228,-41.61751356024377,-18.63176645712706,-107.0625
1773079181.2702098,68.56058869026826,0.04748553636108789,-7.71434020859835,0.4642189494039926,1.2252593924135238,9.7825895919865,-0.0010254914657842763,0.012726597475811606,-0.07635815477475191,-41.683802658918985,-18.87281781140002,-106.5625
1773079181.2833085,68.50846827154461,0.00905942466465116,-7.717583760408075,0.4821351064468777,1.281221202412827,9.821864685027212,0.00954494499801051,0.03470890333724918,-0.044724062082354694,-41.683802658918985,-18.87281781140002,-106.5625
1773079181.2995808,68.50846827154461,0.00905942466465116,-7.717583760408075,0.4821351064468777,1.281221202412827,9.821864685027212,0.00954494499801051,0.03470890333724918,-0.044724062082354694,-41.683802658918985,-18.87281781140002,-106.5625
1773079181.3130043,68.46455250844863,-0.07362837227284395,-7.723021335234979,0.4895425891463033,1.264196231288837,9.848001820714268,0.035655501916152674,0.07617552632293337,-0.05999569303730508,-41.683802658918985,-18.87281781140002,-106.5625
1773079181.3276513,68.36656679853876,-0.17259015989530577,-7.77785220505717,0.49447218613576743,1.2528663031872105,9.785113111567401,0.08240734313373425,0.06105612233550999,-0.10144726277217041,-41.89924222961343,-19.65623471278714,-108.1875
1773079181.3402174,68.36656679853876,-0.17259015989530577,-7.77785220505717,0.49447218613576743,1.2528663031872105,9.785113111567401,0.08240734313373425,0.06105612233550999,-0.10144726277217041,-41.89924222961343,-19.65623471278714,-108.1875
1773079181.3552916,68.30764348966011,-0.2543924991972121,-7.837827890142439,0.4719497792332519,1.2524221846806431,9.743261378143075,0.05924178075840546,0.054982062282554194,-0.05672320068981571,-41.89924222961343,-19.65623471278714,-108.1875
1773079181.3683305,68.24884613792729,-0.33871849890895905,-7.853106582104473,0.47736185751563964,1.326310249842069,9.742170410722235,0.030659524441770745,0.0662361583418282,-0.06981317007977318,-41.89924222961343,-19.65623471278714,-108.1875
1773079181.3809278,68.1899219136911,-0.4219577211323163,-7.8485933800965455,0.4809635351556929,1.3754819318232283,9.74144438409057,0.010859673076179329,0.06828713712826581,-0.050178215994836975,-41.13691735734997,-19.476952702734536,-108.1875
1773079181.3958876,68.1899219136911,-0.4219577211323163,-7.8485933800965455,0.4809635351556929,1.3754819318232283,9.74144438409057,0.010859673076179329,0.06828713712826581,-0.050178215994836975,-41.13691735734997,-19.476952702734536,-108.1875
1773079181.4092262,68.16596501963188,-0.5068948467332466,-7.828887609236403,0.4615085035989254,1.3413592432497277,9.771067226843321,0.00407565994391499,0.07241539233010133,-0.030543261909900768,-41.13691735734997,-19.476952702734536,-108.1875
1773079181.4222162,68.13879937684952,-0.5436702815709843,-7.831625461295833,0.448561397424839,1.3186509751794702,9.790780897786442,0.01191145802579294,0.06799789637075035,-0.050178215994836975,-41.13691735734997,-19.476952702734536,-108.1875
1773079181.434742,68.13879937684952,-0.5436702815709843,-7.831625461295833,0.448561397424839,1.3186509751794702,9.790780897786442,0.01191145802579294,0.06799789637075035,-0.050178215994836975,-41.13691735734997,-19.476952702734536,-108.1875
1773079181.4483402,68.06206407791893,-1.6176957936611345,-8.277575028795475,0.559606647778463,1.2845091763959489,10.242109759241794,0.3567917144026928,0.28540187157020863,-0.12435470920459599,-41.352356928044415,-20.260369604121653,-106.875
1773079181.461595,68.12559148786936,-2.715733615028404,-8.02339235159995,0.6335060214320751,1.2617881906943975,10.542464074866604,0.07520243529391603,2.0383328932709097,-0.17235126363444003,-41.352356928044415,-20.260369604121653,-106.875
1773079181.4739242,68.12559148786936,-2.715733615028404,-8.02339235159995,0.6335060214320751,1.2617881906943975,10.542464074866604,0.07520243529391603,2.0383328932709097,-0.17235126363444003,-41.352356928044415,-20.260369604121653,-106.875
1773079181.4885159,68.09210469522453,-2.786826964915448,-8.09338109285033,0.4380405654710464,1.1266030311266728,10.437941351371304,0.07891016055971926,0.03599734622185052,-0.039269908169872414,-41.352356928044415,-20.260369604121653,-106.875
1773079181.503017,68.00077608690192,-2.8241025430276365,-8.109120374627105,0.13056487242758633,1.0854225943616747,10.291445077212162,0.07204727112109785,-0.04243951504841701,-0.08726646259971647,-41.352356928044415,-20.260369604121653,-106.875
1773079181.5157614,67.9404586515306,-2.814553630321718,-8.123729513270355,0.12325552684024027,1.1321204766128463,10.270891012498208,0.03615510712482653,-0.004286020249942454,-0.05999569303730508,-33.8496336450478,-21.027213518344446,-109.75
1773079181.5290556,67.9404586515306,-2.814553630321718,-8.123729513270355,0.12325552684024027,1.1321204766128463,10.270891012498208,0.03615510712482653,-0.004286020249942454,-0.05999569303730508,-33.8496336450478,-21.027213518344446,-109.75
1773079181.5419009,67.85107517313149,-2.7954168510469084,-8.19257590615721,0.12992194988499917,1.205127268378147,10.186965166181311,0.06833973238618633,-0.07649105227401631,-0.09599310885968812,-33.8496336450478,-21.027213518344446,-109.75
1773079181.5547392,67.75034675088784,-2.7446321982494477,-8.29768158544295,0.1228276690700639,1.2117825999819833,10.131113452970547,0.0832487843578441,-0.0839850184855892,-0.08617563181722002,-33.8496336450478,-21.027213518344446,-109.75
1773079181.572201,67.75034675088784,-2.7446321982494477,-8.29768158544295,0.1228276690700639,1.2117825999819833,10.131113452970547,0.0832487843578441,-0.0839850184855892,-0.08617563181722002,-33.8496336450478,-21.027213518344446,-109.75
1773079181.5869374,67.67746217262098,-2.6675855997496902,-8.410074670590202,0.05545359425201366,1.2785420100803238,9.953450070025887,0.07785838804549844,-0.0994725519722779,-0.0545415391248228,-33.51818791417323,-22.41476531106608,-109.0
1773079181.602693,67.58829591471593,-2.592137222256661,-8.447597602918487,0.029243433042203452,1.3907025231577628,9.835217073306243,-0.012516237169784143,-0.037285776671059076,-0.037088246604879506,-33.51818791417323,-22.41476531106608,-109.0
1773079181.615723,67.58829591471593,-2.592137222256661,-8.447597602918487,0.029243433042203452,1.3907025231577628,9.835217073306243,-0.012516237169784143,-0.037285776671059076,-0.037088246604879506,-33.51818791417323,-22.41476531106608,-109.0
1773079181.6310525,67.57325267255209,-2.616706275773487,-8.346524490646168,0.07308298529427852,1.4484915142522687,9.776605004982347,-0.16037091340481188,0.07917309539801264,-0.0272707695624114,-33.51818791417323,-22.41476531106608,-109.0
1773079181.6440573,67.54825929173643,-2.665286263067341,-8.144140807897807,0.10548309242712266,1.4860624645201495,9.737599328252498,-0.1743859496200939,0.10225977317672248,-0.030543261909900768,-34.96449603981099,-22.0170307190148,-109.5
1773079181.6573815,67.45296256530663,-2.6689415481533167,-8.09260958605343,0.11583682712048443,1.4829241165278224,9.711641486110743,-0.039284168489838026,0.017591099240785,-0.08944812416470939,-34.96449603981099,-22.0170307190148,-109.5
1773079181.6710725,67.45296256530663,-2.6689415481533167,-8.09260958605343,0.11583682712048443,1.4829241165278224,9.711641486110743,-0.039284168489838026,0.017591099240785,-0.08944812416470939,-34.96449603981099,-22.0170307190148,-109.5
1773079181.6852918,67.37467459462154,-2.673087529572484,-8.145613556107612,0.10716468930366983,1.4747073675503866,9.798065295060402,0.0423343452582306,-0.022955202069301326,-0.06981317007977318,-34.96449603981099,-22.0170307190148,-109.5
1773079181.6978207,67.37467459462154,-2.673087529572484,-8.145613556107612,0.10716468930366983,1.4747073675503866,9.798065295060402,0.0423343452582306,-0.022955202069301326,-0.06981317007977318,-34.96449603981099,-22.0170307190148,-109.5
1773079181.7102683,67.31118430259815,-2.7087725257604447,-8.087818029565703,0.013743929241313593,1.3649789661440752,9.855579374499198,-0.07630700203234189,0.06397481095910125,-0.050178215994836975,-35.36223063186227,-23.463338844652558,-109.0625
1773079181.7234883,67.28234697311647,-2.7483804815426804,-7.980047637923694,-0.048426543001916345,1.2919559407547334,9.863748346525478,-0.0637118761208079,0.048066565150619474,-0.02181661564992912,-35.36223063186227,-23.463338844652558,-109.0625
1773079181.7369316,67.25432966335211,-2.787304652858586,-7.9373070592816,-0.08980029779010597,1.2433599330787684,9.798937360301863,0.006573652826236876,0.03213203000343928,-0.039269908169872414,-35.36223063186227,-23.463338844652558,-109.0625
1773079181.7517369,67.25432966335211,-2.787304652858586,-7.9373070592816,-0.08980029779010597,1.2433599330787684,9.798937360301863,0.006573652826236876,0.03213203000343928,-0.039269908169872414,-35.36223063186227,-23.463338844652558,-109.0625
1773079181.7660954,67.17743208083269,-2.823710123231487,-7.953540450156612,0.03369409327552168,1.318666728862845,9.7558063729562,0.037916845153748685,0.014462046166035353,-0.07744898555724837,-35.36223063186227,-23.463338844652558,-109.0625
1773079181.780409,67.10550175309402,-2.846466902978643,-7.995122459162714,0.1158782310069584,1.3687825602251191,9.723758070975041,0.0340515372255993,-0.003707538734911513,-0.06872233929727672,-34.66920810707676,-22.35751572130058,-110.6875
1773079181.7927372,67.02660257873886,-2.8534026948487994,-8.013181995150864,0.08751745794199563,1.3902808263606896,9.776022741570596,0.013015838233327076,0.0020772764153978874,-0.0719948316447661,-34.66920810707676,-22.35751572130058,-110.6875
1773079181.8083532,67.02660257873886,-2.8534026948487994,-8.013181995150864,0.08751745794199563,1.3902808263606896,9.776022741570596,0.013015838233327076,0.0020772764153978874,-0.0719948316447661,-34.66920810707676,-22.35751572130058,-110.6875
1773079181.8297162,66.95216091526986,-2.866510433337763,-7.981120963529348,0.022440193161817203,1.337499883337601,9.810804296017313,0.00659995045519714,-0.0006836595954792086,-0.07417649320975901,-34.66920810707676,-22.35751572130058,-110.6875
1773079181.8622882,66.85376834974328,-2.890289022637684,-7.937465110902078,-0.04094595186119011,1.2419796113671673,9.833951031966183,-0.03086988889292913,0.01527717318066124,-0.05126904677733343,-34.462807807793524,-23.256938545369323,-110.6875
1773079181.9059138,66.73606882035507,-2.9221856694662156,-7.918145454523637,-0.09256294245463242,1.1567212913595581,9.792488027149744,-0.006836604245053939,0.02450658808245787,-0.04254240051736178,-34.462807807793524,-23.256938545369323,-110.6875
1773079181.9395442,66.78280322684964,-2.957104819543674,-7.896811931406194,-0.13981497241090166,1.1035307428330703,9.764894860616515,-0.02663645561064535,0.026557566868895495,0.04145156973486533,-36.20741687746974,-23.94393504754636,-110.6875
1773079181.9773078,66.79796715363725,-2.927272228868988,-7.769940536367895,-0.12376703854394744,1.1903747342553266,9.759912363353795,-0.10157613016176698,0.01322618610396176,0.004363323129985824,-36.20741687746974,-23.94393504754636,-110.6875
1773079182.0205061,66.72530733116831,-2.716622415817934,-7.812306666623415,-0.15824256542830228,1.2605861290784715,9.756596567083596,-0.03399894196767878,-0.06192384046292548,-0.014180800172453928,-34.27749953763395,-23.761639788691017,-111.0
1773079182.0451674,66.72530733116831,-2.716622415817934,-7.812306666623415,-0.15824256542830228,1.2605861290784715,9.756596567083596,-0.03399894196767878,-0.06192384046292548,-0.014180800172453928,-34.27749953763395,-23.761639788691017,-111.0
1773079182.0778477,66.71478473652958,-2.6451951735026875,-8.055823007739567,-0.02354544392007964,1.2119205842962093,9.75438994170565,0.08940172486228791,-0.06983851070602957,-0.00545415391248228,-34.27749953763395,-23.761639788691017,-111.0
1773079182.1262627,66.31283271254755,-0.21733504428861522,-7.9046050860116885,-0.13057323520280076,1.133008159122878,9.69605455814182,-0.2778289088434819,-0.8580724603527707,-0.06435901616729091,-35.54753890202184,-22.958637601330864,-110.5
1773079182.1490517,66.27391314385449,-0.30202416008009353,-7.938267074714565,-0.07488053329583007,1.0247744845381648,9.44314586276058,0.07415083273006322,0.047488096070981305,-0.018544123302439753,-35.54753890202184,-22.958637601330864,-110.5
1773079182.193856,66.30978107004962,-0.24766819443443078,-7.976939904055517,-0.03781766230498501,0.9527461831514037,9.274837951159608,0.01974726439793275,-0.0269256922230299,0.055632369907319255,-42.774559538257265,-24.017757624476186,-111.375
1773079182.2166028,66.30978107004962,-0.24766819443443078,-7.976939904055517,-0.03781766230498501,0.9527461831514037,9.274837951159608,0.01974726439793275,-0.0269256922230299,0.055632369907319255,-42.774559538257265,-24.017757624476186,-111.375
1773079182.263018,66.20767085818221,-0.2113854434166683,-7.994920056539252,0.09820332043908435,0.981737351120781,9.162830916111723,-0.015408648890069772,-0.0025505798499805593,-0.06435901616729091,-42.774559538257265,-24.017757624476186,-111.375
1773079182.2875974,65.95181779753848,-0.17532465364563393,-7.93884554018863,0.18872376500132626,1.0010306495518357,9.553262012805314,-0.059609906112539864,-0.048092871069841586,-0.12980886311707826,-42.412982506847825,-24.117191272489006,-111.0
1773079182.3043566,65.86774251173493,-0.1803994232739068,-7.928775161859319,0.1893753125726225,0.9990333948396161,9.672594854546364,-0.011017446414548122,-0.007152138486398743,-0.04581489286485115,-42.412982506847825,-24.117191272489006,-111.0
1773079182.3175423,65.86774251173493,-0.1803994232739068,-7.928775161859319,0.1893753125726225,0.9990333948396161,9.672594854546364,-0.011017446414548122,-0.007152138486398743,-0.04581489286485115,-42.412982506847825,-24.117191272489006,-111.0
1773079182.3334622,65.84806479741147,-0.18176071982480435,-7.928639545764321,0.17658487467539513,0.9874636781040855,9.752009527689847,-0.00028924075751547,-0.0010517849496136115,-0.03381575425739013,-42.412982506847825,-24.117191272489006,-111.0
1773079182.345866,65.77379774382861,-0.18464092290011316,-7.963280091636267,0.1716208921740812,0.992665660174693,9.74130198310774,-0.004995977474381923,-0.009939367981105176,-0.04799655442984406,-41.991142636870144,-24.23319719517063,-110.5625
1773079182.3603375,65.77379774382861,-0.18464092290011316,-7.963280091636267,0.1716208921740812,0.992665660174693,9.74130198310774,-0.004995977474381923,-0.009939367981105176,-0.04799655442984406,-41.991142636870144,-24.23319719517063,-110.5625
1773079182.3738728,65.71469171221193,-0.19864897970413706,-7.962783145593619,0.3203131886081074,1.145139848400441,9.734176231799458,0.011964053283713465,0.0023665171729133575,-0.055632369907319255,-41.991142636870144,-24.23319719517063,-110.5625
1773079182.3861957,65.60988426289263,-0.18994254862577825,-7.948784970686089,0.4307969617655646,1.2885395901930627,9.662531889757267,-0.01927395681821915,-0.020720164750927424,-0.10690141668465268,-41.991142636870144,-24.23319719517063,-110.5625
1773079182.3994973,65.60988426289263,-0.18994254862577825,-7.948784970686089,0.4307969617655646,1.2885395901930627,9.662531889757267,-0.01927395681821915,-0.020720164750927424,-0.10690141668465268,-41.991142636870144,-24.23319719517063,-110.5625
1773079182.4141104,65.50614002146683,-0.19635664213500392,-7.938546594166351,0.48497042964339077,1.3892923830370831,9.675065391179677,-0.01609230848554898,-0.0091505303051777,-0.10035643198967395,-41.78926209204177,-24.677635599924084,-110.5625
1773079182.427267,65.41509112351267,-0.17757372155115642,-7.935640823486104,0.4501446647078026,1.3752240597946543,9.683406296367906,-0.0016828534323032236,-0.02668904257830403,-0.08508480103472356,-41.78926209204177,-24.677635599924084,-110.5625
1773079182.4411697,65.41509112351267,-0.17757372155115642,-7.935640823486104,0.4501446647078026,1.3752240597946543,9.683406296367906,-0.0016828534323032236,-0.02668904257830403,-0.08508480103472356,-41.78926209204177,-24.677635599924084,-110.5625
1773079182.456511,65.32921780993995,-0.15681323498104788,-7.912788535630615,0.3933439831605499,1.2814375607285227,9.772584868279642,-0.03323640192071157,-0.01801181985283993,-0.06763150851478027,-41.78926209204177,-24.677635599924084,-110.5625
1773079182.4728289,65.26556829653758,-0.17109664979435762,-7.911874712890588,0.3474803333792763,1.1518552634038057,9.838622435111619,0.003812720960490707,-0.006705128535645408,-0.06326818538479445,-41.72598600467079,-25.861800342165225,-112.1875
1773079182.4868708,65.190726891979,-0.1663892948319669,-7.912493547932391,0.3556630847280723,1.0549759589411007,9.8926050332723,0.00173544454509282,0.00631070969768167,-0.061086523819801536,-41.72598600467079,-25.861800342165225,-112.1875
1773079182.5013223,65.190726891979,-0.1663892948319669,-7.912493547932391,0.3556630847280723,1.0549759589411007,9.8926050332723,0.00173544454509282,0.00631070969768167,-0.061086523819801536,-41.72598600467079,-25.861800342165225,-112.1875
1773079182.5184395,65.11229508827083,-0.18705079984272754,-7.916296844346652,0.3708653697054028,1.025982987152633,9.918494514201143,0.009571242626970773,0.001893213738330686,-0.0719948316447661,-41.72598600467079,-25.861800342165225,-112.1875
1773079182.5328481,65.03783019355238,-0.18767519909451624,-7.921416418549596,0.4141230338757525,1.1398158340482694,9.815299653091337,-0.0041282552018355135,-0.006784013132264341,-0.06763150851478027,-43.65590334450658,-26.044095601020565,-111.75
1773079182.5464401,64.9632938286049,-0.18747647863638245,-7.916702484454529,0.4059799837340222,1.2326648048412596,9.746624625784893,0.007809504598048616,-0.01685485267764712,-0.05672320068981571,-43.65590334450658,-26.044095601020565,-111.75
1773079182.5587652,64.9632938286049,-0.18747647863638245,-7.916702484454529,0.4059799837340222,1.2326648048412596,9.746624625784893,0.007809504598048616,-0.01685485267764712,-0.05672320068981571,-43.65590334450658,-26.044095601020565,-111.75
1773079182.573401,64.91757673695868,-0.17540349635273353,-7.913044004460801,0.3987869193081622,1.2880040080550816,9.757789061287205,-0.015145701616383634,-0.013936151618663085,-0.08072147790473774,-43.65590334450658,-26.044095601020565,-111.75
1773079182.587015,64.76745502678524,-0.15980932992562769,-7.899987397234119,0.46721602771567544,1.2630657099019846,9.785289538642994,-0.0013410257071290814,-0.0007625441920981415,-0.07744898555724837,-42.26985805743706,-26.42525791840304,-113.375
1773079182.5994248,64.76745502678524,-0.15980932992562769,-7.899987397234119,0.46721602771567544,1.2630657099019846,9.785289538642994,-0.0013410257071290814,-0.0007625441920981415,-0.07744898555724837,-42.26985805743706,-26.42525791840304,-113.375
1773079182.6121984,64.66761743515926,-0.15682759776714497,-7.900791969490968,0.5038850573558045,1.214215802770395,9.80693591083013,-0.014093916666770024,-0.014225392376178555,-0.09599310885968812,-42.26985805743706,-26.42525791840304,-113.375
1773079182.6247087,64.62257663466788,-0.15456877040213202,-7.8963174024813245,0.4441862360714097,1.2291197363515267,9.831376664836807,0.005127453183790455,-0.018379941061843402,-0.08508480103472356,-42.26985805743706,-26.42525791840304,-113.375
1773079182.638112,64.5281569103268,-0.15207693471651523,-7.906657408948139,0.3876047599426707,1.177756015911404,9.844296601899819,-0.014304272827666562,-0.023218153488118388,-0.07090400086226964,-42.26985805743706,-26.42525791840304,-113.375
1773079182.6522539,64.5281569103268,-0.15207693471651523,-7.906657408948139,0.3876047599426707,1.177756015911404,9.844296601899819,-0.014304272827666562,-0.023218153488118388,-0.07090400086226964,-42.26985805743706,-26.42525791840304,-113.375
1773079182.666978,152.60004099422676,39.384851992330745,139.4215157090038,0.3958313705397734,1.196873355637714,9.8528946756901,-0.0007099530793085444,-0.01903730717349328,-0.055632369907319255,-42.123720596722066,-27.30810846780298,-112.875
1773079182.679468,64.38556881590581,-0.10275068601505528,-7.85708313768674,0.410256509183177,1.1412177878389016,9.845236150921476,-0.016197486565997246,-0.013646910861147615,-0.06872233929727672,-42.123720596722066,-27.30810846780298,-112.875
1773079182.6920927,64.38556881590581,-0.10275068601505528,-7.85708313768674,0.410256509183177,1.1412177878389016,9.845236150921476,-0.016197486565997246,-0.013646910861147615,-0.06872233929727672,-42.123720596722066,-27.30810846780298,-112.875
1773079182.7062461,64.29451116428098,-0.08387384279978873,-7.854434158218594,0.44493356043282734,1.1701385450703201,9.840139488239284,0.016513024952472977,-0.01811699378815727,-0.08726646259971647,-42.123720596722066,-27.30810846780298,-112.875
1773079182.7196326,64.19429764869227,-0.07549335119077182,-7.850851449351943,0.4580120899727386,1.1782574421462726,9.816677045913822,0.0028398206074960295,-0.014356863940456158,-0.09599310885968812,-42.00771443654194,-29.479077161911732,-112.5
1773079182.7329981,64.1198431468499,-0.0761183904325961,-7.856039563846328,0.42801120733710585,1.194304210578509,9.871310398492588,0.00943977106269317,-0.015040523535935366,-0.06872233929727672,-42.00771443654194,-29.479077161911732,-112.5
1773079182.7544851,64.1198431468499,-0.0761183904325961,-7.856039563846328,0.42801120733710585,1.194304210578509,9.871310398492588,0.00943977106269317,-0.015040523535935366,-0.06872233929727672,-42.00771443654194,-29.479077161911732,-112.5
1773079182.7732716,64.03823664224764,-0.05119200540335621,-7.84906479719986,0.4080459550749101,1.2049831557160142,9.807314933119638,-0.025006185000869877,-0.016881150306607383,-0.06544984694978735,-42.00771443654194,-29.479077161911732,-112.5
1773079182.7907138,63.91726146822471,-0.028026805954531154,-7.832038538537805,0.4026614716874551,1.2029781914748874,9.788142447741365,0.002760936010877096,-0.0064158877781299375,-0.07308566242726255,-42.706763221434414,-30.842523914205472,-112.875
1773079182.8048372,63.872152885492156,-0.024786060291496572,-7.81780369743123,0.42867097315091784,1.1830980080805673,9.775383372892819,-0.017038915354714322,-0.004364908991692312,-0.0818123086872342,-42.706763221434414,-30.842523914205472,-112.875
1773079182.819205,63.872152885492156,-0.024786060291496572,-7.81780369743123,0.42867097315091784,1.1830980080805673,9.775383372892819,-0.017038915354714322,-0.004364908991692312,-0.0818123086872342,-42.706763221434414,-30.842523914205472,-112.875
1773079182.8372838,63.74881692103183,-0.03227209693275095,-7.807490361518903,0.4415451170287615,1.1537410939629738,9.766892351109316,0.006705128535645407,0.0038127209604907073,-0.07635815477475191,-42.706763221434414,-30.842523914205472,-112.875
1773079182.8508706,63.669960859653045,-0.047522860139415216,-7.806682429315817,0.38237984455738805,1.1528309285198062,9.767931894377963,0.00678401313226434,-0.004128255201835513,-0.0719948316447661,-44.05363769905935,-30.083212290744754,-114.5
1773079182.8650787,63.59544773996613,-0.0471955983878205,-7.802064271163546,0.3421190388869034,1.1489998487556177,9.738517693444914,-0.005258924748068057,0.00144620378757735,-0.06981317007977318,-44.05363769905935,-30.083212290744754,-114.5
1773079182.8779888,63.59544773996613,-0.0471955983878205,-7.802064271163546,0.3421190388869034,1.1489998487556177,9.738517693444914,-0.005258924748068057,0.00144620378757735,-0.06981317007977318,-44.05363769905935,-30.083212290744754,-114.5
1773079182.891624,63.524701909667286,-0.03674013001286195,-7.798769791830756,0.4098294011314183,1.1620933841514163,9.749048876667997,-0.0009729003529946786,-0.007651735404810751,-0.06544984694978735,-44.05363769905935,-30.083212290744754,-114.5
1773079182.9045148,63.42522521062976,-0.03907093060851642,-7.804143147498969,0.4548898908308369,1.1708069856929464,9.752712149754615,-0.0012621411105101486,-0.008703520354424362,-0.08726646259971647,-43.63179782908167,-30.199218213426377,-114.1875
1773079182.918955,63.36097570044338,-0.04442569139885673,-7.8138474566627885,0.5041487487545474,1.271915615742162,9.765185352194276,0.010701912173203315,-0.006337003181511005,-0.10690141668465268,-43.63179782908167,-30.199218213426377,-114.1875
1773079182.9346027,63.36097570044338,-0.04442569139885673,-7.8138474566627885,0.5041487487545474,1.271915615742162,9.765185352194276,0.010701912173203315,-0.006337003181511005,-0.10690141668465268,-43.63179782908167,-30.199218213426377,-114.1875
1773079182.9511523,63.252950841814936,-0.06610974386206983,-7.8073655885812725,0.5143523446424565,1.3454111239038031,9.76345079396111,-0.01377838242542522,-0.0007362507082688058,-0.08944812416470939,-43.63179782908167,-30.199218213426377,-114.1875
1773079182.9652107,63.168626268387136,-0.06643481566656038,-7.80266381274558,0.49864574350785207,1.299898715786305,9.688704007272198,-0.0016302664646445516,-0.001814329141711753,-0.08072147790473774,-42.70374997263168,-32.010116381777806,-115.375
1773079182.9784865,63.06760258622912,-0.04617035537861552,-7.7805361381773475,0.46908283226981407,1.2505810038289356,9.628925520585087,-0.02845078060722618,-0.017065212983674583,-0.08399397025222712,-42.70374997263168,-32.010116381777806,-115.375
1773079182.9922473,63.06760258622912,-0.04617035537861552,-7.7805361381773475,0.46908283226981407,1.2505810038289356,9.628925520585087,-0.02845078060722618,-0.017065212983674583,-0.08399397025222712,-42.70374997263168,-32.010116381777806,-115.375
1773079183.0053856,62.962649219916976,-0.047874381503493886,-7.7763719427622195,0.4623105443961552,1.2142127063955088,9.589143605464264,0.017196684547952187,-0.01151704333296013,-0.10253809355466686,-42.70374997263168,-32.010116381777806,-115.375
1773079183.0177305,62.86814562200052,-0.04341826512159241,-7.767207743784891,0.4440151853915646,1.190332546925828,9.606155637539619,-0.00659995045519714,0.0006836595954792086,-0.09381144729469522,-42.70374997263168,-32.010116381777806,-115.375
1773079183.030004,62.86814562200052,-0.04341826512159241,-7.767207743784891,0.4440151853915646,1.190332546925828,9.606155637539619,-0.00659995045519714,0.0006836595954792086,-0.09381144729469522,-42.70374997263168,-32.010116381777806,-115.375
1773079183.0454614,62.768970944979,-0.050150638958550556,-7.767144692096391,0.4024889186740256,1.168634890323192,9.741246088019734,0.0028661140913253647,-0.0019195072221600215,-0.08290313946973066,-44.211827442489785,-32.30841756331478,-114.875
1773079183.0596995,62.67322858234235,-0.042378114310990866,-7.7738882188742116,0.37485365205229726,1.1541953422328435,9.774280374730612,0.011254100204404921,-0.01667079000057992,-0.09272061651219876,-44.211827442489785,-32.30841756331478,-114.875
1773079183.0731406,62.67322858234235,-0.042378114310990866,-7.7738882188742116,0.37485365205229726,1.1541953422328435,9.774280374730612,0.011254100204404921,-0.01667079000057992,-0.09272061651219876,-44.211827442489785,-32.30841756331478,-114.875
1773079183.091103,62.54899784550302,-0.05081965553140754,-7.7739609351067145,0.3758149397955406,1.1392641177179308,9.796264323519539,-0.005758521666480065,-0.008598342273976094,-0.10144726277217041,-44.211827442489785,-32.30841756331478,-114.875
1773079183.1046426,62.47033957101896,-0.05406105539809886,-7.753732735799602,0.38443746589204114,1.1583559280567355,9.810894395861771,0.006678835051816072,-0.00862463575780543,-0.07308566242726255,-42.400929036639845,-33.97317827095121,-115.375
1773079183.1179273,62.47033957101896,-0.05406105539809886,-7.753732735799602,0.38130588308749036,1.1388075662779673,9.82397565728423,-0.023086677778709857,-0.014015036215282016,-0.07744898555724837,-42.400929036639845,-33.97317827095121,-115.375
1773079183.1321867,62.379426087312964,-0.03733613247640328,-7.726381149983571,0.38130588308749036,1.1388075662779673,9.82397565728423,-0.023086677778709857,-0.014015036215282016,-0.07744898555724837,-42.400929036639845,-33.97317827095121,-115.375
1773079183.1448798,62.279807029614275,-0.03753604637970086,-7.712108049442328,0.38188278299368716,1.1354744743706306,9.846061537462889,0.0005521880312016048,-0.010333786819068913,-0.09708393964218458,-42.400929036639845,-33.97317827095121,-115.375
1773079183.1594265,62.19360648340754,-0.009486819925222456,-7.675761045306784,0.3869434975744474,1.125031633761056,9.867449667420978,-0.018958422576874343,-0.0072310230830176766,-0.06435901616729091,-43.16024066010056,-35.320052748576146,-114.5
1773079183.171761,62.19360648340754,-0.009486819925222456,-7.675761045306784,0.3869434975744474,1.125031633761056,9.867449667420978,-0.018958422576874343,-0.0072310230830176766,-0.06435901616729091,-43.16024066010056,-35.320052748576146,-114.5
1773079183.1844344,62.103655277792946,-0.006747937199835131,-7.686648019267926,0.41788830074822364,1.1174369675660312,9.88168322898702,0.016250077678786844,-0.006731422019474743,-0.07635815477475191,-43.16024066010056,-35.320052748576146,-114.5
1773079183.1977546,61.98922535664558,-0.014435560113818203,-7.686790786492859,0.47839572079256953,1.257524669355083,9.840978829600129,0.006862897728883274,-0.012069231364161733,-0.08944812416470939,-43.16024066010056,-35.320052748576146,-114.5
1773079183.2103248,61.98922535664558,-0.014435560113818203,-7.686790786492859,0.47839572079256953,1.257524669355083,9.840978829600129,0.006862897728883274,-0.012069231364161733,-0.08944812416470939,-43.16024066010056,-35.320052748576146,-114.5
1773079183.223877,61.874715593592235,-0.021028136475753332,-7.6771100544896775,0.5025358587750387,1.3551863588144544,9.810545394798769,-0.004706736716866453,-0.008887583031491564,-0.11562806294462433,-43.101484327184444,-36.049233071501995,-113.375
1773079183.237105,61.77480554695469,-0.01677084617168652,-7.668305919496125,0.4893305848532758,1.3137417528409483,9.793637395609524,-0.014567220101352694,-0.011832581719435862,-0.08399397025222712,-43.101484327184444,-36.049233071501995,-113.375
1773079183.2495542,61.77480554695469,-0.01677084617168652,-7.668305919496125,0.4893305848532758,1.3137417528409483,9.793637395609524,-0.014567220101352694,-0.011832581719435862,-0.08399397025222712,-43.101484327184444,-36.049233071501995,-113.375
1773079183.262375,61.645038194673994,-0.007891285026017807,-7.645131119190486,0.49344412188681636,1.282612919491426,9.785730422731127,-0.022902615101642654,-0.017459631821638323,-0.10799224746714914,-43.101484327184444,-36.049233071501995,-113.375
1773079183.2750645,61.52071477594292,-0.015067049906346145,-7.635360016022577,0.4961816348314181,1.2618970286291715,9.78046842060723,-0.018195878384776203,-0.00857204879014676,-0.12871803233458182,-43.68151394059256,-38.158432421390394,-114.1875
1773079183.2898896,61.52071477594292,-0.015067049906346145,-7.635360016022577,0.4961816348314181,1.2618970286291715,9.78046842060723,-0.018195878384776203,-0.00857204879014676,-0.12871803233458182,-43.68151394059256,-38.158432421390394,-114.1875
1773079183.303054,61.441803740012446,-0.03018064808863271,-7.6342663221962015,0.4961816348314181,1.2618970286291715,9.78046842060723,-0.0033657110097373715,-0.008125038839393422,-0.06981317007977318,-43.68151394059256,-38.158432421390394,-114.1875
1773079183.3156152,61.40230103882968,-0.028462093158384424,-7.639422418247934,0.4821990811829169,1.2663342005490101,9.790347063803468,0.002366517172913357,-0.011964053283713465,-0.07417649320975901,-43.68151394059256,-38.158432421390394,-114.1875
1773079183.32912,61.288511781192376,-0.04590572615154419,-7.638350133415406,0.4551542927215096,1.2047795923157114,9.79692119049889,0.007441379243914214,-0.00996566146493451,-0.11126473981463851,-43.68151394059256,-38.158432421390394,-114.1875
1773079183.3446825,61.288511781192376,-0.04590572615154419,-7.638350133415406,0.4551542927215096,1.2047795923157114,9.79692119049889,0.007441379243914214,-0.00996566146493451,-0.11126473981463851,-43.68151394059256,-38.158432421390394,-114.1875
1773079183.3581362,61.18349922722292,-0.04741456440581878,-7.634156727012352,0.5131944955724163,1.1880060057194615,9.774535304718333,0.002760936010877096,-0.0064158877781299375,-0.09381144729469522,-43.173799448468124,-39.140716618803154,-114.875
1773079183.3708396,61.07424490804072,-0.05036531724502697,-7.63939310617829,0.5518196022181469,1.1768433712128965,9.7596377477981,-0.004417495959350983,-0.007835798081877952,-0.10581058590215622,-43.173799448468124,-39.140716618803154,-114.875
1773079183.3880007,61.07424490804072,-0.05036531724502697,-7.63939310617829,0.5518196022181469,1.1768433712128965,9.7596377477981,-0.004417495959350983,-0.007835798081877952,-0.10581058590215622,-43.173799448468124,-39.140716618803154,-114.875
1773079183.4047225,60.94085226991918,-0.06911298913132317,-7.6380805743369935,0.519467432298624,1.185380362326895,9.749723590084301,-0.007756913485259019,-0.003523480202975237,-0.11344640137963143,-43.173799448468124,-39.140716618803154,-114.875
1773079183.4193678,60.86083357033746,-0.06775242286893289,-7.623949240466574,0.4678608116434337,1.1195389467629573,9.756506275703442,-0.0022087479796754914,-0.003917899040938976,-0.06654067773228381,-42.99451743841552,-39.90304149106661,-113.75
1773079183.4332695,60.765607469814945,-0.06858115093230242,-7.619815124908498,0.4335171820811301,1.0757222202019607,9.761020077215418,0.0028398206074960295,-0.014356863940456158,-0.08944812416470939,-42.99451743841552,-39.90304149106661,-113.75
1773079183.446826,60.656280124911746,-0.0703370604077572,-7.615225038680202,0.43678741509445707,1.0532553331351318,9.774059296821129,0.011464456365301459,-0.007678028888640086,-0.09381144729469522,-42.99451743841552,-39.90304149106661,-113.75
1773079183.4627116,60.656280124911746,-0.0703370604077572,-7.615225038680202,0.43678741509445707,1.0532553331351318,9.774059296821129,0.011464456365301459,-0.007678028888640086,-0.09381144729469522,-42.99451743841552,-39.90304149106661,-113.75
1773079183.4773834,60.57092882815888,-0.0717073331770914,-7.620968918103165,0.4522683850366962,1.0866844931983504,9.822878092298936,0.003339417525908036,-0.004312317878902715,-0.07635815477475191,-43.836690435220255,-41.55123016153274,-114.1875
1773079183.4896867,60.477273920078666,-0.0779405530066324,-7.620467541583582,0.4496692982835922,1.112479136832974,9.815225114859906,-0.004233433282283781,-0.011280393688234256,-0.08835729338221293,-43.836690435220255,-41.55123016153274,-114.1875
1773079183.5022094,60.477273920078666,-0.0779405530066324,-7.620467541583582,0.4496692982835922,1.112479136832974,9.815225114859906,-0.004233433282283781,-0.011280393688234256,-0.08835729338221293,-43.836690435220255,-41.55123016153274,-114.1875
1773079183.5157063,60.3472379780013,-0.0823014310578311,-7.626131245924418,0.47720990116918877,1.236082553382931,9.803441920448952,-0.006915484696541945,-0.01280548207243054,-0.1189005552921137,-43.836690435220255,-41.55123016153274,-114.1875
1773079183.5284164,60.25199462695425,-0.08311385419603869,-7.62198138801675,0.5084393640567597,1.3147913353155565,9.795600336195369,-0.005942584343547266,-0.005153746667619789,-0.0916297857297023,-42.60732838592906,-43.444989703228195,-113.6875
1773079183.540945,60.25199462695425,-0.08311385419603869,-7.62198138801675,0.5084393640567597,1.3147913353155565,9.795600336195369,-0.005942584343547266,-0.005153746667619789,-0.0916297857297023,-42.60732838592906,-43.444989703228195,-113.6875
1773079183.5552697,60.15275175839863,-0.08847406600216422,-7.611942825390397,0.5123696453089758,1.3058890287064961,9.790381849470844,-0.00039441883796373844,-0.005548165505583527,-0.08072147790473774,-42.60732838592906,-43.444989703228195,-113.6875
1773079183.5692165,60.08269254948117,-0.08884612140903424,-7.617477950753357,0.5085344539202579,1.301738598623816,9.756802999484114,-0.009308295353284637,-0.013278785507013212,-0.1308996938995747,-42.60732838592906,-43.444989703228195,-113.6875
1773079183.581872,60.08269254948117,-0.08884612140903424,-7.617477950753357,0.5085344539202579,1.301738598623816,9.756802999484114,-0.009308295353284637,-0.013278785507013212,-0.1308996938995747,-42.60732838592906,-43.444989703228195,-113.6875
1773079183.5966296,59.888941771513906,-0.10602459706493325,-7.61178705141958,0.47759888856705957,1.1957645392399443,9.734456649918277,0.00486450591010432,-0.006994369293160878,-0.11126473981463851,-43.692059480157376,-43.146688759189736,-113.375
1773079183.6089597,59.7644165184571,-0.11003314188211163,-7.617118521700927,0.45701161539741403,1.1252399865277876,9.79986808488296,-0.000499596918412007,-0.010044546061553444,-0.11999138607461016,-43.692059480157376,-43.146688759189736,-113.375
1773079183.6212447,59.7644165184571,-0.11003314188211163,-7.617118521700927,0.45701161539741403,1.1252399865277876,9.79986808488296,-0.000499596918412007,-0.010044546061553444,-0.11999138607461016,-43.692059480157376,-43.146688759189736,-113.375
1773079183.6364021,59.6949117979982,-0.11893152744290471,-7.611571784965217,0.45838963700105995,1.13313805660129,9.84339866415835,0.001893213738330686,-0.009571242626970773,-0.12326387842209953,-43.692059480157376,-43.146688759189736,-113.375
1773079183.6547444,59.53540226455206,-0.12397662028909975,-7.607084685430691,0.43672907118195364,1.1446029783292735,9.805465544251303,0.0012095541428514768,-0.016171193082167912,-0.08835729338221293,-42.726347319914915,-45.29204566971997,-113.375
1773079183.668212,59.48481230900442,-0.12177719980730467,-7.6030064160126285,0.4223142065937128,1.1522327556676792,9.780221476693876,-0.005101155554830192,-0.014435748537075091,-0.09381144729469522,-42.726347319914915,-45.29204566971997,-113.375
1773079183.6810539,59.48481230900442,-0.12177719980730467,-7.6030064160126285,0.4223142065937128,1.1522327556676792,9.780221476693876,-0.005101155554830192,-0.014435748537075091,-0.09381144729469522,-42.726347319914915,-45.29204566971997,-113.375
1773079183.6974125,59.34468738549887,-0.10322214263282704,-7.581113117117417,0.4416690178204943,1.111187431015256,9.776802278558398,-0.01464610469797163,-0.0038916055571096408,-0.1265363707695889,-42.726347319914915,-45.29204566971997,-113.375
1773079183.7113829,59.14585808077056,-0.12755566763638126,-7.589567323478774,0.5061554130367596,1.2084523303234527,9.804632845760057,-0.0012621411105101486,-0.008703520354424362,-0.11017390903214205,-42.48680247129407,-46.07094281665223,-113.375
1773079183.7252114,59.06629321745469,-0.13283201460784452,-7.589418543336963,0.49835138190088374,1.15182630476385,9.793047771979081,-0.013988738586321754,-0.00972901182020864,-0.1439896632895322,-42.48680247129407,-46.07094281665223,-113.375
1773079183.7378502,59.06629321745469,-0.13283201460784452,-7.589418543336963,0.49835138190088374,1.15182630476385,9.793047771979081,-0.013988738586321754,-0.00972901182020864,-0.1439896632895322,-42.48680247129407,-46.07094281665223,-113.375
1773079183.756534,58.9461744736734,-0.13945132567140447,-7.579727453481651,0.4770310122118249,1.118577206109009,9.725126024059847,-0.0022087479796754914,-0.003917899040938976,-0.09490227807719166,-42.48680247129407,-46.07094281665223,-113.375
1773079183.7731948,58.8620227822079,-0.1394282982984096,-7.574975508399687,0.46284254434789085,1.0964503023709804,9.679924859555236,-0.011227802575444661,-0.016144899598338577,-0.06981317007977318,-42.40394086045154,-48.36243718789746,-112.5625
1773079183.787185,58.74264585791543,-0.1571529339882342,-7.573677908974386,0.4489653886790917,1.065598220962159,9.713401111946578,-0.002103569899227223,0.00057848151503094,-0.10799224746714914,-42.40394086045154,-48.36243718789746,-112.5625
1773079183.7998648,58.74264585791543,-0.1571529339882342,-7.573677908974386,0.4489653886790917,1.065598220962159,9.713401111946578,-0.002103569899227223,0.00057848151503094,-0.10799224746714914,-42.40394086045154,-48.36243718789746,-112.5625
1773079183.8172297,58.67312787721581,-0.16597529325971425,-7.568023298702719,0.42432912575324916,1.1152184047772828,9.735679183958773,0.00231392606012376,0.008414279596908892,-0.0545415391248228,-42.40394086045154,-48.36243718789746,-112.5625
1773079183.8302622,58.587991306978616,-0.17161062263968002,-7.568095649470926,0.40793396798119,1.1482400828124755,9.74046965689856,-0.0021298633830565583,-0.011858875203265196,-0.0916297857297023,-42.039350580239365,-49.629463303482616,-112.1875
1773079183.8469198,58.47954058563112,-0.18580549569932694,-7.5466419008587255,0.41960079743262,1.1640067963472918,9.7436576631269,-0.017117799951333255,0.003576067170633909,-0.09053895494720585,-42.039350580239365,-49.629463303482616,-112.1875
1773079183.8595564,58.47954058563112,-0.18580549569932694,-7.5466419008587255,0.41960079743262,1.1640067963472918,9.7436576631269,-0.017117799951333255,0.003576067170633909,-0.09053895494720585,-42.039350580239365,-49.629463303482616,-112.1875
1773079183.8745673,58.409109190593334,-0.18063713452157448,-7.547921423822658,0.4585704381735308,1.224895851370629,9.662151452976513,-0.009019054595769167,-0.0122270005573996,-0.0545415391248228,-42.039350580239365,-49.629463303482616,-112.1875
1773079183.8875954,58.30356860114851,-0.17497266524755306,-7.529612709444082,0.44370332179871314,1.117049595180513,9.755094895727508,-0.016565611920131652,-0.006757719648435004,-0.1090830782496456,-40.49059555778605,-50.83321333169679,-111.375
1773079183.9004154,58.30356860114851,-0.17497266524755306,-7.529612709444082,0.44370332179871314,1.117049595180513,9.755094895727508,-0.016565611920131652,-0.006757719648435004,-0.1090830782496456,-40.49059555778605,-50.83321333169679,-111.375
1773079183.917607,58.18352487880457,-0.18287603847186443,-7.529600698425852,0.42316568880563066,1.0065746184599134,9.81694771863201,-0.005863699746928333,-0.01309472282994601,-0.09599310885968812,-40.49059555778605,-50.83321333169679,-111.375
1773079183.9316814,58.09468255115842,-0.19575921642765598,-7.543202947487159,0.4191742479560511,0.9303938222581517,9.858110081333653,0.01262141939536334,-0.00347088909018564,-0.0916297857297023,-40.49059555778605,-50.83321333169679,-111.375
1773079183.944898,57.95964971881491,-0.21029238876547005,-7.547476681979942,0.430790263696027,0.9694424070440022,9.791840046092933,0.007257316566847013,-0.006521065858578206,-0.12435470920459599,-41.956488969396844,-51.920957674727845,-110.5
1773079183.9587102,57.95964971881491,-0.21029238876547005,-7.547476681979942,0.430790263696027,0.9694424070440022,9.791840046092933,0.007257316566847013,-0.006521065858578206,-0.12435470920459599,-41.956488969396844,-51.920957674727845,-110.5
1773079183.9731188,57.84103515632165,-0.21810172671914066,-7.546763029258831,0.46682324986237983,1.0605007421456274,9.744392966217713,0.003023883284563231,-0.017801459546812462,-0.09926560120717749,-41.956488969396844,-51.920957674727845,-110.5
1773079183.9869769,57.74039811821832,-0.22329372663011843,-7.537140674729686,0.4625001421904614,1.056027108839592,9.712817464579366,-0.026320917224169623,-0.005206337780409386,-0.08508480103472356,-41.956488969396844,-51.920957674727845,-110.5
1773079183.9999888,57.74039811821832,-0.22329372663011843,-7.537140674729686,0.4625001421904614,1.056027108839592,9.712817464579366,-0.026320917224169623,-0.005206337780409386,-0.08508480103472356,-41.956488969396844,-51.920957674727845,-110.5
1773079184.014137,57.57063230069648,-0.2204956607565265,-7.543532296376203,0.49115119460684814,1.1172349162159143,9.691804320960511,0.0003681253541344029,-0.00688919121271261,-0.10035643198967395,-42.17192854009129,-52.704374576114965,-110.0625
1773079184.0280638,57.50525451530801,-0.22897919542999456,-7.538127687052345,0.4962684111104349,1.0820104517020617,9.77817365983394,-0.0037338363638717747,-0.001235847626680813,-0.12217304763960307,-42.17192854009129,-52.704374576114965,-110.0625
1773079184.0407026,57.37179293026592,-0.2448902167497257,-7.551405330223714,0.5076566613721778,1.0875973375119155,9.778784591021044,0.014225392376178555,-0.014093916666770024,-0.11562806294462433,-42.17192854009129,-52.704374576114965,-110.0625
1773079184.0554886,57.37179293026592,-0.2448902167497257,-7.551405330223714,0.5076566613721778,1.0875973375119155,9.778784591021044,0.014225392376178555,-0.014093916666770024,-0.11562806294462433,-42.17192854009129,-52.704374576114965,-110.0625
1773079184.0684812,57.25549176766182,-0.24693338939514187,-7.547502210820871,0.4604040426137073,1.1063939695319047,9.779191158901511,0.0028398206074960295,-0.014356863940456158,-0.10799224746714914,-42.17192854009129,-52.704374576114965,-110.0625
1773079184.081034,57.12142302481044,-0.25425570100286565,-7.537086641886803,0.4289579526762828,1.11890291816907,9.769426390162344,-0.0033657110097373715,-0.008125038839393422,-0.12871803233458182,-39.857835396571765,-54.89643506184887,-108.875
1773079184.0941148,57.12142302481044,-0.25425570100286565,-7.537086641886803,0.4289579526762828,1.11890291816907,9.769426390162344,-0.0033657110097373715,-0.008125038839393422,-0.12871803233458182,-39.857835396571765,-54.89643506184887,-108.875
1773079184.1070192,57.02420227682079,-0.225616641094972,-7.537297629082115,0.4323825104219595,1.1274693890896497,9.762928045646044,-0.004338611362732049,-0.01577677424420417,-0.0916297857297023,-39.857835396571765,-54.89643506184887,-108.875
1773079184.1195853,56.973166171001004,-0.21766664326280774,-7.529102056193416,0.42667871550523095,1.104141906332773,9.8087801455715,-0.01141186525251186,-0.012700303991982272,-0.09490227807719166,-39.857835396571765,-54.89643506184887,-108.875
1773079184.1326344,56.973166171001004,-0.21766664326280774,-7.529102056193416,0.42667871550523095,1.104141906332773,9.8087801455715,-0.01141186525251186,-0.012700303991982272,-0.09490227807719166,-39.857835396571765,-54.89643506184887,-108.875
1773079184.14709,56.85849769242889,-0.22214471799020463,-7.509190592234317,0.4067560295588388,1.0930526159440506,9.839294205870376,-0.01298954474949774,0.010360080302898249,-0.09490227807719166,-40.12299179127262,-55.86064047894071,-105.75
1773079184.160596,56.755381058233915,-0.1897499322356263,-7.515395907335593,0.393497704612499,1.085672817065846,9.856255860427568,0.00943977106269317,-0.015040523535935366,-0.09053895494720585,-40.12299179127262,-55.86064047894071,-105.75
1773079184.1742303,56.6465985818897,-0.19688210413407461,-7.514742007398152,0.39322167885598497,1.0992269145638194,9.867543652061284,-0.005442987425135259,0.004890799393933655,-0.09926560120717749,-40.12299179127262,-55.86064047894071,-105.75
1773079184.1871524,56.6465985818897,-0.19688210413407461,-7.514742007398152,0.39322167885598497,1.0992269145638194,9.867543652061284,-0.005442987425135259,0.004890799393933655,-0.09926560120717749,-40.12299179127262,-55.86064047894071,-105.75
1773079184.2005138,56.550660131780404,-0.18772030220295544,-7.51202190522869,0.4285977407922607,1.136630316076777,9.844949545934753,-0.00920311727283637,-0.008782404951043295,-0.07635815477475191,-39.73730948193678,-57.52238817527291,-107.6875
1773079184.2128928,56.44828884886091,-0.1666489024409887,-7.5265331819863155,0.4521401148343473,1.1615218619602785,9.82991342070025,0.0011043760624032096,-0.020667573638137825,-0.10690141668465268,-39.73730948193678,-57.52238817527291,-107.6875
1773079184.2254217,56.44828884886091,-0.1666489024409887,-7.5265331819863155,0.4521401148343473,1.1615218619602785,9.82991342070025,0.0011043760624032096,-0.020667573638137825,-0.10690141668465268,-39.73730948193678,-57.52238817527291,-107.6875
1773079184.2403018,56.32798332074232,-0.17141123341626663,-7.5069126460254925,0.5000610500635531,1.1692171300871181,9.819907047321212,-0.015303470809621501,0.001945800705989357,-0.10690141668465268,-39.73730948193678,-57.52238817527291,-107.6875
1773079184.2545743,56.20828724264731,-0.1849501059499362,-7.510850395388888,0.5639637400997562,1.1898200467850997,9.819938141030617,0.001893213738330686,-0.009571242626970773,-0.10144726277217041,-40.234477722000875,-59.330273332320104,-104.5
1773079184.2710383,56.068745858296545,-0.19500086400022493,-7.4852938350641045,0.5602867793629898,1.1364432587130047,9.829994168668843,-0.02085163631520503,0.002340219543953096,-0.11453723216212788,-40.234477722000875,-59.330273332320104,-104.5
1773079184.2880158,56.068745858296545,-0.19500086400022493,-7.4852938350641045,0.5602867793629898,1.1364432587130047,9.829994168668843,-0.02085163631520503,0.002340219543953096,-0.11453723216212788,-40.234477722000875,-59.330273332320104,-104.5
1773079184.3042305,55.97318468194654,-0.19146956972956639,-7.486692343784804,0.53953579360356,1.1857489566974473,9.826651007606936,-0.004811914797314722,-0.013383963587461481,-0.08072147790473774,-40.234477722000875,-59.330273332320104,-104.5
1773079184.3185997,55.86171492136379,-0.1816722853497561,-7.47442829578807,0.5425788218278628,1.2798434696758774,9.821081059558473,-0.013594319748358017,-0.004180846314625111,-0.11017390903214205,-40.35500339913736,-59.2971287829825,-105.0
1773079184.332437,55.73937779902124,-0.15545021026838993,-7.449884521554926,0.5575054224341824,1.3389144059177036,9.817374321352618,-0.00260316681763923,-0.009466064546522504,-0.10471975511965978,-40.35500339913736,-59.2971287829825,-105.0
1773079184.348727,55.61915946017967,-0.16084318466305428,-7.465133471730306,0.5709868194373718,1.3911269534369437,9.8149075284836,0.00428602439507338,-0.009097939192388101,-0.12326387842209953,-40.35500339913736,-59.2971287829825,-105.0
1773079184.3641312,55.61915946017967,-0.16084318466305428,-7.465133471730306,0.5709868194373718,1.3911269534369437,9.8149075284836,0.00428602439507338,-0.009097939192388101,-0.12326387842209953,-40.35500339913736,-59.2971287829825,-105.0
1773079184.3786469,55.540028148462305,-0.17170973828686578,-7.4688522243324575,0.5613320055820493,1.3581409491501575,9.786505011726595,-0.002576873333809895,0.002971292171773633,-0.1439896632895322,-40.35500339913736,-59.2971287829825,-105.0
1773079184.3927097,55.369645946370525,-0.1828324371992422,-7.468670850426303,0.5484560851547204,1.337963087295482,9.76760345410171,-0.00862463575780543,-0.006678835051816072,-0.09817477042468103,-39.38929123889489,-61.44248569351274,-103.875
1773079184.4052439,55.369645946370525,-0.1828324371992422,-7.468670850426303,0.5484560851547204,1.337963087295482,9.76760345410171,-0.00862463575780543,-0.006678835051816072,-0.09817477042468103,-39.38929123889489,-61.44248569351274,-103.875
1773079184.4176333,55.264993457348915,-0.18965825069561887,-7.468319142223353,0.5313400625537074,1.3060696744190174,9.76840512547586,-0.004811914797314722,-0.013383963587461481,-0.08617563181722002,-39.38929123889489,-61.44248569351274,-103.875
1773079184.430727,55.19812612296518,-0.17686485416433895,-7.456358906312483,0.5004360299871762,1.2138867181850532,9.77562885223474,0.00018406267706720146,-0.003444595606356305,-0.11671889372712078,-39.38929123889489,-61.44248569351274,-103.875
1773079184.4433484,55.091458841964844,-0.15282369873207763,-7.45129507509117,0.5026086270878453,1.2226112590397018,9.780436161698459,0.019694673285143148,-0.006547359342407542,-0.08835729338221293,-39.38929123889489,-61.44248569351274,-103.875
1773079184.455855,55.091458841964844,-0.15282369873207763,-7.45129507509117,0.5026086270878453,1.2226112590397018,9.780436161698459,0.019694673285143148,-0.006547359342407542,-0.08835729338221293,-39.38929123889489,-61.44248569351274,-103.875
1773079184.46921,54.98148650989788,-0.16571486653666015,-7.455230127373288,0.5013935329082875,1.2187412190320392,9.7836353724454,0.00039441883796373844,0.005548165505583527,-0.10253809355466686,-39.187410694066514,-61.88692409826619,-102.25
1773079184.4831033,54.87176640002848,-0.18262988410937495,-7.453432329053364,0.4780072775024604,1.2223745949594103,9.782419299752641,0.004391202475521647,-0.004601558636418185,-0.09708393964218458,-39.187410694066514,-61.88692409826619,-102.25
1773079184.495734,54.87176640002848,-0.18262988410937495,-7.453432329053364,0.4780072775024604,1.2223745949594103,9.782419299752641,0.004391202475521647,-0.004601558636418185,-0.09708393964218458,-39.187410694066514,-61.88692409826619,-102.25
1773079184.5085511,54.72262360026199,-0.13205178927699618,-7.4536784864981565,0.4624439857714726,1.2247925660516072,9.677911554033134,0.0020509829315685526,-0.025453194951623213,-0.12326387842209953,-39.187410694066514,-61.88692409826619,-102.25
1773079184.5218506,54.652366291818105,-0.1291663282200929,-7.439724926499919,0.4307993227334342,1.148992702907565,9.712061279611714,-0.014462042020904425,-0.007336201163465944,-0.1265363707695889,-38.223205276974674,-62.152080492967045,-102.6875
1773079184.5342162,54.652366291818105,-0.1291663282200929,-7.439724926499919,0.4307993227334342,1.148992702907565,9.712061279611714,-0.014462042020904425,-0.007336201163465944,-0.1265363707695889,-38.223205276974674,-62.152080492967045,-102.6875
1773079184.547298,54.46540725136547,-0.12408298888193738,-7.42766159792044,0.43401108871241006,1.1994223381835567,9.741477763921468,-0.0022350414635048266,-0.01635525575923511,-0.10471975511965978,-38.223205276974674,-62.152080492967045,-102.6875
1773079184.563997,54.33511716204905,-0.1250391561593728,-7.413609830322174,0.4059912392473714,1.1233199529386526,9.777779664162546,0.00370754288004244,-0.011201509091615323,-0.1265363707695889,-38.223205276974674,-62.152080492967045,-102.6875
1773079184.5767741,54.33511716204905,-0.1250391561593728,-7.413609830322174,0.4059912392473714,1.1233199529386526,9.777779664162546,0.00370754288004244,-0.011201509091615323,-0.1265363707695889,-38.223205276974674,-62.152080492967045,-102.6875
1773079184.591364,54.222755396127425,-0.1012974527221962,-7.409029695049865,0.40347121657548884,1.0682397768765923,9.78521261471759,-0.00115696303006188,-0.004207139798454446,-0.10799224746714914,-37.32076920410319,-63.11327266125614,-99.0625
1773079184.6044886,54.102057749164395,-0.09935719108720696,-7.410572882138457,0.4179210437827221,1.027149646192251,9.70318625589017,-0.01233217863784787,0.0045226740397992515,-0.11017390903214205,-37.32076920410319,-63.11327266125614,-99.0625
1773079184.617476,54.102057749164395,-0.09935719108720696,-7.410572882138457,0.4179210437827221,1.027149646192251,9.70318625589017,-0.01233217863784787,0.0045226740397992515,-0.11017390903214205,-37.32076920410319,-63.11327266125614,-99.0625
1773079184.6347184,53.98199566629169,-0.10756687905456216,-7.385191091090894,0.41866746477214545,0.9675508749389103,9.648598630384988,-0.015697889647585242,-0.0036023647995941706,-0.11126473981463851,-37.32076920410319,-63.11327266125614,-99.0625
1773079184.6473646,53.835517677770824,-0.09752065257298935,-7.388515158013044,0.467947976412681,1.1052841740253168,9.652412515882853,-0.010675614544243055,-0.026478686417407492,-0.13744467859455345,-36.29178119398826,-63.849985749941084,-97.0625
1773079184.660283,53.68855312733855,-0.0803121114411926,-7.353039460695611,0.4493795271944802,1.0480124623043006,9.711817513102218,-0.01696003075809539,-0.012305885154018531,-0.12762720155208535,-36.29178119398826,-63.849985749941084,-97.0625
1773079184.675024,53.68855312733855,-0.0803121114411926,-7.353039460695611,0.4493795271944802,1.0480124623043006,9.711817513102218,-0.01696003075809539,-0.012305885154018531,-0.12762720155208535,-36.29178119398826,-63.849985749941084,-97.0625
1773079184.6904578,53.62239733348031,-0.07878905525100166,-7.349223844091734,0.4503270980657027,1.0582794003555238,9.694483976129979,-0.01025490222244998,-0.008493164193527825,-0.12217304763960307,-36.29178119398826,-63.849985749941084,-97.0625
1773079184.7051399,53.4316060394847,-0.0755131395325025,-7.346618648751003,0.43805619657954237,1.0686598439801378,9.682948700903248,-0.015513826970518039,-0.007046960405950474,-0.11780972450961724,-37.61907014814165,-64.19800375548446,-96.75
1773079184.7176197,53.38065761355982,-0.06904290754690048,-7.3484432601044505,0.4307770264756382,1.07879328808414,9.675272104097326,-0.0008940157563757454,-0.015592711567136971,-0.08835729338221293,-37.61907014814165,-64.19800375548446,-96.75
1773079184.7304728,53.38065761355982,-0.06904290754690048,-7.3484432601044505,0.4307770264756382,1.07879328808414,9.675272104097326,-0.0008940157563757454,-0.015592711567136971,-0.08835729338221293,-37.61907014814165,-64.19800375548446,-96.75
1773079184.7450902,53.28795798371373,-0.047611545182342785,-7.363759100027541,0.43093215043449146,1.0911007538351305,9.706959643456702,-0.008256510403671027,-0.013568026264528682,-0.09381144729469522,-37.61907014814165,-64.19800375548446,-96.75
1773079184.7587538,53.15634649157341,-0.027119235984358548,-7.3437661168208,0.4840928002684608,1.0777618632279293,9.72804734692736,-0.016171193082167912,-0.0012095541428514774,-0.11671889372712078,-37.61907014814165,-64.19800375548446,-96.75
1773079184.7714756,53.02313859109309,-0.01040050940282358,-7.343834343932555,0.5194706188895984,1.0688849805340086,9.788912541924471,-0.006810306616093676,-0.008309101516460624,-0.11017390903214205,-36.172762022503896,-64.59573834753574,-95.5625
1773079184.7864404,53.02313859109309,-0.01040050940282358,-7.343834343932555,0.5194706188895984,1.0688849805340086,9.788912541924471,-0.006810306616093676,-0.008309101516460624,-0.11017390903214205,-36.172762022503896,-64.59573834753574,-95.5625
1773079184.7996588,52.867368062192554,-0.006922161459503664,-7.325998575358379,0.534789456807519,1.0583007201249006,9.812692090749675,-0.01979985136559142,0.002050978786437625,-0.13853550937704992,-36.172762022503896,-64.59573834753574,-95.5625
1773079184.8121963,52.74117169491528,-0.009195010879439558,-7.322133812443412,0.48805610849456177,1.0460964082456778,9.828517114857881,-0.00115696303006188,-0.004207139798454446,-0.12980886311707826,-36.172762022503896,-64.59573834753574,-95.5625
1773079184.8245306,52.74117169491528,-0.009195010879439558,-7.322133812443412,0.48805610849456177,1.0460964082456778,9.828517114857881,-0.00115696303006188,-0.004207139798454446,-0.12980886311707826,-36.172762022503896,-64.59573834753574,-95.5625
1773079184.8389604,52.61373327600799,0.00791959480894444,-7.3220325032339835,0.46227745379910185,1.0573268239949998,9.832358268210152,-0.002524282221020297,-0.017407040708848725,-0.09490227807719166,-36.47558272099721,-65.22548502244877,-94.25
1773079184.8550868,52.48716326375082,0.011451017961057347,-7.314282781098143,0.45133089138700555,1.0873781640270321,9.831569401150274,-0.002419104140572029,-0.01291066015287881,-0.1189005552921137,-36.47558272099721,-65.22548502244877,-94.25
1773079184.872433,52.37088919722988,0.00601295342993079,-7.329922901271621,0.4933136638663298,1.23606945207011,9.797593301860955,0.01251624131491507,-0.007967269646155557,-0.10581058590215622,-36.47558272099721,-65.22548502244877,-94.25
1773079184.8894389,52.37088919722988,0.00601295342993079,-7.329922901271621,0.4933136638663298,1.23606945207011,9.797593301860955,0.01251624131491507,-0.007967269646155557,-0.10581058590215622,-36.47558272099721,-65.22548502244877,-94.25
1773079184.903979,52.21662726331767,-0.013590110930515058,-7.327659599719219,0.48488664180546137,1.2027814752842962,9.77498258732181,-0.001525088384196283,0.002682051414258163,-0.13853550937704992,-35.39085162676889,-65.52378596648722,-92.75
1773079184.9191892,52.090674816771816,-0.01971888592175444,-7.317970211347893,0.48016553052014244,1.1838540734133773,9.766625632788879,0.00649477237474887,-0.005180040151449124,-0.11126473981463851,-35.39085162676889,-65.52378596648722,-92.75
1773079184.9332068,51.97489719144055,-0.032955440018714664,-7.321942448979282,0.4770236836980312,1.1712580989012134,9.76775439631515,-0.008703520354424362,0.0012621411105101486,-0.10035643198967395,-35.39085162676889,-65.52378596648722,-92.75
1773079184.9466202,51.97489719144055,-0.032955440018714664,-7.321942448979282,0.4770236836980312,1.1712580989012134,9.76775439631515,-0.008703520354424362,0.0012621411105101486,-0.10035643198967395,-35.39085162676889,-65.52378596648722,-92.75
1773079184.9596245,51.86430060247104,-0.03611986546117162,-7.302424512801911,0.48138356939259425,1.1611016630492543,9.785231134369367,0.005653343586031796,0.004101961718006177,-0.09926560120717749,-35.145280518041076,-66.04505948447773,-92.875
1773079184.9720418,51.75334414070573,-0.033485140506377985,-7.304207596916606,0.4949287577414246,1.193047166392294,9.780136149779894,0.01414650777955962,-0.006152940504443803,-0.09490227807719166,-35.145280518041076,-66.04505948447773,-92.875
1773079184.9847078,51.75334414070573,-0.033485140506377985,-7.304207596916606,0.4949287577414246,1.193047166392294,9.780136149779894,0.01414650777955962,-0.006152940504443803,-0.09490227807719166,-35.145280518041076,-66.04505948447773,-92.875
1773079184.9983516,51.627516400168204,-0.04151628722544241,-7.304144449972093,0.5177314063539862,1.2139840058006692,9.776745494450306,0.008808698434872631,0.0032342394454597675,-0.11235557059713497,-35.145280518041076,-66.04505948447773,-92.875
1773079185.0106878,51.50590965916923,-0.055128593802482175,-7.308283774979814,0.5391151586046617,1.250494862349945,9.774489051204569,0.006705128535645407,0.0038127209604907073,-0.10471975511965978,1940.9937218116813,-609.4830904238748,-91.5625
1773079185.0254564,51.50590965916923,-0.055128593802482175,-7.308283774979814,0.5391151586046617,1.250494862349945,9.774489051204569,0.006705128535645407,0.0038127209604907073,-0.10471975511965978,1940.9937218116813,-609.4830904238748,-91.5625
1773079185.0406783,51.43685353984305,-0.06924541766245432,-7.305997577057078,0.5374608380471071,1.2548757390082272,9.766297190016013,-0.009860483384486243,-0.0029449986879442973,-0.12544553998709243,1940.9937218116813,-609.4830904238748,-91.5625
1773079185.0540304,51.320560632884394,-0.07466912061686704,-7.2963390727735336,0.5212812842728909,1.2029597913941459,9.79095160326999,-0.017617396869745262,-0.006468478890919535,-0.09599310885968812,1940.9937218116813,-609.4830904238748,-91.5625
1773079185.0663795,51.320560632884394,-0.07466912061686704,-7.2963390727735336,0.5212812842728909,1.2029597913941459,9.79095160326999,-0.017617396869745262,-0.006468478890919535,-0.09599310885968812,1940.9937218116813,-609.4830904238748,-91.5625
1773079185.0815635,51.21989747464686,-0.0810867848529098,-7.296229568942695,0.510513971973608,1.1684103081961088,9.767217499394837,0.006573656971367804,-0.013121016313775345,-0.10253809355466686,-35.02927459535945,-65.62321961450004,-89.6875
1773079185.0944328,51.07781863400747,-0.07842111232399239,-7.28853021633156,0.505041770562459,1.1137287063295054,9.83505051107622,-0.004969683990552587,0.0024979887371909615,-0.12980886311707826,-35.02927459535945,-65.62321961450004,-89.6875
1773079185.1079285,50.94563728624928,-0.078941309705114,-7.275129324792836,0.5102698592536785,1.1095924594105437,9.77314904797157,0.0017091510612634849,-0.006126647020614467,-0.11344640137963143,-35.02927459535945,-65.62321961450004,-89.6875
1773079185.1232789,50.94563728624928,-0.078941309705114,-7.275129324792836,0.5102698592536785,1.1095924594105437,9.77314904797157,0.0017091510612634849,-0.006126647020614467,-0.11344640137963143,-35.02927459535945,-65.62321961450004,-89.6875
1773079185.1400406,50.708361979348,-0.07639761261719046,-7.263255333326609,0.5072983442181586,1.1086137888112493,9.731954315760076,-0.013699497828806284,-0.008677226870595026,-0.15271630954950383,-33.2816522768805,-66.10381557989534,-88.75
1773079185.157531,50.488846344292135,-0.047751379894662244,-7.277163047316288,0.5079817674365711,1.1176386189468095,9.704539681648638,-0.0024979887371909615,-0.004969683990552588,-0.11999138607461016,-33.2816522768805,-66.10381557989534,-88.75
1773079185.180717,50.488846344292135,-0.047751379894662244,-7.277163047316288,0.5079817674365711,1.1176386189468095,9.704539681648638,-0.0024979887371909615,-0.004969683990552588,-0.11999138607461016,-33.2816522768805,-66.10381557989534,-88.75
1773079185.1991177,50.322450725390134,-0.060047677695294226,-7.261547613645657,0.508436577954087,1.1236445425880668,9.746507559620754,-0.00659995045519714,0.0006836595954792086,-0.1461713248545251,-33.2816522768805,-66.10381557989534,-88.75
1773079185.2149625,50.19080476312463,-0.06880198508473916,-7.286755796412219,0.4950314030719491,1.1661040102917983,9.774436713599282,0.01270030399198227,-0.01141186525251186,-0.11344640137963143,-32.41537400214936,-66.01794095774858,-88.0625
1773079185.230001,50.05850505858941,-0.06754284290084757,-7.288880515658593,0.46659689820944417,1.1234020655078567,9.762917248217025,-0.00659995045519714,0.0006836595954792086,-0.11671889372712078,-32.41537400214936,-66.01794095774858,-88.0625
1773079185.2438064,50.05850505858941,-0.06754284290084757,-7.288880515658593,0.46659689820944417,1.1234020655078567,9.762917248217025,-0.00659995045519714,0.0006836595954792086,-0.11671889372712078,-32.41537400214936,-66.01794095774858,-88.0625
1773079185.2615983,49.9484465194538,-0.07833246089985489,-7.282690254506347,0.46363965254099837,1.1530411451876663,9.755251172685995,0.0053378093446869905,-0.009387179949903571,-0.08290313946973066,-32.41537400214936,-66.01794095774858,-88.0625
1773079185.2757022,49.83204418141516,-0.0819638308364417,-7.288473638669402,0.4765889987561723,1.1513168809183856,9.780255490421641,-0.002419104140572029,-0.01291066015287881,-0.1189005552921137,-32.41537400214936,-66.01794095774858,-87.6875
1773079185.289408,49.69847205418714,-0.060931175274128425,-7.269685250170859,0.5110096426404925,1.1430735802269976,9.796895584558184,0.005442987425135259,-0.004890799393933655,-0.12326387842209953,-32.41537400214936,-66.01794095774858,-87.6875
1773079185.302649,49.69847205418714,-0.060931175274128425,-7.269685250170859,0.5110096426404925,1.1430735802269976,9.796895584558184,0.005442987425135259,-0.004890799393933655,-0.12326387842209953,-32.41537400214936,-66.01794095774858,-87.6875
1773079185.3173082,49.56934853837458,-0.050323467772860224,-7.299503483110826,0.5339161966417217,1.1375877557005813,9.807969381324023,0.011043744043508384,-0.02566355111251975,-0.11562806294462433,-32.41537400214936,-66.01794095774858,-87.6875
1773079185.3315413,49.433295346607444,-0.04932654993564824,-7.301278899055289,0.48836194136936334,1.1020864195560474,9.77519752888144,-0.0002366496447258734,-0.02143011783023597,-0.11344640137963143,-32.614241298175,-66.74109502056747,-85.6875
1773079185.346097,49.31590211072671,-0.03747524456501218,-7.305502719901564,0.43869384438613507,1.0837825434888761,9.75338822716648,0.006363300810471266,-0.022113777425715176,-0.09599310885968812,-32.614241298175,-66.74109502056747,-85.6875
1773079185.3597267,49.31590211072671,-0.03747524456501218,-7.305502719901564,0.43869384438613507,1.0837825434888761,9.75338822716648,0.006363300810471266,-0.022113777425715176,-0.09599310885968812,-32.614241298175,-66.74109502056747,-85.6875
1773079185.3730237,49.19237254492365,-0.022282394105764266,-7.315888378849134,0.40564028067279395,1.0716015184338668,9.755599939037635,-0.0021298633830565583,-0.011858875203265196,-0.11453723216212788,-32.614241298175,-66.74109502056747,-85.6875
1773079185.3853104,49.06544829815567,-0.012608948827176943,-7.304492977484398,0.4559725379250094,0.9985038877892579,9.813938707605876,-0.006258118584892071,-0.018642888335529538,-0.1189005552921137,-30.990157905635268,-66.02095396905281,-84.0625
1773079185.3976533,49.06544829815567,-0.012608948827176943,-7.304492977484398,0.4559725379250094,0.9985038877892579,9.813938707605876,-0.006258118584892071,-0.018642888335529538,-0.1189005552921137,-30.990157905635268,-66.02095396905281,-84.0625
1773079185.4109042,48.927987081194686,-0.023587841029847657,-7.314360558163301,0.5515565360911147,1.1756344691775353,9.852762506401296,0.017591103385915928,-0.005968877827376602,-0.11453723216212788,-30.990157905635268,-66.02095396905281,-84.0625
1773079185.4233255,48.86251729245366,-0.033708268040302886,-7.318066596345,0.5563841816186064,1.104989733024054,9.831767746906928,-0.002103569899227223,0.00057848151503094,-0.12762720155208535,-30.990157905635268,-66.02095396905281,-84.0625
1773079185.4363513,48.73659085601338,-0.039539820837501544,-7.308180079386988,0.49895987646182516,1.1024059818629928,9.791035075331703,0.001893213738330686,-0.009571242626970773,-0.10253809355466686,-30.990157905635268,-66.02095396905281,-84.0625
1773079185.4550295,48.73659085601338,-0.039539820837501544,-7.308180079386988,0.49895987646182516,1.1024059818629928,9.791035075331703,0.001893213738330686,-0.009571242626970773,-0.10253809355466686,-30.990157905635268,-66.02095396905281,-84.0625
1773079185.469307,48.554061388099825,-0.043014985239889586,-7.294702783043172,0.4607446428515069,1.1006865243276982,9.7906888310707,-0.00115696303006188,-0.004207139798454446,-0.11126473981463851,-30.90729653229125,-65.71963977621162,-82.875
1773079185.4837449,48.44060442522371,-0.03464584149608185,-7.293477562298573,0.49014420386854024,1.0844636226224238,9.800493744504761,-0.03712799504242843,-0.1391248541065122,-0.10690141668465268,-30.90729653229125,-65.71963977621162,-82.875
1773079185.4980881,48.44060442522371,-0.03464584149608185,-7.293477562298573,0.49014420386854024,1.0844636226224238,9.800493744504761,-0.03712799504242843,-0.1391248541065122,-0.10690141668465268,-30.90729653229125,-65.71963977621162,-82.875
1773079185.511803,48.293130253041376,-0.040348534889270204,-7.299429471872077,0.5141441721116828,1.0897943369041232,9.80701880486707,-0.0012621411105101486,-0.008703520354424362,-0.12217304763960307,-30.90729653229125,-65.71963977621162,-82.875
1773079185.527522,48.151821545908405,-0.049360813156076745,-7.299200168442871,0.5054417673453279,1.0793114852978722,9.79129048940457,0.0010517849496136115,-0.00028924075751547,-0.13962634015954636,-31.752482777898727,-66.20023597910543,-82.875
1773079185.5400147,48.035207800560585,-0.049431407611327194,-7.31089302868664,0.49215141230586196,1.1333754810688983,9.780823471161073,0.00678401313226434,-0.004128255201835513,-0.09490227807719166,-31.752482777898727,-66.20023597910543,-82.875
1773079185.5566983,48.035207800560585,-0.049431407611327194,-7.31089302868664,0.49215141230586196,1.1333754810688983,9.780823471161073,0.00678401313226434,-0.004128255201835513,-0.09490227807719166,-31.752482777898727,-66.20023597910543,-82.875
1773079185.5715835,47.918762615920976,-0.05229186866739322,-7.291494056885172,0.46024540772529593,1.08549472076677,9.783893122566237,-0.02947627207301046,-0.004338615507862975,-0.11344640137963143,-31.752482777898727,-66.20023597910543,-82.875
1773079185.5859873,47.82121254640977,-0.048867296637111736,-7.293882080803672,0.45392967826327957,1.0321818689428621,9.785935941286121,-0.006994369293160877,-0.00486450591010432,-0.08617563181722002,-30.263990831512157,-64.79460516856436,-81.75
1773079185.5994298,47.82121254640977,-0.048867296637111736,-7.293882080803672,0.45392967826327957,1.0321818689428621,9.785935941286121,-0.006994369293160877,-0.00486450591010432,-0.08617563181722002,-30.263990831512157,-64.79460516856436,-81.75
1773079185.617119,47.68952083691054,-0.05726041642194832,-7.293756700941222,0.4529520056866032,0.9958157838374436,9.804020972861021,0.0016302664646445516,0.001814329141711753,-0.1308996938995747,-30.263990831512157,-64.79460516856436,-81.75
1773079185.630795,47.54531391564734,-0.0568189836586633,-7.296380259513013,0.46915395295164736,1.0328966821860948,9.762534572033967,0.0013410257071290814,0.0007625441920981415,-0.12217304763960307,-30.263990831512157,-64.79460516856436,-81.75
1773079185.6436946,47.54531391564734,-0.0568189836586633,-7.296380259513013,0.46915395295164736,1.0328966821860948,9.762534572033967,0.0013410257071290814,0.0007625441920981415,-0.12217304763960307,-30.263990831512157,-64.79460516856436,-81.75
1773079185.6611023,47.363554577471824,-0.07205397366829364,-7.290107400832036,0.48912848168253165,1.1036158311821767,9.734925835717025,-0.0010780784334429468,-0.012148115960780666,-0.11671889372712078,-29.90844006020969,-65.15166244551894,-80.5625
1773079185.6748643,47.240619140007794,-0.06661439414376805,-7.298376986450987,0.5024213074228291,1.1506786348544127,9.716552530107892,-0.007862091565707286,-0.008019860758945153,-0.10362892433716332,-29.90844006020969,-65.15166244551894,-80.5625
1773079185.6874325,47.240619140007794,-0.06661439414376805,-7.298376986450987,0.5024213074228291,1.1506786348544127,9.716552530107892,-0.007862091565707286,-0.008019860758945153,-0.10362892433716332,-29.90844006020969,-65.15166244551894,-80.5625
1773079185.703042,47.17913746191428,-0.045287001871558076,-7.299116064016418,0.5177182841203534,1.1802244494519527,9.73777641754148,-0.005968877827376602,-0.017591103385915928,-0.11126473981463851,-29.90844006020969,-65.15166244551894,-80.5625
1773079185.7182574,46.973509046390674,-0.02479455376388208,-7.286988901742988,0.5213668707010757,1.163520758139335,9.795387129737328,-0.011779990606646263,-0.005811112779269662,-0.1189005552921137,-30.048551260817714,-64.01118826717725,-81.375
1773079185.7310581,46.835167722750526,-0.02274233320936017,-7.304985812788037,0.5344386974353768,1.191109136110942,9.79023996295469,0.01461981121414229,-0.008545751161186495,-0.12435470920459599,-30.048551260817714,-64.01118826717725,-81.375
1773079185.7463346,46.835167722750526,-0.02274233320936017,-7.304985812788037,0.5344386974353768,1.191109136110942,9.79023996295469,0.01461981121414229,-0.008545751161186495,-0.12435470920459599,-30.048551260817714,-64.01118826717725,-81.375
1773079185.7643774,46.713453503771554,-0.03651639815384301,-7.308572249767287,0.5163672448380953,1.1751992843218977,9.766743910714549,-0.008808698434872631,-0.0032342394454597675,-0.12217304763960307,-30.048551260817714,-64.01118826717725,-81.375
1773079185.7784133,46.605083252602505,-0.014588149819182923,-7.315633047503445,0.5087757838068793,1.1807383298258516,9.751107550416837,-0.0028924075751547,-0.010517849496136114,-0.0916297857297023,-30.509561940239973,-64.27333165057387,-78.5625
1773079185.792028,46.47524098142674,0.004760752861509172,-7.307479570101871,0.5000952093769391,1.133382947018367,9.744046839015617,-0.009939367981105174,0.004995977474381923,-0.12544553998709243,-30.509561940239973,-64.27333165057387,-78.5625
1773079185.808577,46.47524098142674,0.004760752861509172,-7.307479570101871,0.5000952093769391,1.133382947018367,9.744046839015617,-0.009939367981105174,0.004995977474381923,-0.12544553998709243,-30.509561940239973,-64.27333165057387,-78.5625
1773079185.8224678,46.35997138948486,-0.015806680373543817,-7.298841537632358,0.49488282561060515,1.0913053665071648,9.766108908109976,0.00707325388977981,-0.0030764702522219013,-0.09381144729469522,-30.509561940239973,-64.27333165057387,-78.5625
1773079185.835151,46.23126971753586,-0.01440732933140614,-7.301450875191245,0.49463941726922644,1.0624162289541477,9.760720298398894,0.008598342273976094,-0.005758521666480065,-0.09926560120717749,-29.480573930125036,-65.0100447392588,-77.75
1773079185.8480856,46.23126971753586,-0.01440732933140614,-7.301450875191245,0.49463941726922644,1.0624162289541477,9.760720298398894,0.008598342273976094,-0.005758521666480065,-0.09926560120717749,-29.480573930125036,-65.0100447392588,-77.75
1773079185.8616729,46.10978020472376,-0.03176480047801775,-7.298974594299054,0.4912520569081136,1.0440778083856106,9.757134238830885,0.00057848151503094,0.002103569899227223,-0.1265363707695889,-29.480573930125036,-65.0100447392588,-77.75
1773079185.8745873,46.063080083525065,-0.03474445297629425,-7.299178019355879,0.5214934473421481,1.1374241859468097,9.754747756247284,0.003917899040938976,-0.0022087479796754914,-0.07853981633974483,-29.480573930125036,-65.0100447392588,-77.75
1773079185.88751,46.063080083525065,-0.03474445297629425,-7.299178019355879,0.5214934473421481,1.1374241859468097,9.754747756247284,0.003917899040938976,-0.0022087479796754914,-0.07853981633974483,-29.480573930125036,-65.0100447392588,-77.75
1773079185.9015408,45.97098445067203,-0.022740999884889018,-7.3289846792714215,0.5294429715516086,1.1300383305375892,9.789955807527168,-0.01054414297996545,-0.009544949143141437,-0.09381144729469522,-29.51070546815841,-63.70535431988119,-76.1875
1773079185.9149816,45.84757712307707,-0.010086538384566985,-7.308687979717879,0.5411840407689499,1.1233491707477952,9.813386372354229,-0.006126647020614467,-0.0017091510612634849,-0.10799224746714914,-29.51070546815841,-63.70535431988119,-76.1875
1773079185.9284272,45.74121003360687,-0.019351320363713637,-7.318113059351151,0.5522229660057284,1.1180106318703136,9.828979151510078,0.007625441920981414,-0.013410257071290815,-0.10799224746714914,-29.51070546815841,-63.70535431988119,-76.1875
1773079185.942413,45.74121003360687,-0.019351320363713637,-7.318113059351151,0.5522229660057284,1.1180106318703136,9.828979151510078,0.007625441920981414,-0.013410257071290815,-0.10799224746714914,-29.51070546815841,-63.70535431988119,-76.1875
1773079185.9564989,45.59753366531107,-0.02854026122127147,-7.318318534424794,0.5448131617265576,1.07341499886625,9.809249966489665,-0.004785621313485386,-0.000946606869165343,-0.12326387842209953,-28.3039421911415,-63.3241917650002,-75.5
1773079185.9696403,45.48152041645825,-0.03701397957813938,-7.30241901573433,0.5533479479046822,1.1683978385010774,9.739253515223588,0.00447008707214058,-0.012542534798744405,-0.10035643198967395,-28.3039421911415,-63.3241917650002,-75.5
1773079185.9827478,45.358659965590924,-0.03276020620606246,-7.295241117231702,0.544836108603465,1.1800018599866198,9.692671658817607,-0.013909853989702823,-0.01766998798253486,-0.10144726277217041,-28.3039421911415,-63.3241917650002,-75.5
1773079185.9984746,45.358659965590924,-0.03276020620606246,-7.295241117231702,0.544836108603465,1.1800018599866198,9.692671658817607,-0.013909853989702823,-0.01766998798253486,-0.10144726277217041,-28.3039421911415,-63.3241917650002,-75.5
1773079186.012569,45.2383321359065,-0.012693566725599126,-7.287438169314106,0.5423969494609546,1.1868372288996505,9.711848629342649,-0.00021035616089653698,-0.008992761111939833,-0.11344640137963143,-27.82183948259558,-63.45676996235063,-75.75
1773079186.0250869,45.10486989591774,0.007560310283199978,-7.2947093468954485,0.5472244659567563,1.1896121350348297,9.737991135835545,-0.0021561568668858936,-0.024296231921561332,-0.1090830782496456,-27.82183948259558,-63.45676996235063,-75.75
1773079186.0380554,45.10486989591774,0.007560310283199978,-7.2947093468954485,0.5472244659567563,1.1896121350348297,9.737991135835545,-0.0021561568668858936,-0.024296231921561332,-0.1090830782496456,-27.82183948259558,-63.45676996235063,-75.75
1773079186.0542023,45.02676613207386,0.006107304317725157,-7.301062646430824,0.5353585023346844,1.1366274319774892,9.755388681875635,-0.002971292171773633,-0.0025768733338098946,-0.13853550937704992,-27.82183948259558,-63.45676996235063,-75.75
1773079186.0711405,44.82206913202517,0.012203678746198529,-7.305954261062807,0.5225431366214556,1.1339429884722538,9.690028985153646,-0.00318164833267017,-0.011569634445749726,-0.11453723216212788,-27.72240583458276,-63.09519293094119,-74.6875
1773079186.08617,44.76480226588036,0.02418938773775241,-7.305026476391302,0.49313035473875827,1.106676058886684,9.646532837100814,-0.008650929241634766,-0.01911619177011221,-0.10690141668465268,-27.72240583458276,-63.09519293094119,-74.6875
1773079186.1023662,44.57489800665633,0.04405664392271154,-7.262233559225031,0.46468669935628104,1.0562764735493015,9.684488870601852,-0.01830105646522447,-0.013068429346116675,-0.11126473981463851,-27.72240583458276,-63.09519293094119,-74.6875
1773079186.1280632,44.57489800665633,0.04405664392271154,-7.262233559225031,0.46468669935628104,1.0562764735493015,9.684488870601852,-0.01830105646522447,-0.013068429346116675,-0.11126473981463851,-27.72240583458276,-63.09519293094119,-74.6875
1773079186.1415164,44.380964866964426,0.03174929640723245,-7.262226961700857,0.4844622623833881,1.012092379385318,9.709748186900118,-0.00010517808044826849,-0.004496380555969916,-0.11780972450961724,-27.039929324359083,-61.79200901721569,-75.5625
1773079186.1587296,44.24776777215086,0.007651713843563858,-7.263432596146972,0.5189101449148406,1.0600973541832512,9.706487309487645,-0.00028924075751547,-0.0010517849496136115,-0.11344640137963143,-27.039929324359083,-61.79200901721569,-75.5625
1773079186.17356,44.24776777215086,0.007651713843563858,-7.263432596146972,0.5189101449148406,1.0600973541832512,9.706487309487645,-0.00028924075751547,-0.0010517849496136115,-0.11344640137963143,-27.039929324359083,-61.79200901721569,-75.5625
1773079186.1901133,44.126077029991585,-0.006156423870023038,-7.266740429378456,0.5457052731839612,1.1187341050525526,9.704317231996033,-0.011779990606646263,-0.005811112779269662,-0.11453723216212788,-27.039929324359083,-61.79200901721569,-75.5625
1773079186.2064867,43.997777265412125,-0.0116860530715233,-7.257259449199126,0.5564413096443905,1.1319532091088493,9.736324186739912,-0.01141186525251186,-0.012700303991982272,-0.11235557059713497,-27.702820548609722,-61.609713995858854,-73.875
1773079186.220172,43.997777265412125,-0.0116860530715233,-7.257259449199126,0.5564413096443905,1.1319532091088493,9.736324186739912,-0.01141186525251186,-0.012700303991982272,-0.11235557059713497,-27.702820548609722,-61.609713995858854,-73.875
1773079186.244191,43.79596838696243,0.004179720716445838,-7.265184706541146,0.5730202411296864,1.1624410212338854,9.757624457580853,-0.023533687729463192,0.0008151311597568127,-0.12326387842209953,-27.702820548609722,-61.609713995858854,-73.875
1773079186.2596016,43.59657135877792,-0.018029389190511814,-7.262604334938398,0.5760705349926916,1.153701946171148,9.781834885007841,-0.0027872294947064316,-0.0060214689401661995,-0.1189005552921137,-27.702820548609722,-61.609713995858854,-73.875
1773079186.2724051,43.52127561352817,-0.022806780768471046,-7.262238130943354,0.5481851202635499,1.1526436143514465,9.811327100841584,-0.0024979887371909615,-0.004969683990552588,-0.13853550937704992,-26.618089454381405,-61.90801493989731,-72.375
1773079186.2879333,43.52127561352817,-0.022806780768471046,-7.262238130943354,0.5481851202635499,1.1526436143514465,9.811327100841584,-0.0024979887371909615,-0.004969683990552588,-0.13853550937704992,-26.618089454381405,-61.90801493989731,-72.375
1773079186.301234,43.346590877163074,-0.037329157846256074,-7.256265437822724,0.5260797772210615,1.1390378070318772,9.830953841029304,-0.004207139798454446,0.00115696303006188,-0.09817477042468103,-26.618089454381405,-61.90801493989731,-72.375
1773079186.3148208,43.227570078815496,-0.03876539346132355,-7.252971896861146,0.5113689183591469,1.1299832942475305,9.813909212013302,-0.0013673191909584174,-0.01319990091039428,-0.08726646259971647,-26.618089454381405,-61.90801493989731,-72.375
1773079186.3280327,43.227570078815496,-0.03876539346132355,-7.252971896861146,0.5113689183591469,1.1299832942475305,9.813909212013302,-0.0013673191909584174,-0.01319990091039428,-0.08726646259971647,-26.618089454381405,-61.90801493989731,-72.375
1773079186.3416622,43.15229217524914,-0.04353419203775683,-7.252577180576874,0.5343165650806673,1.0663846808868553,9.802566201804135,-0.007862091565707286,-0.008019860758945153,-0.13744467859455345,-26.06216488140118,-60.82931010577597,-72.25
1773079186.3556426,43.15229217524914,-0.04353419203775683,-7.252577180576874,0.5343165650806673,1.0663846808868553,9.802566201804135,-0.007862091565707286,-0.008019860758945153,-0.13744467859455345,-26.06216488140118,-60.82931010577597,-72.25
1773079186.3739884,42.978769456482866,-0.022510685542095454,-7.267176596898908,0.5965977889216032,1.1950053800740457,9.835158895707494,0.005837406263098997,0.0006573661116498731,-0.09272061651219876,-26.06216488140118,-60.82931010577597,-72.25
1773079186.3888378,42.841349372154355,-0.03464570197754731,-7.260844110637983,0.5394294291075207,1.1238477968230611,9.856848969415932,-0.010623027576584385,-0.0016039729808152163,-0.12435470920459599,-26.06216488140118,-60.82931010577597,-72.25
1773079186.4040213,42.728418267615965,-0.03568407836923372,-7.257334081576929,0.5141247491180164,1.1354369447335475,9.86793835946758,0.0038916055571096403,-0.014646104697971628,-0.08726646259971647,-26.459899710950967,-59.68280966732729,-71.5625
1773079186.418188,42.61866045689451,-0.033118982730723195,-7.260315399339206,0.4972847672567983,1.1431493932087113,9.80841599052396,-0.007967269646155557,-0.01251624131491507,-0.11235557059713497,-26.459899710950967,-59.68280966732729,-71.5625
1773079186.4333177,42.61866045689451,-0.033118982730723195,-7.260315399339206,0.4972847672567983,1.1431493932087113,9.80841599052396,-0.007967269646155557,-0.01251624131491507,-0.11235557059713497,-26.459899710950967,-59.68280966732729,-71.5625
1773079186.4472466,42.47870983282955,-0.005193668161543973,-7.23978251586551,0.5376839447066757,1.1340902973522877,9.768804518900408,-0.0070995473736091465,-0.009360886466074235,-0.12326387842209953,-26.459899710950967,-59.68280966732729,-71.5625
1773079186.4610744,42.33946373125439,0.011802354968714564,-7.257247044006197,0.5698910125722939,1.1474138192304173,9.742443527024065,0.00197209833494962,-0.017512218789296992,-0.13526301702956053,-25.158222302877583,-61.077894225808016,-71.5
1773079186.4744937,42.33946373125439,0.011802354968714564,-7.257247044006197,0.5698910125722939,1.1474138192304173,9.742443527024065,0.00197209833494962,-0.017512218789296992,-0.13526301702956053,-25.158222302877583,-61.077894225808016,-71.5
1773079186.4883664,42.17936932625911,0.013934647719710055,-7.250537240727294,0.5718915766113885,1.123462284368653,9.704829911158017,-0.017617396869745262,-0.006468478890919535,-0.13962634015954636,-25.158222302877583,-61.077894225808016,-71.5
1773079186.5022554,42.0445199913727,0.014904106509957592,-7.253443186442558,0.5240359603119412,1.1557421534473906,9.673108246556144,0.004075668234176843,-0.018090700304327932,-0.1090830782496456,-25.158222302877583,-61.077894225808016,-71.5
1773079186.515318,42.0445199913727,0.014904106509957592,-7.253443186442558,0.5240359603119412,1.1557421534473906,9.673108246556144,0.004075668234176843,-0.018090700304327932,-0.1090830782496456,-25.158222302877583,-61.077894225808016,-71.5
1773079186.529814,41.9177624007641,0.03819184845948225,-7.252613117506963,0.4921885822469206,1.177224045729526,9.658688056532448,-0.01667079000057992,-0.011254100204404921,-0.12326387842209953,-26.057645364444834,-58.69148596100482,-71.5
1773079186.543864,41.77900202485558,0.04785957260223576,-7.242355140304466,0.5032482561929194,1.1826502274729827,9.695923145058226,-0.008729813838253697,-0.011175215607785989,-0.2650718801466388,-26.057645364444834,-58.69148596100482,-71.5
1773079186.5585575,41.6449180620373,0.03656131528997343,-7.251967605144833,0.5356049974060463,1.2140801502976561,9.757498909309453,0.014514633133694025,-0.013042131717156413,-0.13199052468207118,-26.057645364444834,-58.69148596100482,-71.5
1773079186.5731575,41.6449180620373,0.03656131528997343,-7.251967605144833,0.5356049974060463,1.2140801502976561,9.757498909309453,0.014514633133694025,-0.013042131717156413,-0.13199052468207118,-26.057645364444834,-58.69148596100482,-71.5
1773079186.5914338,41.4950937591033,0.026555823288267236,-7.236527445227505,0.5145631147460474,1.080178421051449,9.78509644574301,-0.008992761111939833,0.00021035616089653712,-0.14508049407202864,-25.033177108784756,-58.97321463037448,-69.875
1773079186.6096737,41.300654071890364,0.02375427123141174,-7.238992304511937,0.5663576056042499,1.1672544176400814,9.80346229795486,0.004733034345826714,-0.02392810656742693,-0.11671889372712078,-25.033177108784756,-58.97321463037448,-69.875
1773079186.6286426,41.18142918128487,0.02523564209134813,-7.226283228747327,0.4898733843671639,1.0614341076881222,9.815684567441835,-0.0070995473736091465,-0.009360886466074235,-0.10362892433716332,-25.033177108784756,-58.97321463037448,-69.875
1773079186.6491954,41.02172607856641,0.021327075982447874,-7.222912660239873,0.490338068734208,1.139943557186666,9.800402569302484,-0.0028924075751547,-0.010517849496136114,-0.08944812416470939,-25.033177108784756,-58.97321463037448,-69.0625
1773079186.6894436,40.92829426793787,0.012557988341078491,-7.23254153063017,0.46419923993428786,1.171709586749241,9.79023257025185,0.014172801263388955,0.0062844162138523335,-0.07635815477475191,-25.033177108784756,-58.97321463037448,-69.0625
1773079186.702737,40.92829426793787,0.012557988341078491,-7.23254153063017,0.46419923993428786,1.171709586749241,9.79023257025185,0.014172801263388955,0.0062844162138523335,-0.07635815477475191,-25.033177108784756,-58.97321463037448,-69.0625
1773079186.7194455,40.84905675576794,0.02694083502413218,-7.2540210510061005,0.47325221241311416,1.2133306566440247,9.783464549489988,-0.005574458989412863,-0.012042937880332399,-0.07417649320975901,-25.033177108784756,-58.97321463037448,-69.0625
1773079186.7324138,40.72017333643302,0.031140503046746128,-7.2473015756746335,0.530237789309513,1.1992604154060715,9.70202293800837,-0.016460433839683382,-0.0022613390924650896,-0.07090400086226964,-25.696068333035395,-58.79091960901764,-68.75
1773079186.7481506,40.61056374927342,0.030387808163283528,-7.2442275563139376,0.5912224759282577,1.2737565725904485,9.647824455329761,0.006284416213852334,-0.014172801263388955,-0.08617563181722002,-25.696068333035395,-58.79091960901764,-68.75
1773079186.7620182,40.61056374927342,0.030387808163283528,-7.2442275563139376,0.5912224759282577,1.2737565725904485,9.647824455329761,0.006284416213852334,-0.014172801263388955,-0.08617563181722002,-25.696068333035395,-58.79091960901764,-68.75
1773079186.775304,40.48171394519308,0.03424117691005255,-7.2219173751942884,0.5593974507947415,1.2114124226412242,9.72214465688541,-0.014724989294590561,0.00404937060521658,-0.11453723216212788,-25.696068333035395,-58.79091960901764,-68.75
1773079186.7891135,40.388271269757816,0.025427705136770618,-7.23151543160679,0.5562803434926625,1.2482190609353792,9.771603920809644,0.016539318436302314,-0.005679637069861132,-0.09381144729469522,-24.70173161540869,-57.76795785900968,-69.0625
1773079186.8016534,40.388271269757816,0.025427705136770618,-7.23151543160679,0.5562803434926625,1.2482190609353792,9.771603920809644,0.016539318436302314,-0.005679637069861132,-0.09381144729469522,-24.70173161540869,-57.76795785900968,-69.0625
1773079186.8142214,40.254004205670775,0.01694323211394985,-7.2315330609628505,0.5348536944296511,1.278035334124156,9.76772227967453,0.005127453183790455,-0.018379941061843402,-0.10799224746714914,-24.70173161540869,-57.76795785900968,-69.0625
1773079186.8264894,40.16714763301676,0.0019884130002687265,-7.228541283815085,0.52059449882957,1.2978777308616916,9.765139090859883,-0.010149724142001713,-0.0039967836375579095,-0.09490227807719166,-24.70173161540869,-57.76795785900968,-69.0625
1773079186.8394544,40.16714763301676,0.0019884130002687265,-7.228541283815085,0.52059449882957,1.2978777308616916,9.765139090859883,-0.010149724142001713,-0.0039967836375579095,-0.09490227807719166,-24.70173161540869,-57.76795785900968,-69.0625
1773079186.8564928,40.07030118825532,0.04676709775214434,-7.265104638308742,0.5463423812254308,1.3256774481975895,9.763420007559846,0.005127453183790455,-0.018379941061843402,-0.06872233929727672,-23.3337653461586,-56.329182499131015,-69.0625
1773079186.8694508,39.93564823859461,0.04442587877115767,-7.261883857993934,0.5200153990881472,1.1861344829216802,9.802417317314923,-0.006705128535645407,-0.0038127209604907073,-0.10581058590215622,-23.3337653461586,-56.329182499131015,-69.0625
1773079186.8818374,39.93564823859461,0.04442587877115767,-7.261883857993934,0.5200153990881472,1.1861344829216802,9.802417317314923,-0.006705128535645407,-0.0038127209604907073,-0.10581058590215622,-23.3337653461586,-56.329182499131015,-69.0625
1773079186.8967602,39.889016961686465,0.03850870949498465,-7.271378491647867,0.5624064071731183,1.2606671532225417,9.828369591328434,0.013173607426564942,-0.013804675909254552,-0.09490227807719166,-23.3337653461586,-56.329182499131015,-69.0625
1773079186.9115613,39.7221629313515,0.049788601432043535,-7.267920420752226,0.5233681014912718,1.1414194385197585,9.88243676855904,-0.014961638939316435,-0.01738074722501939,-0.09599310885968812,-22.77030776992078,-56.87305455189729,-68.75
1773079186.925125,39.66915613515852,0.04642378413394056,-7.26819800995541,0.5264169186072232,1.0540786166276517,9.918417871036066,0.002760936010877096,-0.0064158877781299375,-0.09817477042468103,-22.77030776992078,-56.87305455189729,-68.75
1773079186.9379854,39.66915613515852,0.04642378413394056,-7.26819800995541,0.5264169186072232,1.0540786166276517,9.918417871036066,0.002760936010877096,-0.0064158877781299375,-0.09817477042468103,-22.77030776992078,-56.87305455189729,-68.75
1773079186.955581,39.581112002884666,0.05028266895754817,-7.2710958421607845,0.5284458723403701,0.995954275319363,9.86877043523825,-0.0020509787864376253,-0.01979985136559142,-0.08399397025222712,-22.77030776992078,-56.87305455189729,-68.75
1773079186.9691973,39.41285837962427,0.03291412639756211,-7.242729961395772,0.5448747403080162,1.0121045475627022,9.835730621313,-0.011385571768682524,-0.0002629472736861348,-0.10253809355466686,-23.43319899417142,-56.690759530540454,-67.5625
1773079186.9826665,39.41285837962427,0.03291412639756211,-7.242729961395772,0.5448747403080162,1.0121045475627022,9.835730621313,-0.011385571768682524,-0.0002629472736861348,-0.10253809355466686,-23.43319899417142,-56.690759530540454,-67.5625
1773079186.9988348,39.306616746648636,0.029410831690851243,-7.249447150550276,0.5774986017492983,1.152189902701033,9.81374299422465,0.004680443233037117,-0.003549773686804573,-0.08399397025222712,-23.43319899417142,-56.690759530540454,-67.5625
1773079187.0132122,39.18738254751602,0.031102262225800467,-7.236771136993707,0.5517157851429695,1.1231734344003663,9.842596926210394,-0.0022087479796754914,-0.003917899040938976,-0.11126473981463851,-23.43319899417142,-56.690759530540454,-67.5625
1773079187.026045,39.147360604962,0.019130996762841745,-7.233608296348197,0.4922245688408521,1.0634654762885016,9.811622220017576,0.0073624946472952806,-0.00202468530260829,-0.08072147790473774,-24.117182247545717,-56.11374292843657,-67.5
1773079187.0385933,39.147360604962,0.019130996762841745,-7.233608296348197,0.4922245688408521,1.0634654762885016,9.811622220017576,0.0073624946472952806,-0.00202468530260829,-0.08072147790473774,-24.117182247545717,-56.11374292843657,-67.5
1773079187.0530536,39.069514372646665,0.011184536126108462,-7.2430780912951755,0.4526338289522231,1.0237304971466503,9.791008899056395,0.00475932782965605,-0.011490749849130793,-0.07417649320975901,-24.117182247545717,-56.11374292843657,-67.5
1773079187.067084,38.991299634356615,0.0090974295551376,-7.21813323112508,0.4230612589849083,0.9981742901567332,9.777290964222612,-0.010228608738620644,0.003944192524768311,-0.06326818538479445,-24.117182247545717,-56.11374292843657,-67.5
1773079187.0794113,38.933879014744974,0.02450504090253568,-7.239634814129614,0.43402209853849927,1.0421265054252369,9.768161831830103,0.015487533486688701,-0.005390396312345661,-0.06326818538479445,-24.117182247545717,-56.11374292843657,-66.75
1773079187.0941327,38.933879014744974,0.02450504090253568,-7.239634814129614,0.43402209853849927,1.0421265054252369,9.768161831830103,0.015487533486688701,-0.005390396312345661,-0.06326818538479445,-24.117182247545717,-56.11374292843657,-66.75
1773079187.107482,38.83984289725209,0.024794526396863154,-7.236530414192724,0.46453911104716233,1.0927443235388865,9.80891806010445,-0.01193775979988413,0.01007083954538278,-0.09053895494720585,-24.117182247545717,-56.11374292843657,-66.75
1773079187.1207511,38.76200683677481,0.016683543913213972,-7.230375050012172,0.48484784197431124,1.1264299160554427,9.779173975719697,-0.015382355406240434,0.009886776868315577,-0.06217735460229799,-24.117182247545717,-56.11374292843657,-66.75
1773079187.1336756,38.76200683677481,0.016683543913213972,-7.230375050012172,0.48484784197431124,1.1264299160554427,9.779173975719697,-0.015382355406240434,0.009886776868315577,-0.06217735460229799,-24.117182247545717,-56.11374292843657,-66.75
1773079187.146631,38.68299315208235,0.02723465057871814,-7.214691894593918,0.49836307554293974,1.148847301582487,9.779450290068754,-0.011043739898377458,-0.01958949520469488,-0.05345070834232634,-24.481772527757897,-54.84671681285141,-74.375
1773079187.159139,38.58558369165942,0.030517109190071296,-7.217419280927615,0.49131108194938655,1.0675690179113115,9.779634174181417,-0.01054414297996545,-0.009544949143141437,-0.08508480103472356,-24.481772527757897,-54.84671681285141,-74.375
1773079187.171479,38.58558369165942,0.030517109190071296,-7.217419280927615,0.49131108194938655,1.0675690179113115,9.779634174181417,-0.01054414297996545,-0.009544949143141437,-0.08508480103472356,-24.481772527757897,-54.84671681285141,-74.375
1773079187.1871817,38.53836953408102,0.03378593781044273,-7.21428780247608,0.5520125206171402,1.1377367962123655,9.853349004565302,0.0013147322232997462,-0.011674812526197995,-0.07963064712224129,-24.481772527757897,-54.84671681285141,-74.375
1773079187.2013247,38.35986458032538,0.03195263027827656,-7.217668689862505,0.5799909613284489,1.1392774212406291,9.902405400737168,-0.009387179949903571,-0.0053378093446869905,-0.1189005552921137,-24.481772527757897,-54.84671681285141,-66.0
1773079187.213908,38.35986458032538,0.03195263027827656,-7.217668689862505,0.5799909613284489,1.1392774212406291,9.902405400737168,-0.009387179949903571,-0.0053378093446869905,-0.1189005552921137,-24.481772527757897,-54.84671681285141,-66.0
1773079187.2280447,38.244167568273404,0.02788453405072891,-7.239767854842554,0.5760326772793408,1.1465115343083205,9.871494761954624,0.01874806641597781,-0.0017617380289221556,-0.10362892433716332,-24.481772527757897,-54.84671681285141,-66.0
1773079187.2419448,38.18716981384231,0.03685011812689841,-7.248915316599262,0.5393707796514737,1.153744783688426,9.790712066407552,0.004627856265378445,-0.028424487123396847,-0.10362892433716332,-24.481772527757897,-54.84671681285141,-66.0
1773079187.2551394,38.18716981384231,0.03685011812689841,-7.248915316599262,0.5393707796514737,1.153744783688426,9.790712066407552,0.004627856265378445,-0.028424487123396847,-0.10362892433716332,-24.481772527757897,-54.84671681285141,-66.0
1773079187.272259,38.02990780685371,0.045670980731312406,-7.239579655177025,0.5069898964786992,1.1295300568894244,9.736952084922814,-0.010728205657032652,-0.006100353536785132,-0.09708393964218458,-23.336778594961338,-55.161590031558674,-66.0
1773079187.2906818,37.93467592297863,0.06472477044129339,-7.2427092167229565,0.5127758292608915,1.1371219336005762,9.811564104124601,0.004654149749207782,-0.015987130405100712,-0.06872233929727672,-23.336778594961338,-55.161590031558674,-66.0
1773079187.3069382,37.81040344557781,0.04745568395291778,-7.239666259150702,0.5017895863078595,1.0629912913292672,9.861217569432526,0.002103569899227223,-0.00057848151503094,-0.10799224746714914,-23.336778594961338,-55.161590031558674,-66.0
1773079187.3220947,37.69137614699028,0.046177428564672746,-7.267611275288486,0.5326184080349219,1.1523492946371552,9.864155390563523,0.01977355788176208,-0.014488335504733761,-0.10362892433716332,-23.038477650922882,-54.07685893733036,-64.875
1773079187.334672,37.69137614699028,0.046177428564672746,-7.267611275288486,0.5326184080349219,1.1523492946371552,9.864155390563523,0.01977355788176208,-0.014488335504733761,-0.10362892433716332,-23.038477650922882,-54.07685893733036,-64.875
1773079187.3501763,37.560464564236774,0.03471455160338701,-7.277207618673435,0.5451518446721186,1.1827876741834813,9.836004472342715,0.010780796769822252,-0.014277979343837226,-0.11344640137963143,-23.038477650922882,-54.07685893733036,-64.875
1773079187.362882,37.46056744117849,0.02836269256481146,-7.277420131210961,0.5276897081147147,1.210139897834058,9.780474121952615,0.008887583031491564,-0.004706736716866453,-0.0818123086872342,-23.038477650922882,-54.07685893733036,-64.875
1773079187.3758812,37.46056744117849,0.02836269256481146,-7.277420131210961,0.5276897081147147,1.210139897834058,9.780474121952615,0.008887583031491564,-0.004706736716866453,-0.0818123086872342,-23.038477650922882,-54.07685893733036,-64.875
1773079187.3894506,37.354386686791216,0.07173395324637548,-7.2836421746729405,0.516068851300609,1.2283424971291586,9.743519294082663,0.00197209833494962,-0.017512218789296992,-0.07635815477475191,-23.3006210343195,-53.6158482579081,-64.5
1773079187.4029446,37.205683502093486,0.09368749628514289,-7.2684307689456595,0.5386538319234667,1.1488554835653477,9.769102944557476,-0.01993132292986902,-0.014882758487828426,-0.13199052468207118,-23.3006210343195,-53.6158482579081,-64.5
1773079187.4153304,37.205683502093486,0.09368749628514289,-7.2684307689456595,0.5386538319234667,1.1488554835653477,9.769102944557476,-0.01993132292986902,-0.014882758487828426,-0.13199052468207118,-23.3006210343195,-53.6158482579081,-64.5
1773079187.4304821,37.080425220389735,0.0920179829627887,-7.265401698073763,0.5971457944862508,1.2540011305865117,9.786128578160364,-0.006047762423995535,-0.009650127223589705,-0.11671889372712078,-23.3006210343195,-53.6158482579081,-64.5
1773079187.4433236,36.945630897792405,0.09294769725994365,-7.252831881438965,0.584143021409736,1.185605802691111,9.797458947134295,-0.014277979343837224,-0.01078079676982225,-0.1189005552921137,-22.577466971500623,-53.81471555393374,-65.25
1773079187.4557714,36.945630897792405,0.09294769725994365,-7.252831881438965,0.584143021409736,1.185605802691111,9.797458947134295,-0.014277979343837224,-0.01078079676982225,-0.1189005552921137,-22.577466971500623,-53.81471555393374,-65.25
1773079187.471034,36.8523821445712,0.08074465596811589,-7.255933149405814,0.5894395600041002,1.216047052589382,9.774893175752059,0.0008414287887170748,-0.009282001869455303,-0.07744898555724837,-22.577466971500623,-53.81471555393374,-65.25
1773079187.4842653,36.75656006856922,0.10908726893392481,-7.262490572728706,0.5929643472724367,1.2363053643456388,9.759875906973363,-0.014961638939316435,-0.01738074722501939,-0.08290313946973066,-22.577466971500623,-53.81471555393374,-65.25
1773079187.497078,36.65467454560028,0.13411333039148501,-7.247417148256549,0.6307891769437826,1.240030289157229,9.803403869672135,-0.009097939192388101,-0.00428602439507338,-0.09381144729469522,-21.795556813264128,-52.1499546087988,-66.0
1773079187.5122328,36.65467454560028,0.13411333039148501,-7.247417148256549,0.6307891769437826,1.240030289157229,9.803403869672135,-0.009097939192388101,-0.00428602439507338,-0.09381144729469522,-21.795556813264128,-52.1499546087988,-66.0
1773079187.5266955,36.50634057628114,0.1495880443441006,-7.266687674267296,0.6577351340793991,1.2489599346671552,9.832371242608964,0.010701912173203315,-0.006337003181511005,-0.11126473981463851,-21.795556813264128,-52.1499546087988,-66.0
1773079187.5393188,36.43458528738998,0.14502665654163205,-7.266530660167303,0.6326086243849189,1.1487876808589332,9.78140135985796,0.00057848151503094,0.002103569899227223,-0.13853550937704992,-21.795556813264128,-52.1499546087988,-66.0
1773079187.5543122,36.43458528738998,0.14502665654163205,-7.266530660167303,0.6326086243849189,1.1487876808589332,9.78140135985796,0.00057848151503094,0.002103569899227223,-0.13853550937704992,-21.795556813264128,-52.1499546087988,-66.0
1773079187.5708723,36.30424558048773,0.12413752522104764,-7.272873053356034,0.5500895587268565,1.183481560367328,9.747481472258062,-0.0050748620710008565,-0.0019983918187789548,-0.06435901616729091,-22.93603099160583,-52.290065809406826,-63.6875
1773079187.5845904,36.21285436976504,0.13095462812258396,-7.267216644915498,0.4712256428047989,1.119484829241821,9.815226182067926,-0.010044546061553444,0.0004995969184120068,-0.08617563181722002,-22.93603099160583,-52.290065809406826,-63.6875
1773079187.5976515,36.21285436976504,0.13095462812258396,-7.267216644915498,0.4712256428047989,1.119484829241821,9.815226182067926,-0.010044546061553444,0.0004995969184120068,-0.08617563181722002,-22.93603099160583,-52.290065809406826,-63.6875
1773079187.6135912,36.12589775205391,0.11911567535176963,-7.27007147441213,0.5348560815694223,1.0449645202014848,9.860309529688397,0.009755305304037974,-0.0015513818680256183,-0.0719948316447661,-22.93603099160583,-52.290065809406826,-63.6875
1773079187.6271956,35.99535607015739,0.10147040197951132,-7.2670127572122185,0.5772014277687045,0.9953720869815375,9.860205988549955,-0.004969683990552587,0.0024979887371909615,-0.136353847812057,-22.720591420911386,-51.506648908019706,-64.5
1773079187.6413078,35.854905145273946,0.09254963616424967,-7.266989313823209,0.5692575870935682,0.9445486778673025,9.856791971371633,-0.0007625441920981415,0.0013410257071290814,-0.1189005552921137,-22.720591420911386,-51.506648908019706,-64.5
1773079187.6551728,35.854905145273946,0.09254963616424967,-7.266989313823209,0.5692575870935682,0.9445486778673025,9.856791971371633,-0.0007625441920981415,0.0013410257071290814,-0.1189005552921137,-22.720591420911386,-51.506648908019706,-64.5
1773079187.668369,35.73917644587497,0.08822493273708168,-7.273448986126682,0.558004085455458,1.1413405607524756,9.817723752296017,-0.01054414297996545,-0.009544949143141437,-0.10581058590215622,-22.720591420911386,-51.506648908019706,-64.5
1773079187.6810462,35.629537929581765,0.08787069636945771,-7.254794703418426,0.5141489176575844,1.1400629925152252,9.791724288921797,-0.02277114353736505,-0.0005258945473722696,-0.10362892433716332,-22.21287692878695,-52.488933105432466,-63.6875
1773079187.6943657,35.629537929581765,0.08787069636945771,-7.254794703418426,0.5141489176575844,1.1400629925152252,9.791724288921797,-0.02277114353736505,-0.0005258945473722696,-0.10362892433716332,-22.21287692878695,-52.488933105432466,-63.6875
1773079187.7092555,35.585133504487544,0.09440136300537032,-7.2584703762778116,0.5307641134115948,1.1543720506342918,9.757696377942693,0.009650127223589704,-0.006047762423995535,-0.08290313946973066,-22.21287692878695,-52.488933105432466,-63.6875
1773079187.7252662,35.4438995513565,0.09778568346659698,-7.268021602959818,0.5356124962606998,1.1413169451670555,9.771847412083284,-0.01141186525251186,-0.012700303991982272,-0.09053895494720585,-22.21287692878695,-52.488933105432466,-63.6875
1773079187.7391748,35.381482018588535,0.09382044877211562,-7.267992785124255,0.5452897905447435,1.1308549627933242,9.751158761860564,-0.0013410257071290814,-0.0007625441920981415,-0.11017390903214205,-21.098014534023765,-51.49911590476211,-64.0
1773079187.7533226,35.381482018588535,0.09382044877211562,-7.267992785124255,0.5452897905447435,1.1308549627933242,9.751158761860564,-0.0013410257071290814,-0.0007625441920981415,-0.11017390903214205,-21.098014534023765,-51.49911590476211,-64.0
1773079187.7689168,35.25905129263474,0.09503853491945712,-7.287250018314656,0.5356030476434408,1.128327519192529,9.73739069624471,0.013436554700251077,-0.02519024767793708,-0.10471975511965978,-21.098014534023765,-51.49911590476211,-64.0
1773079187.7817743,35.14211972787301,0.10959806121371692,-7.2847553342472136,0.48392074996988205,1.100923165952902,9.728228202376728,-0.01209552484799107,-0.01930025444717941,-0.09708393964218458,-21.098014534023765,-51.49911590476211,-64.0
1773079187.7942214,35.14211972787301,0.10959806121371692,-7.2847553342472136,0.48392074996988205,1.100923165952902,9.728228202376728,-0.01209552484799107,-0.01930025444717941,-0.09708393964218458,-21.098014534023765,-51.49911590476211,-64.0
1773079187.8087075,35.063304177701916,0.11725958136054315,-7.278765887002204,0.4867798241249677,1.2181516178155505,9.748891558717906,-0.007783206969088355,-0.015960836921271374,-0.06872233929727672,-21.840754120314188,-50.192918979732376,-63.25
1773079187.8215473,34.96257109303036,0.12353885339333047,-7.272975535641933,0.4608636719710908,1.0436189977072179,9.762642791538145,-0.0007888376759274769,-0.011096331011167054,-0.08726646259971647,-21.840754120314188,-50.192918979732376,-63.25
1773079187.8351278,34.87684052103189,0.1404960521725831,-7.254956439613494,0.5153813299149077,1.1505847934299105,9.768448971661359,0.006100353536785132,-0.010728205657032652,-0.07526732399225546,-21.840754120314188,-50.192918979732376,-63.25
1773079187.8479714,34.87684052103189,0.1404960521725831,-7.254956439613494,0.5153813299149077,1.1505847934299105,9.768448971661359,0.006100353536785132,-0.010728205657032652,-0.07526732399225546,-21.840754120314188,-50.192918979732376,-63.25
1773079187.8669794,34.72950511053073,0.14005776614723237,-7.274059791265707,0.526907475864316,1.1695988967851156,9.74555202601552,0.003234239445459767,-0.008808698434872631,-0.0916297857297023,-22.362027638304685,-50.43849008846019,-63.25
1773079187.8817375,34.650501780941006,0.15069849299386048,-7.2744446627778485,0.5216764979222617,1.1858004812072906,9.753730146415093,-0.003392004493566707,-0.02056239555768956,-0.08399397025222712,-22.362027638304685,-50.43849008846019,-63.25
1773079187.8947186,34.650501780941006,0.15069849299386048,-7.2744446627778485,0.5216764979222617,1.1858004812072906,9.753730146415093,-0.003392004493566707,-0.02056239555768956,-0.08399397025222712,-22.362027638304685,-50.43849008846019,-63.25
1773079187.908675,34.562791985860166,0.19803502283706717,-7.288568007669994,0.518195340535677,1.1965824546566914,9.759172594185417,-0.016775968081028186,-0.015750480760374837,-0.08835729338221293,-22.362027638304685,-50.43849008846019,-63.25
1773079187.9225712,34.45414054772868,0.2292570862695719,-7.271315177120346,0.5235389455232222,1.080225885408406,9.762794482380443,-0.008545751161186495,-0.01461981121414229,-0.09599310885968812,-22.541309648357288,-49.67616521619673,-62.875
1773079187.9348688,34.45414054772868,0.2292570862695719,-7.271315177120346,0.5235389455232222,1.080225885408406,9.762794482380443,-0.008545751161186495,-0.01461981121414229,-0.09599310885968812,-22.541309648357288,-49.67616521619673,-62.875
1773079187.9495296,34.406739752452935,0.23554964595576927,-7.274716894767349,0.5988596226502882,1.2259071931093903,9.76520480851509,-0.0009729003529946786,-0.007651735404810751,-0.08944812416470939,-22.541309648357288,-49.67616521619673,-62.875
1773079187.9623404,34.28980529394468,0.24966594481520685,-7.288074715838973,0.6002815459562184,1.1836009168232262,9.766808853632591,-0.0028135229785357673,-0.01845882565846234,-0.11453723216212788,-22.541309648357288,-49.67616521619673,-62.875
1773079187.9754934,34.18887184863276,0.2589013469712575,-7.288780932934946,0.6000989369355482,1.1765727670410726,9.741115434081374,0.011385571768682524,0.0002629472736861348,-0.07853981633974483,-22.541309648357288,-49.67616521619673,-62.875
1773079187.9888363,34.18887184863276,0.2589013469712575,-7.288780932934946,0.6000989369355482,1.1765727670410726,9.741115434081374,0.011385571768682524,0.0002629472736861348,-0.07853981633974483,-22.541309648357288,-49.67616521619673,-62.875
1773079188.0018325,34.112193857546075,0.27849038282233635,-7.308713764789295,0.5999774126721684,1.1718956118706265,9.79426409623805,0.004075668234176843,-0.018090700304327932,-0.06872233929727672,-21.459591802931712,-48.806873692662855,-63.1875
1773079188.0144572,34.002201172015596,0.28419231525637095,-7.302921725749094,0.5998965396324042,1.1687830173519413,9.822943713779221,-0.006994369293160877,-0.00486450591010432,-0.09926560120717749,-21.459591802931712,-48.806873692662855,-63.1875
1773079188.0278003,33.96445811650412,0.2847136499249576,-7.3094782871441835,0.628145376978649,1.2317835585976302,9.858755237417148,0.003944192524768311,0.010228608738620644,-0.07963064712224129,-21.459591802931712,-48.806873692662855,-63.1875
1773079188.043779,33.96445811650412,0.2847136499249576,-7.3094782871441835,0.628145376978649,1.2317835585976302,9.858755237417148,0.003944192524768311,0.010228608738620644,-0.07963064712224129,-21.459591802931712,-48.806873692662855,-63.1875
1773079188.0587456,33.86331351274955,0.29630247943192656,-7.332185891766046,0.5950161419083722,1.1353411336003298,9.86586184782066,0.0013147322232997462,-0.011674812526197995,-0.10471975511965978,-21.459591802931712,-48.806873692662855,-63.1875
1773079188.0740268,33.69524165099119,0.2768034741833463,-7.313588957359063,0.5794197557048566,1.0693858215767347,9.880626552780116,-0.02121976166933943,0.009229410756665704,-0.09926560120717749,-21.75789274697017,-49.89160478689117,-62.0
1773079188.0873718,33.65729637855063,0.28075934620876414,-7.310897977183212,0.523885287303821,1.0379109868367247,9.883762075583434,-0.0007888376759274769,-0.011096331011167054,-0.0719948316447661,-21.75789274697017,-49.89160478689117,-62.0
1773079188.1006188,33.65729637855063,0.28075934620876414,-7.310897977183212,0.523885287303821,1.0379109868367247,9.883762075583434,-0.0007888376759274769,-0.011096331011167054,-0.0719948316447661,-21.75789274697017,-49.89160478689117,-62.0
1773079188.114004,33.56331251145942,0.28112572509195904,-7.308018344853296,0.5009581013563331,0.992290720379235,9.892538954397596,-0.006231825101062736,-0.006205531617233401,-0.08726646259971647,-21.75789274697017,-49.89160478689117,-62.0
1773079188.1295524,33.47817637216779,0.28845082414425127,-7.3024527237492824,0.5176315145883675,1.0780444365066317,9.89168964578962,0.008125038839393422,-0.0033657110097373715,-0.06981317007977318,-21.459591802931712,-48.806873692662855,-62.0625
1773079188.1418614,33.47817637216779,0.28845082414425127,-7.3024527237492824,0.5176315145883675,1.0780444365066317,9.89168964578962,0.008125038839393422,-0.0033657110097373715,-0.06981317007977318,-21.459591802931712,-48.806873692662855,-62.0625
1773079188.1552973,33.40287483043821,0.2859533498391617,-7.324812719301482,0.5504987617577995,1.1638184139066476,9.874398881861815,0.009650127223589704,-0.006047762423995535,-0.07744898555724837,-21.459591802931712,-48.806873692662855,-62.0625
1773079188.1685123,33.30970075314982,0.2729877530374493,-7.343285155633242,0.5723715475978488,1.2209000377082493,9.862892071618349,0.015592711567136971,-0.0008940157563757453,-0.0818123086872342,-21.459591802931712,-48.806873692662855,-62.0625
1773079188.1839461,33.30970075314982,0.2729877530374493,-7.343285155633242,0.5853955920556639,1.2280848917235565,9.848544194526177,0.006100353536785132,-0.010728205657032652,-0.07744898555724837,-20.736437740112834,-49.005740988688494,-62.5
1773079188.2002876,33.23359746946596,0.2831532741740726,-7.3598877308841475,0.5853955920556639,1.2280848917235565,9.848544194526177,0.006100353536785132,-0.010728205657032652,-0.07744898555724837,-20.736437740112834,-49.005740988688494,-62.5
1773079188.213173,33.13206024371445,0.30218009642510835,-7.3486115904295755,0.5839836565804388,1.1835987316158603,9.869101847963499,-0.014567220101352694,-0.011832581719435862,-0.08726646259971647,-20.736437740112834,-49.005740988688494,-62.5
1773079188.2255447,33.031528275808455,0.304987412547879,-7.352317247416517,0.5963486956967955,1.2023743114417782,9.856021843023447,0.01385726702204415,-0.007204725454057414,-0.08726646259971647,-20.736437740112834,-49.005740988688494,-62.5
1773079188.2390294,32.91480351693874,0.3166688719556316,-7.343949926912186,0.582725583309346,1.1480233564306737,9.85066235755639,-0.0020509787864376253,-0.01979985136559142,-0.09926560120717749,-20.736437740112834,-49.005740988688494,-62.5
1773079188.254689,32.91480351693874,0.3166688719556316,-7.343949926912186,0.582725583309346,1.1480233564306737,9.85066235755639,-0.0020509787864376253,-0.01979985136559142,-0.09926560120717749,-20.736437740112834,-49.005740988688494,-62.5
1773079188.2699115,32.808506342386806,0.3091756489617029,-7.359942534965194,0.5381804310769136,1.1216101583727613,9.84375056814012,-0.0050748620710008565,-0.0019983918187789548,-0.10144726277217041,-21.200461668337834,-48.10029190451278,-62.5
1773079188.2835357,32.71699459516007,0.3160966674684678,-7.354646540630564,0.5085361298681845,1.1040324701199757,9.82911551437138,-0.008466866564567563,-0.02256078737646851,-0.08835729338221293,-21.200461668337834,-48.10029190451278,-62.5
1773079188.296689,32.71699459516007,0.3160966674684678,-7.354646540630564,0.5085361298681845,1.1040324701199757,9.82911551437138,-0.008466866564567563,-0.02256078737646851,-0.08835729338221293,-21.200461668337834,-48.10029190451278,-62.5
1773079188.3096633,32.63245766556545,0.3142130967233842,-7.345622618136997,0.48171235648084226,1.066531716311593,9.765854262255438,-0.007283610050676347,-0.005916290859717931,-0.08617563181722002,-21.200461668337834,-48.10029190451278,-62.5
1773079188.3228831,32.547721247016995,0.31517641936259316,-7.342974731262556,0.5228857777782366,1.2057469636289282,9.757205722719961,-0.004785621313485386,-0.000946606869165343,-0.06544984694978735,-21.164304107695994,-46.554550130862204,-61.25
1773079188.3372567,32.547721247016995,0.31517641936259316,-7.342974731262556,0.5228857777782366,1.2057469636289282,9.757205722719961,-0.004785621313485386,-0.000946606869165343,-0.06544984694978735,-21.164304107695994,-46.554550130862204,-61.25
1773079188.352243,32.4477968385896,0.30876055092718774,-7.343152967785961,0.5153715608554449,1.1588150601763094,9.751450216269617,-0.010176017625831047,-0.016434140355854047,-0.09053895494720585,-21.164304107695994,-46.554550130862204,-61.25
1773079188.3666773,32.356480809201855,0.3121511119362155,-7.347084588213599,0.5361739320644274,1.1204865806108293,9.754310214434772,0.005732228182650729,-0.003839014444320043,-0.08835729338221293,-21.164304107695994,-46.554550130862204,-61.25
1773079188.3794973,32.243191533112444,0.3133765244651061,-7.366804611390944,0.5306654287524447,1.1003012721782797,9.756213511265411,0.01030749333523958,-0.011885168687094532,-0.09599310885968812,-21.44603277706565,-47.57901838652228,-62.875
1773079188.3942075,32.243191533112444,0.3133765244651061,-7.366804611390944,0.5306654287524447,1.1003012721782797,9.756213511265411,0.01030749333523958,-0.011885168687094532,-0.09599310885968812,-21.44603277706565,-47.57901838652228,-62.875
1773079188.4067953,32.1500625680193,0.3009547019405326,-7.369577078473664,0.522564692531412,1.070741300756214,9.757480134044982,-0.007862091565707286,-0.008019860758945153,-0.07744898555724837,-21.44603277706565,-47.57901838652228,-62.875
1773079188.4197614,32.08091776992032,0.30291705331871216,-7.366931991152749,0.5455570313933691,1.154281464508536,9.771703504184961,-0.005364102828516326,-0.003050176768392566,-0.050178215994836975,-21.44603277706565,-47.57901838652228,-62.875
1773079188.4338355,32.08091776992032,0.30291705331871216,-7.366931991152749,0.5455570313933691,1.154281464508536,9.771703504184961,-0.005364102828516326,-0.003050176768392566,-0.050178215994836975,-21.44603277706565,-47.57901838652228,-62.875
1773079188.4466171,32.004969570586645,0.31165612404492166,-7.3460956455977025,0.5290076075732129,1.1319030728371169,9.781168998127661,-0.013410257071290814,-0.0076254419209814146,-0.07635815477475191,-20.579754502334517,-47.493143764375525,-60.5
1773079188.4656568,31.927427970690083,0.34361209303610357,-7.360836195492448,0.5521024855752964,1.1527315316181823,9.787468178610032,0.0013147322232997462,-0.011674812526197995,-0.06763150851478027,-20.579754502334517,-47.493143764375525,-60.5
1773079188.479006,31.880064404278226,0.34978846842774947,-7.364421049111256,0.5771479933859156,1.1639317049872981,9.764899319196038,0.00428602439507338,-0.009097939192388101,-0.0916297857297023,-20.579754502334517,-47.493143764375525,-60.5
1773079188.493842,31.880064404278226,0.34978846842774947,-7.364421049111256,0.5771479933859156,1.1639317049872981,9.764899319196038,0.00428602439507338,-0.009097939192388101,-0.0916297857297023,-20.579754502334517,-47.493143764375525,-60.5
1773079188.507606,31.726189434587653,0.3527300203062329,-7.35919670424086,0.5938154990572287,1.1713852952503105,9.743189771952066,-0.009282001869455303,-0.0008414287887170746,-0.09053895494720585,-21.164304107695994,-46.554550130862204,-60.875
1773079188.5199347,31.726189434587653,0.3527300203062329,-7.35919670424086,0.5938154990572287,1.1713852952503105,9.743189771952066,-0.009282001869455303,-0.0008414287887170746,-0.09053895494720585,-21.164304107695994,-46.554550130862204,-60.875
1773079188.534847,31.650446190582016,0.3570888226722052,-7.363189866217099,0.5638646428767633,1.1911016620196584,9.725397199065416,-0.005285218231897393,-0.010991152930718786,-0.07635815477475191,-21.164304107695994,-46.554550130862204,-60.875
1773079188.547683,31.596886473048226,0.36007145628583553,-7.360592257863639,0.5306280162588829,1.1558420614237914,9.716901552272732,-0.0038390144443200434,-0.005732228182650729,-0.09053895494720585,-21.164304107695994,-46.554550130862204,-60.875
1773079188.5601876,31.497175194369067,0.35086319986686587,-7.354351519528574,0.5337479696055061,1.1358444712684215,9.7814951400885,-0.0038390144443200434,-0.005732228182650729,-0.055632369907319255,-20.579754502334517,-47.493143764375525,-61.25
1773079188.575352,31.497175194369067,0.35086319986686587,-7.354351519528574,0.5337479696055061,1.1358444712684215,9.7814951400885,-0.0038390144443200434,-0.005732228182650729,-0.055632369907319255,-20.579754502334517,-47.493143764375525,-61.25
1773079188.5881732,31.45042444465715,0.3478508745556906,-7.354329224651249,0.5551765126793693,1.1172144318466355,9.82448145122224,-0.0038390144443200434,-0.005732228182650729,-0.08944812416470939,-20.579754502334517,-47.493143764375525,-61.25
1773079188.6005964,31.33709617679766,0.3506667912372148,-7.342927703934666,0.5518586752690356,1.116588964941669,9.83301769084927,-0.008519457677357161,-0.002182454495846156,-0.09381144729469522,-20.579754502334517,-47.493143764375525,-61.25
1773079188.6133528,31.26816862887058,0.34812984178549194,-7.365080999457373,0.5479573668898666,1.1478620304446623,9.811937569306457,0.008019860758945153,-0.007862091565707286,-0.05890486225480862,-20.579754502334517,-47.493143764375525,-61.25
1773079188.6300497,31.26816862887058,0.34812984178549194,-7.365080999457373,0.5479573668898666,1.1478620304446623,9.811937569306457,0.008019860758945153,-0.007862091565707286,-0.05890486225480862,-20.579754502334517,-47.493143764375525,-61.25
1773079188.6460767,31.193008787584528,0.3441951974061137,-7.349852744608011,0.522783465941177,1.1748827505151638,9.824669877558657,-0.019431726011457016,-0.004838212426274983,-0.06544984694978735,-20.182019910283238,-46.04683563873777,-61.25
1773079188.6609502,31.107084322702807,0.36352191263289796,-7.354561018985233,0.49538678294851035,1.1541602399331654,9.80638219281274,-0.002971292171773633,-0.0025768733338098946,-0.07853981633974483,-20.182019910283238,-46.04683563873777,-61.25
1773079188.6737187,31.005581447809874,0.3818358332724055,-7.359291084866768,0.541662093037386,1.1226300854227682,9.790866831193835,0.005705934698821394,-0.01627637116261618,-0.08290313946973066,-20.182019910283238,-46.04683563873777,-61.25
1773079188.6865008,31.005581447809874,0.3818358332724055,-7.359291084866768,0.541662093037386,1.1226300854227682,9.790866831193835,0.005705934698821394,-0.01627637116261618,-0.08290313946973066,-20.182019910283238,-46.04683563873777,-61.25
1773079188.7001436,30.91484980126693,0.3760037167517546,-7.359646955974793,0.5653619728909729,1.0758441211792054,9.7805415313544,-0.006705128535645407,-0.0038127209604907073,-0.0916297857297023,-20.537570681585702,-45.68977836178318,-61.25
1773079188.7133927,30.854870450903206,0.3786008896608181,-7.35727487227638,0.5253349847493272,1.1571935238244808,9.773670159652413,0.0,0.0,-0.04908738521234052,-20.537570681585702,-45.68977836178318,-61.25
1773079188.7262433,30.854870450903206,0.3786008896608181,-7.35727487227638,0.5253349847493272,1.1571935238244808,9.773670159652413,0.0,0.0,-0.04908738521234052,-20.537570681585702,-45.68977836178318,-61.25
1773079188.7414033,30.82371298282746,0.3765915095970071,-7.35725651925005,0.47386209398665285,1.1210201473412504,9.752371780006396,-0.00996566146493451,-0.007441379243914213,-0.04690572364734761,-20.537570681585702,-45.68977836178318,-61.25
1773079188.7555575,30.82371298282746,0.3765915095970071,-7.35725651925005,0.47386209398665285,1.1210201473412504,9.752371780006396,-0.00996566146493451,-0.007441379243914213,-0.04690572364734761,-20.537570681585702,-45.68977836178318,-61.25
1773079188.7708285,30.768745432468055,0.40159513039619743,-7.35290978769811,0.48564967282844324,1.226526604082161,9.73819794627046,-0.00347088909018564,-0.01262141939536334,-0.031634092692397225,-18.854730956129842,-45.698817633194395,-60.5
1773079188.7853034,30.68716368675724,0.3963683566995881,-7.353474893090518,0.5407459269208933,1.165789762029326,9.748836088495208,-0.0019195072221600217,-0.0028661140913253647,-0.08835729338221293,-18.854730956129842,-45.698817633194395,-60.5
1773079188.798445,30.594104204261125,0.3839166102707702,-7.356146532994596,0.6075691124002038,1.2350328163032847,9.755915653309943,0.004969683990552587,-0.0024979887371909615,-0.0719948316447661,-18.854730956129842,-45.698817633194395,-60.5
1773079188.8107445,30.594104204261125,0.3839166102707702,-7.356146532994596,0.6075691124002038,1.2350328163032847,9.755915653309943,0.004969683990552587,-0.0024979887371909615,-0.0719948316447661,-18.854730956129842,-45.698817633194395,-60.5
1773079188.8240638,30.518344822550468,0.3882380052910138,-7.3602030585405736,0.5693889642913985,1.3211885690968588,9.730521019244353,-0.006442181261959273,-0.015198292729173231,-0.07308566242726255,-19.93946205035816,-45.400516689155936,-59.6875
1773079188.8370519,30.44257289594658,0.3935526637073062,-7.348689911723893,0.5439805022251885,1.378524260158163,9.713621173950354,-0.011885168687094532,-0.010307493335239578,-0.0545415391248228,-19.93946205035816,-45.400516689155936,-59.6875
1773079188.8493605,30.44257289594658,0.3935526637073062,-7.348689911723893,0.5439805022251885,1.378524260158163,9.713621173950354,-0.011885168687094532,-0.010307493335239578,-0.0545415391248228,-19.93946205035816,-45.400516689155936,-59.6875
1773079188.8628151,30.410418465482227,0.4071201132691086,-7.349671449463579,0.5715009988582592,1.3385458228838027,9.779312084959185,-0.00042071232179307396,-0.017985522223879665,-0.030543261909900768,-19.93946205035816,-45.400516689155936,-59.6875
1773079188.8776076,30.340076652172232,0.4284296294897317,-7.33899121456165,0.5928796950222426,1.2347735289073882,9.826373764127323,-0.006521065858578206,-0.007257316566847012,-0.06763150851478027,-18.6392913854354,-44.915400731807274,-61.25
1773079188.8899612,30.340076652172232,0.4284296294897317,-7.33899121456165,0.5928796950222426,1.2347735289073882,9.826373764127323,-0.006521065858578206,-0.007257316566847012,-0.06763150851478027,-18.6392913854354,-44.915400731807274,-61.25
1773079188.9049761,30.25747617314128,0.4387855098076721,-7.3405793803988715,0.6071069785036894,1.1657142264785632,9.857692785900317,0.003339417525908036,-0.004312317878902715,-0.07853981633974483,-18.6392913854354,-44.915400731807274,-61.25
1773079188.9185445,30.171975472011894,0.4506056257392325,-7.363789542594461,0.6165750767314224,1.1197560321551352,9.851774351375292,0.014514633133694025,-0.013042131717156413,-0.06326818538479445,-18.6392913854354,-44.915400731807274,-61.25
1773079188.932355,30.133990015027788,0.454626767690432,-7.361279479695828,0.5553850242645817,1.0834463208602445,9.81438458223894,-0.011885168687094532,-0.010307493335239578,-0.07308566242726255,-19.53871420950414,-45.12180103109051,-61.25
1773079188.9455497,30.133990015027788,0.454626767690432,-7.361279479695828,0.5553850242645817,1.0834463208602445,9.81438458223894,-0.011885168687094532,-0.010307493335239578,-0.07308566242726255,-19.53871420950414,-45.12180103109051,-61.25
1773079188.9614797,30.07419784127613,0.45349701189727004,-7.368099848163451,0.5465949272522116,1.1753961074426347,9.789502108549787,-0.0012621411105101486,-0.008703520354424362,-0.04799655442984406,-19.53871420950414,-45.12180103109051,-61.25
1773079188.976765,30.009897347844458,0.4806110823382549,-7.3701906361165515,0.49994423891381345,1.0882204211339626,9.839845334411486,-0.0027083448980874986,-0.013962445102492421,-0.06544984694978735,-19.53871420950414,-45.12180103109051,-61.25
1773079188.9896407,29.950503037698503,0.4740945576863425,-7.364140259596817,0.549210548748203,1.1330148031520866,9.880038412266405,-0.005364102828516326,-0.003050176768392566,-0.044724062082354694,-18.456996364078563,-44.25250950755663,-60.875
1773079189.0031517,29.950503037698503,0.4740945576863425,-7.364140259596817,0.549210548748203,1.1330148031520866,9.880038412266405,-0.005364102828516326,-0.003050176768392566,-0.044724062082354694,-18.456996364078563,-44.25250950755663,-60.875
1773079189.0173864,29.89071155857921,0.4718784655494995,-7.386539362630398,0.5357932404862094,1.0957371650141718,9.900096233178115,0.016144899598338577,-0.01122780257544466,-0.061086523819801536,-18.456996364078563,-44.25250950755663,-60.875
1773079189.030409,29.80560559687983,0.48040148381055614,-7.36578216585017,0.5268641717190066,1.070929313251893,9.85323247820257,-0.007651735404810751,0.0009729003529946785,-0.06763150851478027,-18.456996364078563,-44.25250950755663,-60.875
1773079189.043176,29.777145259633965,0.47858755709422623,-7.3661765831677695,0.5076979406710049,1.0441793989906125,9.822045172768787,-0.003260532929289103,-0.003628658283423506,-0.04581489286485115,-18.456996364078563,-44.25250950755663,-60.875
1773079189.0560126,29.777145259633965,0.47858755709422623,-7.3661765831677695,0.5076979406710049,1.0441793989906125,9.822045172768787,-0.003260532929289103,-0.003628658283423506,-0.04581489286485115,-18.456996364078563,-44.25250950755663,-60.875
1773079189.0695736,29.692244859150836,0.4833719440698854,-7.354553575315738,0.4949430280093892,1.026377629865852,9.801290369387635,-0.02192971474864798,-0.00980789641682757,-0.07744898555724837,-18.994842156737867,-44.55834345485269,-59.25
1773079189.0826344,29.624124835931788,0.46982977482053595,-7.350950800045359,0.5122577747465916,1.0074349292906395,9.794168502998462,-0.011490749849130795,-0.004759327829656051,-0.050178215994836975,-18.994842156737867,-44.55834345485269,-59.25
1773079189.0987933,29.624124835931788,0.46982977482053595,-7.350950800045359,0.5122577747465916,1.0074349292906395,9.794168502998462,-0.011490749849130795,-0.004759327829656051,-0.050178215994836975,-18.994842156737867,-44.55834345485269,-59.25
1773079189.111806,29.56452162384372,0.46600928827684845,-7.351323152019818,0.5847401181092167,1.1029594676630945,9.77939364535097,0.007441379243914214,-0.00996566146493451,-0.07090400086226964,-18.994842156737867,-44.55834345485269,-59.25
1773079189.1248784,29.474382950124593,0.4510655214496129,-7.347880567646055,0.5806446200853349,0.9762328659614458,9.833118265071606,-0.0035497736868045733,-0.004680443233037118,-0.07090400086226964,-19.326287887612438,-43.17079166213106,-59.6875
1773079189.1399946,29.474382950124593,0.4510655214496129,-7.347880567646055,0.5806446200853349,0.9762328659614458,9.833118265071606,-0.0035497736868045733,-0.004680443233037118,-0.07090400086226964,-19.326287887612438,-43.17079166213106,-59.6875
1773079189.1529446,29.436796569069962,0.4486537204449084,-7.348054009134973,0.5350216177768476,1.0008347563330593,9.805314276913295,0.002760936010877096,-0.0064158877781299375,-0.026179938779914945,-19.326287887612438,-43.17079166213106,-59.6875
1773079189.1653545,29.376381252016163,0.45774376147272905,-7.343097758466139,0.5046600193828784,1.0172070395542459,9.7801208099702,-0.011858875203265196,0.0021298633830565588,-0.0545415391248228,-19.326287887612438,-43.17079166213106,-59.6875
1773079189.1782198,29.376381252016163,0.45774376147272905,-7.343097758466139,0.5046600193828784,1.0172070395542459,9.7801208099702,-0.011858875203265196,0.0021298633830565588,-0.0545415391248228,-19.326287887612438,-43.17079166213106,-59.6875
1773079189.191641,29.319365651565505,0.47350206515892673,-7.334899042667265,0.523159212760665,1.017458878025345,9.763354839149034,-0.00202468530260829,-0.0073624946472952806,-0.05345070834232634,-19.02497369477124,-43.253653035475075,-60.0625
1773079189.2044966,29.26706373974334,0.49760895222745694,-7.346894613661366,0.5457914162145017,1.0425424945862547,9.812409283587463,-0.00010517808044826849,-0.004496380555969916,-0.03490658503988659,-19.02497369477124,-43.253653035475075,-60.0625
1773079189.2170954,29.26706373974334,0.49760895222745694,-7.346894613661366,0.5457914162145017,1.0425424945862547,9.812409283587463,-0.00010517808044826849,-0.004496380555969916,-0.03490658503988659,-19.02497369477124,-43.253653035475075,-60.0625
1773079189.2308085,29.18218308704214,0.5012881381042265,-7.350871187440642,0.5849625687812852,1.0838288458650331,9.84505446838719,-0.0035234802029752367,0.007756913485259019,-0.08072147790473774,-19.02497369477124,-43.253653035475075,-60.0625
1773079189.2435942,29.144193293919532,0.5053352945751937,-7.348412690589029,0.6314310217282761,1.1854880725087151,9.866779474200799,-0.00318164833267017,-0.011569634445749726,-0.05999569303730508,-19.061131492911585,-42.20658624503922,-60.0
1773079189.2559652,29.144193293919532,0.5053352945751937,-7.348412690589029,0.6314310217282761,1.1854880725087151,9.866779474200799,-0.00318164833267017,-0.011569634445749726,-0.05999569303730508,-19.061131492911585,-42.20658624503922,-60.0
1773079189.2707422,29.10015254332999,0.50133785352302,-7.364357917967631,0.5851075366440288,1.2119369827540754,9.804299653617194,0.00649477237474887,-0.005180040151449124,-0.04581489286485115,-19.061131492911585,-42.20658624503922,-60.0
1773079189.284467,29.06881413731926,0.5043346652644727,-7.339679413504138,0.5542797747876965,1.2295384370686762,9.856383158769075,-0.024874713436592272,5.2586967658670654e-05,-0.02181661564992912,-19.061131492911585,-42.20658624503922,-60.0
1773079189.2968824,29.060117088679032,0.49727215237552636,-7.3421117753827065,0.5651310141705337,1.229156855863096,9.864283255978222,0.003050176768392566,-0.005364102828516326,-0.016362461737446838,-18.481101642004965,-42.69019545923725,-59.75
1773079189.3120549,29.060117088679032,0.49727215237552636,-7.3421117753827065,0.5651310141705337,1.229156855863096,9.864283255978222,0.003050176768392566,-0.005364102828516326,-0.016362461737446838,-18.481101642004965,-42.69019545923725,-59.75
1773079189.3249936,28.992635340240163,0.5150766800060979,-7.341239050057441,0.5959782687880864,1.1634278126185416,9.869540682421041,0.0028661140913253647,-0.0019195072221600215,-0.06217735460229799,-18.481101642004965,-42.69019545923725,-59.75
1773079189.3374157,28.92938674278585,0.5266220952920361,-7.342415897644932,0.6165067721496553,1.1196858685808129,9.849623659038201,0.004391202475521647,-0.004601558636418185,-0.05345070834232634,-18.481101642004965,-42.69019545923725,-59.75
1773079189.3545022,28.92938674278585,0.5266220952920361,-7.342415897644932,0.6165067721496553,1.1196858685808129,9.849623659038201,0.004391202475521647,-0.004601558636418185,-0.05345070834232634,-18.481101642004965,-42.69019545923725,-59.75
1773079189.370438,28.825726547881406,0.5187716985253018,-7.358736502667944,0.5946891386996499,1.1003328488152646,9.802917985391456,0.003050176768392566,-0.005364102828516326,-0.04908738521234052,-18.759817300070388,-42.289447618383235,-60.5625
1773079189.3847764,28.803294843498062,0.523829727099241,-7.356303710658333,0.556060073371073,1.062860145688838,9.771835881316107,-0.009571242626970773,-0.001893213738330686,-0.02945243112740431,-18.759817300070388,-42.289447618383235,-60.5625
1773079189.3983684,28.803294843498062,0.523829727099241,-7.356303710658333,0.556060073371073,1.062860145688838,9.771835881316107,-0.009571242626970773,-0.001893213738330686,-0.02945243112740431,-18.759817300070388,-42.289447618383235,-60.5625
1773079189.411799,28.763698358060473,0.5513036754855268,-7.374501664857792,0.5738147721588754,1.1959658469754821,9.814708210702884,-0.0016565599484738873,-0.01425168586000789,-0.025089107997418487,-18.759817300070388,-42.289447618383235,-60.5625
1773079189.4260576,28.71862943372174,0.5652703990414926,-7.360567993471731,0.5905490380547607,1.1131981712711096,9.843239266994484,0.0006836595954792087,0.00659995045519714,-0.04581489286485115,-18.19937297263531,-41.66572720357718,-59.6875
1773079189.4390464,28.71862943372174,0.5652703990414926,-7.360567993471731,0.5905490380547607,1.1131981712711096,9.843239266994484,0.0006836595954792087,0.00659995045519714,-0.04581489286485115,-18.19937297263531,-41.66572720357718,-59.6875
1773079189.4535153,28.36987416347044,0.5466942274132378,-7.328540754436412,0.6486953263642481,1.2290620736010263,9.862226366243762,0.01606601500171964,-0.003286826413118438,-0.032724923474893676,-18.19937297263531,-41.66572720357718,-59.6875
1773079189.4674094,28.58950741708788,0.5662032860760449,-7.402594286328023,0.5990157791795885,1.1361909490166227,9.761128270645502,0.005837406263098997,0.0006573661116498731,-0.07526732399225546,-18.19937297263531,-41.66572720357718,-59.6875
1773079189.479786,28.58950741708788,0.5662032860760449,-7.402594286328023,0.5990157791795885,1.1361909490166227,9.761128270645502,0.005837406263098997,0.0006573661116498731,-0.07526732399225546,-18.19937297263531,-41.66572720357718,-59.6875
1773079189.4925783,28.558394170287414,0.5641783031721511,-7.402586161193504,0.5466023465112537,1.079708119605246,9.693848617364585,0.001235847626680813,-0.0037338363638717747,-0.04254240051736178,-18.842678673414404,-42.59076181122443,-59.6875
1773079189.505521,28.49877194192157,0.5615929593191299,-7.387416732183461,0.5117217925668833,1.0421194275865213,9.675835653327661,-0.0036549517672528416,-0.009176823789007034,-0.04145156973486533,-18.842678673414404,-42.59076181122443,-59.6875
1773079189.5178096,28.49877194192157,0.5615929593191299,-7.387416732183461,0.5117217925668833,1.0421194275865213,9.675835653327661,-0.0036549517672528416,-0.009176823789007034,-0.04145156973486533,-18.842678673414404,-42.59076181122443,-59.6875
1773079189.5309572,28.451491167457704,0.5701813163578693,-7.360163091367216,0.5039909752795702,0.9850927299881741,9.703989567466914,-0.016144899598338577,0.01122780257544466,-0.05345070834232634,-18.842678673414404,-42.59076181122443,-59.6875
1773079189.5435686,28.451491167457704,0.5701813163578693,-7.360163091367216,0.5039909752795702,0.9850927299881741,9.703989567466914,-0.016144899598338577,0.01122780257544466,-0.05345070834232634,-18.842678673414404,-42.59076181122443,-59.6875
1773079189.5583878,28.422582252963693,0.5735697513326057,-7.373512505195944,0.5210206467383612,1.0277764704907932,9.739451241363357,0.0039967836375579095,-0.010149724142001713,-0.013089969389957472,-17.11464187840699,-41.964028147615636,-60.5625
1773079189.5715454,28.363160337506557,0.5671372065301247,-7.367420464487905,0.5025189952257847,0.9603077558776072,9.763050589208586,-0.010991152930718786,0.005285218231897393,-0.05126904677733343,-17.11464187840699,-41.964028147615636,-60.5625
1773079189.5852017,28.3476053554669,0.5661294523911423,-7.3674150602781765,0.5239115077081624,1.0379723234784946,9.695127898894611,0.009282001869455303,0.0008414287887170746,-0.026179938779914945,-17.11464187840699,-41.964028147615636,-60.5625
1773079189.5977604,28.3476053554669,0.5661294523911423,-7.3674150602781765,0.5239115077081624,1.0379723234784946,9.695127898894611,0.009282001869455303,0.0008414287887170746,-0.026179938779914945,-17.11464187840699,-41.964028147615636,-60.5625
1773079189.611605,28.309008915319076,0.5792633015149141,-7.368892417938528,0.5266172749127648,1.0477273528701485,9.649926107236828,-0.00013147156427760357,-0.01693373727426605,-0.026179938779914945,-18.444944081363126,-41.144453685586676,-59.75
1773079189.6240823,28.309008915319076,0.5792633015149141,-7.368892417938528,0.5266172749127648,1.0477273528701485,9.649926107236828,-0.00013147156427760357,-0.01693373727426605,-0.026179938779914945,-18.444944081363126,-41.144453685586676,-59.75
1773079189.6388042,28.246794270813453,0.5752311458584655,-7.368873772696968,0.5703478055386985,1.0426885050770784,9.68005683055742,-0.00039441883796373844,-0.005548165505583527,-0.044724062082354694,-18.444944081363126,-41.144453685586676,-59.75
1773079189.6544452,28.224965485264033,0.5699276947395141,-7.378139233705306,0.5994499851682221,1.0393352081584084,9.730214495710916,0.010596734092755048,-0.01083338373748092,-0.0272707695624114,-18.444944081363126,-41.144453685586676,-59.75
1773079189.6701198,28.180896362738455,0.567099248274245,-7.378524420846756,0.5483427250548966,1.0079139785954885,9.763593861572735,-0.0007625441920981415,0.0013410257071290814,-0.037088246604879506,-17.90107202859685,-40.58099610934886,-60.1875
1773079189.6833332,28.180896362738455,0.567099248274245,-7.378524420846756,0.5483427250548966,1.0079139785954885,9.763593861572735,-0.0007625441920981415,0.0013410257071290814,-0.037088246604879506,-17.90107202859685,-40.58099610934886,-60.1875
1773079189.7016335,28.17340943356628,0.5809377933250147,-7.395584468431524,0.5613412356447556,1.1579483672551558,9.738975892779354,0.01251624131491507,-0.007967269646155557,-0.004363323129985824,-17.90107202859685,-40.58099610934886,-60.1875
1773079189.715835,28.143677446516417,0.5972516298706899,-7.403775112655647,0.5707173152494046,1.1847398389446524,9.72259290954809,-0.005548165505583527,0.00039441883796373844,-0.0272707695624114,-17.90107202859685,-40.58099610934886,-60.1875
1773079189.729246,28.117435805647954,0.6202494694299552,-7.408782657846621,0.602759990120424,1.1954734419921886,9.745141334290793,0.0010517849496136115,-0.00028924075751547,-0.022907446432425576,-18.444944081363126,-41.144453685586676,-60.0625
1773079189.7420666,28.117435805647954,0.6202494694299552,-7.408782657846621,0.602759990120424,1.1954734419921886,9.745141334290793,0.0010517849496136115,-0.00028924075751547,-0.022907446432425576,-18.444944081363126,-41.144453685586676,-60.0625
1773079189.7589452,28.07883419622257,0.6320443331681465,-7.4258554843198565,0.6402109064518293,1.1981816461171995,9.760147059074653,0.008309101516460624,-0.0068103066160936756,-0.025089107997418487,-18.444944081363126,-41.144453685586676,-60.0625
1773079189.7729988,28.041044862462307,0.6335109697414464,-7.416993968106297,0.6491684732329127,1.1419271787882277,9.773478313000702,-0.0007625441920981415,0.0013410257071290814,-0.019634954084936207,-18.444944081363126,-41.144453685586676,-60.0625
1773079189.786293,28.041044862462307,0.6335109697414464,-7.416993968106297,0.6491684732329127,1.1419271787882277,9.773478313000702,-0.0007625441920981415,0.0013410257071290814,-0.019634954084936207,-18.444944081363126,-41.144453685586676,-60.0625
1773079189.8016531,28.034762389378262,0.629198410112247,-7.426262002022742,0.6544845487282758,1.2156852535532212,9.75224410820275,0.009071645708558763,-0.008151332323222757,-0.015271630954950384,-17.598251330103533,-39.95124943443582,-60.1875
1773079189.8171911,27.989471140396894,0.6471456816876494,-7.403385953181137,0.6083515830156581,1.0841494379550611,9.80167010455039,-0.004207139798454446,0.00115696303006188,-0.02945243112740431,-17.598251330103533,-39.95124943443582,-60.1875
1773079189.8295884,27.98040620751748,0.6452020919497155,-7.418734385926221,0.6273213642432319,1.1772348124484038,9.787730989092717,0.023822928486978662,0.00023665378985679946,0.00545415391248228,-17.598251330103533,-39.95124943443582,-60.1875
1773079189.8424659,27.98040620751748,0.6452020919497155,-7.418734385926221,0.6273213642432319,1.1772348124484038,9.787730989092717,0.023822928486978662,0.00023665378985679946,0.00545415391248228,-17.598251330103533,-39.95124943443582,-60.1875
1773079189.8552902,27.958369033135458,0.6437805050852048,-7.41893915051991,0.6379296808868141,1.2570829190071997,9.82528622736823,0.002576873333809895,-0.002971292171773633,-0.038179077387375956,-18.14212338286981,-40.514707010673646,-59.75
1773079189.867731,27.921188171519304,0.634855219018039,-7.421716408246468,0.6417640222814819,1.3111079197204685,9.81013747843325,0.010044546061553444,-0.0004995969184120068,-0.03381575425739013,-18.14212338286981,-40.514707010673646,-59.75
1773079189.8834867,27.921188171519304,0.634855219018039,-7.421716408246468,0.6417640222814819,1.3111079197204685,9.81013747843325,0.010044546061553444,-0.0004995969184120068,-0.03381575425739013,-18.14212338286981,-40.514707010673646,-59.75
1773079189.896376,27.92016981904557,0.6477169481978589,-7.454157762319271,0.6389938670861268,1.3277087052225,9.800056155239634,0.005653343586031796,0.004101961718006177,-0.008726646259971648,-18.14212338286981,-40.514707010673646,-59.75
1773079189.9087362,27.86703639634514,0.6469486266828326,-7.423266389208656,0.6277161405980135,1.3170656964885388,9.793347147270042,-0.02618944565989202,0.011727399493856667,-0.04690572364734761,-16.596381609219232,-40.550864571315486,-59.75
1773079189.923593,27.86703639634514,0.6469486266828326,-7.423266389208656,0.6277161405980135,1.3170656964885388,9.793347147270042,-0.02618944565989202,0.011727399493856667,-0.04690572364734761,-16.596381609219232,-40.550864571315486,-59.75
1773079189.9387305,27.85128531170887,0.6498534421031033,-7.414208412579518,0.5909406735145477,1.2035455237101211,9.792227489118128,0.0035234802029752367,-0.007756913485259019,-0.00545415391248228,-16.596381609219232,-40.550864571315486,-59.75
1773079189.9547648,27.836143251920085,0.6423487532079458,-7.416776851276161,0.5558232778571729,1.0892946188818076,9.791482369125431,-0.010728205657032652,-0.006100353536785132,-0.03381575425739013,-16.596381609219232,-40.550864571315486,-59.75
1773079189.9684165,27.791660208326604,0.6459965381859919,-7.4146158686044386,0.5459996150736279,1.037290961096225,9.821092505459701,0.014462042020904425,0.007336201163465944,-0.030543261909900768,-17.68111270344755,-40.25256362727703,-60.5625
1773079189.9847167,27.791660208326604,0.6459965381859919,-7.4146158686044386,0.5459996150736279,1.037290961096225,9.821092505459701,0.014462042020904425,0.007336201163465944,-0.030543261909900768,-17.68111270344755,-40.25256362727703,-60.5625
1773079190.000856,27.77631750926966,0.6396918884820206,-7.439218414101562,0.5265605779127837,1.0062310187995784,9.80400149164275,0.01385726702204415,-0.007204725454057414,-0.022907446432425576,-17.68111270344755,-40.25256362727703,-60.5625
1773079190.014504,27.742107171528485,0.6258337950366252,-7.42940313507582,0.5168494906594897,0.9846739964032651,9.74579604896423,-0.006179238133404065,0.018669181819358872,-0.0272707695624114,-17.68111270344755,-40.25256362727703,-60.5625
1773079190.0272458,27.716693613460425,0.6358216752591154,-7.439618272297765,0.5538487808214116,1.1283714054259963,9.707060977059074,-0.004496380555969916,0.00010517808044826856,-0.015271630954950384,-17.68111270344755,-40.25256362727703,-60.1875
1773079190.0425606,27.716693613460425,0.6358216752591154,-7.439618272297765,0.5538487808214116,1.1283714054259963,9.707060977059074,-0.004496380555969916,0.00010517808044826856,-0.015271630954950384,-17.68111270344755,-40.25256362727703,-60.1875
1773079190.0554006,27.678291785045722,0.647739668712322,-7.419151540749173,0.5456532179881949,1.1046615572533245,9.694663666234574,-0.013699497828806284,-0.008677226870595026,-0.026179938779914945,-17.68111270344755,-40.25256362727703,-60.1875
1773079190.0677485,27.650161734623868,0.6407967025099082,-7.406566412848916,0.5337484128151753,1.0906568736711384,9.719864511441099,-0.01951061060807595,0.0031027637360512366,-0.030543261909900768,-17.68111270344755,-40.25256362727703,-60.1875
1773079190.0801451,27.650161734623868,0.6407967025099082,-7.406566412848916,0.5337484128151753,1.0906568736711384,9.719864511441099,-0.01951061060807595,0.0031027637360512366,-0.030543261909900768,-17.68111270344755,-40.25256362727703,-60.1875
1773079190.0939422,27.618869843260867,0.6399401578207747,-7.42860260274203,0.5258258979579181,1.0813369131897597,9.736635392414154,0.02093052091182396,-0.010281195706279316,-0.015271630954950384,-17.87997999947319,-40.975717690095905,-59.0
1773079190.106466,27.603321796082845,0.6403095222536624,-7.41305455556401,0.5063619086577524,1.0235285863365877,9.811353348797775,-0.009860483384486243,-0.0029449986879442973,-0.032724923474893676,-17.87997999947319,-40.975717690095905,-59.0
1773079190.1191692,27.603321796082845,0.6403095222536624,-7.41305455556401,0.5063619086577524,1.0235285863365877,9.811353348797775,-0.009860483384486243,-0.0029449986879442973,-0.032724923474893676,-17.87997999947319,-40.975717690095905,-59.0
1773079190.1381693,27.603526610790862,0.6363689520239106,-7.42210447885088,0.5627543809614378,1.1741453915146831,9.767414186311871,0.006521065858578206,0.007257316566847012,0.004363323129985824,-17.87997999947319,-40.975717690095905,-59.0
1773079190.1515102,27.559646098778895,0.6309709213986289,-7.416004319009608,0.5618203614346559,1.1218995981387554,9.781659616705259,-0.004890799393933655,-0.005442987425135259,-0.03599741582238305,-17.299950386065074,-38.866518340207506,-59.375
1773079190.1640592,27.559646098778895,0.6309709213986289,-7.416004319009608,0.5618203614346559,1.1218995981387554,9.781659616705259,-0.004890799393933655,-0.005442987425135259,-0.03599741582238305,-17.299950386065074,-38.866518340207506,-59.375
1773079190.179259,27.537604297853957,0.6295489563977387,-7.416201098820384,0.5611987818732642,1.0871306062708284,9.781104456378216,0.003444595606356305,0.00018406267706720146,-0.03381575425739013,-17.299950386065074,-38.866518340207506,-59.375
1773079190.1927671,27.528556643660167,0.628940887321224,-7.415995240552235,0.5607851276186567,1.063992230577811,9.790770338504075,0.004680443233037117,-0.003549773686804573,-0.01090830782496456,-17.299950386065074,-38.866518340207506,-59.375
1773079190.2058563,27.477160988027716,0.6386857124786749,-7.411492353204817,0.5301913270252122,1.0014227915640272,9.82061865703509,0.008230216919841691,0.0011306695462325448,-0.032724923474893676,-17.415956308746697,-39.28835821018519,-60.1875
1773079190.2202234,27.477160988027716,0.6386857124786749,-7.411492353204817,0.5301913270252122,1.0014227915640272,9.82061865703509,0.008230216919841691,0.0011306695462325448,-0.032724923474893676,-17.415956308746697,-39.28835821018519,-60.1875
1773079190.2356288,27.469649640631964,0.6524183006022959,-7.428642770473866,0.5747421454404367,1.1327442556394702,9.840482379589918,0.022744850053535715,-0.011911462170923868,-0.007635815477475192,-17.415956308746697,-39.28835821018519,-60.1875
1773079190.2584565,27.445060612237715,0.650791606455429,-7.428435317703621,0.5768939068648015,1.1201506033265893,9.847011241643196,0.005627050102202461,-0.00833539500028996,-0.0272707695624114,-17.415956308746697,-39.28835821018519,-60.1875
1773079190.2788236,27.445060612237715,0.650791606455429,-7.428435317703621,0.5768939068648015,1.1201506033265893,9.847011241643196,0.005627050102202461,-0.00833539500028996,-0.0272707695624114,-17.415956308746697,-39.28835821018519,-60.1875
1773079190.299506,27.41489059105099,0.6735454115851011,-7.434204620037415,0.6154983151086071,1.2090953548103431,9.82794034445625,0.009176823789007034,-0.003654951767252841,-0.030543261909900768,-16.115785643823937,-38.803242252836526,-60.5625
1773079190.3187284,27.35424183078996,0.6852183522927858,-7.436030276656411,0.6136928069896468,1.16830047364659,9.838664657365452,0.0022087479796754914,0.003917899040938976,-0.026179938779914945,-16.115785643823937,-38.803242252836526,-60.5625
1773079190.333398,27.34499545533425,0.6857250192225393,-7.457870240280672,0.6178937589415369,1.1986442413139173,9.822385785856866,-0.0007625441920981415,0.0013410257071290814,-0.013089969389957472,-16.115785643823937,-38.803242252836526,-60.5625
1773079190.345697,27.34499545533425,0.6857250192225393,-7.457870240280672,0.6178937589415369,1.1986442413139173,9.822385785856866,-0.0007625441920981415,0.0013410257071290814,-0.013089969389957472,-16.115785643823937,-38.803242252836526,-60.5625
1773079190.3604906,27.306801057185325,0.6951663284188353,-7.430956958527445,0.5967410460128323,1.1317525593521125,9.841658384080686,-0.01262141939536334,0.00347088909018564,-0.03490658503988659,-16.722933783961192,-38.18253508683321,-60.1875
1773079190.374407,27.29886956791907,0.715374144800169,-7.445594181655981,0.6098379262040193,1.1734350348577116,9.864519418031568,0.003444595606356305,0.00018406267706720146,-0.007635815477475192,-16.722933783961192,-38.18253508683321,-60.1875
1773079190.387861,27.282916007563614,0.7194258332516432,-7.458603708869879,0.5954923319047215,1.1173145111295857,9.879733180751398,0.011175215607785989,-0.008729813838253697,-0.030543261909900768,-16.722933783961192,-38.18253508683321,-60.1875
1773079190.4002345,27.282916007563614,0.7194258332516432,-7.458603708869879,0.5954923319047215,1.1173145111295857,9.879733180751398,0.011175215607785989,-0.008729813838253697,-0.030543261909900768,-16.722933783961192,-38.18253508683321,-60.1875
1773079190.4135084,27.216996218908374,0.7154827193113814,-7.421647919712543,0.5891708739783018,1.0790799517356602,9.909928440136497,-0.018826951012596738,0.009702714191248376,-0.04254240051736178,-16.35533049244478,-38.02434510590427,-60.1875
1773079190.427162,27.201044612748262,0.7195285666257758,-7.434661221320937,0.5656117653697336,1.058957146128123,9.853085478685784,0.013883560505873485,0.005232631264238722,-0.011999138607461015,-16.35533049244478,-38.02434510590427,-60.1875
1773079190.4411929,27.201044612748262,0.7195285666257758,-7.434661221320937,0.5656117653697336,1.058957146128123,9.853085478685784,0.013883560505873485,0.005232631264238722,-0.011999138607461015,-16.35533049244478,-38.02434510590427,-60.1875
1773079190.4553623,27.16977232267929,0.7243579778285705,-7.394553578540386,0.5349354507151877,1.0288743280894797,9.862088686720293,-0.016460433839683382,-0.0022613390924650896,-0.02181661564992912,-16.35533049244478,-38.02434510590427,-60.1875
1773079190.4696727,27.159929341658554,0.7367588980911357,-7.389295695077787,0.5482258608764833,1.1314187922328964,9.868080221094834,-0.014830167375038832,-0.0004470099507533357,-0.01090830782496456,-17.08451081537063,-38.08310143882039,-60.1875
1773079190.4823146,27.159929341658554,0.7367588980911357,-7.389295695077787,0.5482258608764833,1.1314187922328964,9.868080221094834,-0.014830167375038832,-0.0004470099507533357,-0.01090830782496456,-17.08451081537063,-38.08310143882039,-60.1875
1773079190.4958613,27.130767961576474,0.7439717699806081,-7.393691564061007,0.5683592986323,1.1271706912024662,9.872067520291267,-0.011490749849130795,-0.004759327829656051,-0.015271630954950384,-17.08451081537063,-38.08310143882039,-60.1875
1773079190.5081942,27.10768979621526,0.7551842276965196,-7.426438583917412,0.6070770645120404,1.1659509639860206,9.89479169360936,0.01414650777955962,-0.006152940504443803,-0.026179938779914945,-17.08451081537063,-38.08310143882039,-60.1875
1773079190.5233004,27.10768979621526,0.7551842276965196,-7.426438583917412,0.6070770645120404,1.1659509639860206,9.89479169360936,0.01414650777955962,-0.006152940504443803,-0.026179938779914945,-17.08451081537063,-38.08310143882039,-60.1875
1773079190.5360105,27.06359656565404,0.7523370182278912,-7.426868374745963,0.6328433051992237,1.1917588023194443,9.796180579058042,-0.016828559193817785,0.00462785212024752,-0.04363323129985824,-16.537625513801615,-38.6872363301549,-59.75
1773079190.5483336,27.026416452407688,0.74338718044408,-7.429611092024732,0.6499904505487764,1.2089336304378937,9.750626654126384,0.00057848151503094,0.002103569899227223,-0.028361600344907856,-16.537625513801615,-38.6872363301549,-59.75
1773079190.5704646,26.99554570662691,0.7388311377557192,-7.423113616749832,0.630599342540254,1.3606670854000473,9.720311025955048,-0.013883560505873485,-0.005232631264238722,-0.04036073895236887,-16.537625513801615,-38.6872363301549,-59.75
1773079190.5836864,26.99554570662691,0.7388311377557192,-7.423113616749832,0.630599342540254,1.3606670854000473,9.720311025955048,-0.013883560505873485,-0.005232631264238722,-0.04036073895236887,-16.537625513801615,-38.6872363301549,-59.75
1773079190.5977151,26.964076796821097,0.7462532148179039,-7.389530751978644,0.554719355800358,1.2326423918464067,9.710171649176738,-0.013883560505873485,-0.005232631264238722,-0.04036073895236887,-16.537625513801615,-38.6872363301549,-61.75
1773079190.6140988,26.94202895241237,0.744836434672041,-7.389742078271621,0.578002513528154,1.2138861149774083,9.706769118902352,0.007257316566847013,-0.006521065858578206,-0.011999138607461015,-16.537625513801615,-38.6872363301549,-61.75
1773079190.6283767,26.94202895241237,0.744836434672041,-7.389742078271621,0.578002513528154,1.2138861149774083,9.706769118902352,0.007257316566847013,-0.006521065858578206,-0.011999138607461015,-16.537625513801615,-38.6872363301549,-61.75
1773079190.6483917,26.883407751276774,0.7254539797100292,-7.388683376006096,0.5872883505847976,1.1788263984396083,9.701159661306184,0.012463650202125472,0.012411063234466802,-0.05126904677733343,-16.537625513801615,-38.6872363301549,-61.75
1773079190.6661541,26.854234737814103,0.731167565495678,-7.408630671086567,0.5996768157376882,1.1780721725292203,9.700771741645,0.0019983918187789548,-0.0050748620710008565,-0.009817477042468103,-15.817484699785478,-37.71851115860821,-60.5
1773079190.678979,26.854234737814103,0.731167565495678,-7.408630671086567,0.5996768157376882,1.1780721725292203,9.700771741645,0.0019983918187789548,-0.0050748620710008565,-0.009817477042468103,-15.817484699785478,-37.71851115860821,-60.5
1773079190.694023,26.832387139367327,0.725744722890091,-7.417861453298241,0.5823601076135746,1.1603144863693962,9.710548920565786,-0.01664449651675058,0.0011832565138912145,-0.011999138607461015,-15.817484699785478,-37.71851115860821,-60.5
1773079190.70848,26.831981076618145,0.7322571077338479,-7.415350864194753,0.5530964765935931,1.083989448016892,9.773922422943755,0.004207139798454446,-0.00115696303006188,-0.003272492347489368,-15.817484699785478,-37.71851115860821,-60.5
1773079190.7226732,26.77885975843175,0.7288024751389909,-7.415562830732126,0.5626502305067451,1.025213187758184,9.816096780847886,-0.0011306695462325448,0.008230216919841691,-0.05999569303730508,-15.718051051772658,-37.35693412719877,-60.875
1773079190.7359166,26.77885975843175,0.7288024751389909,-7.415562830732126,0.5626502305067451,1.025213187758184,9.816096780847886,-0.0011306695462325448,0.008230216919841691,-0.05999569303730508,-15.718051051772658,-37.35693412719877,-60.875
1773079190.7511775,26.747590020367465,0.7322816738521722,-7.391011285051855,0.5619123249320485,0.9602952444980642,9.844163344914637,0.008992761111939833,-0.00021035616089653712,-0.020725784867432664,-15.718051051772658,-37.35693412719877,-60.875
1773079190.7652247,26.72574164867535,0.7268537385935494,-7.400236946487094,0.5990774900296465,1.104487354731691,9.822699989289164,-0.003444595606356305,-0.00018406267706720146,-0.032724923474893676,-15.718051051772658,-37.35693412719877,-60.875
1773079190.7779071,26.72574164867535,0.7268537385935494,-7.400236946487094,0.5990774900296465,1.104487354731691,9.822699989289164,-0.003444595606356305,-0.00018406267706720146,-0.032724923474893676,-15.718051051772658,-37.35693412719877,-60.875
1773079190.7908754,26.688157132371824,0.7244201705767233,-7.400442715594613,0.5892183595928089,1.074655975030746,9.795035919052527,-0.0035234802029752367,0.007756913485259019,-0.028361600344907856,-15.419750107734199,-36.27220303297045,-61.25
1773079190.803676,26.688157132371824,0.7244201705767233,-7.400442715594613,0.6204747258969637,1.179706165647941,9.776625789337958,0.002392810656742693,0.0004733034345826715,-0.008726646259971648,-15.419750107734199,-36.27220303297045,-61.25
1773079190.8161426,26.688157132371824,0.7244201705767233,-7.400442715594613,0.6204747258969637,1.179706165647941,9.776625789337958,0.002392810656742693,0.0004733034345826715,-0.008726646259971648,-15.419750107734199,-36.27220303297045,-61.25
1773079190.8307285,26.62058068273651,0.7391698322736853,-7.431141185687432,0.6648207209540012,1.2847724809231236,9.764374053667536,-0.008309101516460624,0.0068103066160936756,-0.06654067773228381,-15.419750107734199,-36.27220303297045,-61.25
1773079190.8445754,26.59180929602828,0.7413582107846606,-7.422536410811237,0.6943324852872363,1.3546929400711138,9.796362000927559,0.0089138765153209,0.007730620001429683,-0.04908738521234052,-15.419750107734199,-36.27220303297045,-61.25
1773079190.8595903,26.59180929602828,0.7413582107846606,-7.422536410811237,0.6943324852872363,1.3546929400711138,9.796362000927559,0.0089138765153209,0.007730620001429683,-0.04908738521234052,-15.419750107734199,-36.27220303297045,-61.25
1773079190.875315,26.545006723614318,0.7408002268751558,-7.42906028864357,0.6826054642534336,1.413319377002214,9.81764962250032,-0.003944192524768311,-0.010228608738620644,-0.038179077387375956,-14.69358279611258,-37.638662796568426,-62.0
1773079190.8925266,26.51663972548072,0.7364755326751894,-7.422949968391138,0.6162607305826745,1.2394598771673209,9.848541855395274,-0.0007625441920981415,0.0013410257071290814,-0.02399827721492203,-14.69358279611258,-37.638662796568426,-62.0
1773079190.90644,26.513943378540812,0.738763918897144,-7.429062659626791,0.6403257081031154,1.3339721275968426,9.869100291298013,0.01356802626452868,-0.008256510403671025,-0.009817477042468103,-14.69358279611258,-37.638662796568426,-62.0
1773079190.9187362,26.513943378540812,0.738763918897144,-7.429062659626791,0.6403257081031154,1.3339721275968426,9.869100291298013,0.01356802626452868,-0.008256510403671025,-0.009817477042468103,-14.69358279611258,-37.638662796568426,-62.0
1773079190.9314737,26.46372795839335,0.7289857921662243,-7.432164625551876,0.6669037840666644,1.3974334160350963,9.862711030494593,0.010149724142001713,0.0039967836375579095,-0.05235987755982989,-15.903359321932234,-36.85223288387707,-61.25
1773079190.944289,26.417136471072627,0.725930548400197,-7.432160671788198,0.6845911967238442,1.4396661945817126,9.851768825387998,0.001525088384196283,-0.002682051414258163,-0.03599741582238305,-15.903359321932234,-36.85223288387707,-61.25
1773079190.9580383,26.381430663329056,0.7311428802120663,-7.452334952108668,0.6722522982793188,1.4431781522735876,9.844486910121999,-0.00804615424277449,-0.00457526515258885,-0.03490658503988659,-15.903359321932234,-36.85223288387707,-61.25
1773079190.9724607,26.381430663329056,0.7311428802120663,-7.452334952108668,0.6722522982793188,1.4431781522735876,9.844486910121999,-0.00804615424277449,-0.00457526515258885,-0.03490658503988659,-15.903359321932234,-36.85223288387707,-61.25
1773079190.9868777,26.372625223331383,0.7296002843392548,-7.430077770079616,0.6496073496994047,1.4182609029459892,9.839640876856802,-0.018379941061843402,-0.005127453183790454,-0.002181661564992912,-15.240468097681596,-37.03452790523391,-62.5
1773079190.9992626,26.35957942050725,0.7287850359830845,-7.430483709286858,0.5972843234523767,1.2662130090454489,9.84979634268183,-0.0022087479796754914,-0.003917899040938976,-0.025089107997418487,-15.240468097681596,-37.03452790523391,-62.5
1773079191.0135484,26.35957942050725,0.7287850359830845,-7.430483709286858,0.5972843234523767,1.2662130090454489,9.84979634268183,-0.0022087479796754914,-0.003917899040938976,-0.025089107997418487,-15.240468097681596,-37.03452790523391,-62.5
1773079191.0271575,26.322198857281354,0.7238594594910831,-7.424158195810621,0.565931214137113,1.1397882770575278,9.856554691744398,-0.00688919121271261,-0.0003681253541344029,-0.03599741582238305,-15.240468097681596,-37.03452790523391,-62.5
1773079191.0394566,26.290122999897857,0.7373523304007926,-7.42571725468804,0.577077913078073,1.0711358318977051,9.861052297549831,0.010623027576584385,0.0016039729808152163,-0.025089107997418487,-15.055159827522019,-37.539229148555606,-61.6875
1773079191.0517504,26.290122999897857,0.7373523304007926,-7.42571725468804,0.577077913078073,1.0711358318977051,9.861052297549831,0.010623027576584385,0.0016039729808152163,-0.025089107997418487,-15.055159827522019,-37.539229148555606,-61.6875
1773079191.0662572,26.24622093659203,0.7304540937868907,-7.4351225594301615,0.5880438277472336,1.0383498958578037,9.857355180557159,0.01635525575923511,-0.002235041463504826,-0.04363323129985824,-15.055159827522019,-37.539229148555606,-61.6875
1773079191.0800054,26.23069022963098,0.7310083404546618,-7.4195918524690985,0.5469608990276468,1.0298358880689185,9.734470769034541,-0.014435748537075091,0.005101155554830192,-0.028361600344907856,-15.055159827522019,-37.539229148555606,-61.6875
1773079191.0942354,26.23069022963098,0.7310083404546618,-7.4195918524690985,0.5469608990276468,1.0298358880689185,9.734470769034541,-0.014435748537075091,0.005101155554830192,-0.028361600344907856,-15.055159827522019,-37.539229148555606,-61.6875
1773079191.1066155,26.214960030732094,0.7324667506582515,-7.426115272640881,0.564856534660551,1.1886640272708224,9.652692565875059,-0.005548165505583527,0.00039441883796373844,0.001090830782496456,-15.240468097681596,-37.03452790523391,-62.0625
1773079191.120544,26.1712561170588,0.7246706275814458,-7.413459803820162,0.5632999521139248,1.1697016444499528,9.678552766170474,-0.011359278284853192,0.012174409444610002,-0.02399827721492203,-15.240468097681596,-37.03452790523391,-62.0625
1773079191.1334224,26.1712561170588,0.7246706275814458,-7.413459803820162,0.5632999521139248,1.1697016444499528,9.678552766170474,-0.011359278284853192,0.012174409444610002,-0.02399827721492203,-15.240468097681596,-37.03452790523391,-62.0625
1773079191.1462438,26.164728786047693,0.7242634972048785,-7.41366144124978,0.5687148134752609,1.1553084349859906,9.73590378107754,-0.011280393688234256,0.004233433282283781,-0.013089969389957472,-15.240468097681596,-37.03452790523391,-62.0625
1773079191.1587903,26.164728786047693,0.7242634972048785,-7.41366144124978,0.5687148134752609,1.1553084349859906,9.73590378107754,-0.011280393688234256,0.004233433282283781,-0.013089969389957472,-15.240468097681596,-37.03452790523391,-62.0625
1773079191.174435,26.111418227976266,0.7232779860770338,-7.4203780772378245,0.5723183432232651,1.1457299148704083,9.77407024084538,0.012542534798744405,0.004470087072140581,-0.05890486225480862,-15.174178999006383,-36.79347655096095,-62.875
1773079191.1890569,26.083242021281965,0.7149170704277222,-7.4232440275461995,0.5396405086959879,1.0622690570489397,9.759328252985753,0.002103569899227223,-0.00057848151503094,-0.008726646259971648,-15.174178999006383,-36.79347655096095,-62.875
1773079191.201461,26.083242021281965,0.7149170704277222,-7.4232440275461995,0.5396405086959879,1.0622690570489397,9.759328252985753,0.002103569899227223,-0.00057848151503094,-0.008726646259971648,-15.174178999006383,-36.79347655096095,-62.875
1773079191.2150402,26.067313462949002,0.7188337805888378,-7.436296635393394,0.5436161298987631,1.100262658527888,9.719411619378093,-0.007651735404810751,0.0009729003529946785,-0.02945243112740431,-15.174178999006383,-36.79347655096095,-62.875
1773079191.2303,26.029525398653462,0.7204522223931616,-7.4274904971854525,0.5125567065116031,1.0029827323947529,9.716263327561444,-0.005732228182650729,0.003839014444320043,-0.028361600344907856,-14.939153904840396,-37.117389278577924,-62.875
1773079191.243142,26.029525398653462,0.7204522223931616,-7.4274904971854525,0.5125567065116031,1.0029827323947529,9.716263327561444,-0.005732228182650729,0.003839014444320043,-0.028361600344907856,-14.939153904840396,-37.117389278577924,-62.875
1773079191.2578728,26.007469714799726,0.7190262215680707,-7.427685584590838,0.5556687750621147,1.1323309595280313,9.714168174526188,0.00504856858717152,-0.010438964899517181,0.004363323129985824,-14.939153904840396,-37.117389278577924,-62.875
1773079191.270639,25.954157185021348,0.719635585306712,-7.4188739363376675,0.5515411979622955,1.0990718910987933,9.712773873585618,-0.005916290859717931,0.007283610050676347,-0.05999569303730508,-14.939153904840396,-37.117389278577924,-62.875
1773079191.2830749,25.954157185021348,0.719635585306712,-7.4188739363376675,0.5515411979622955,1.0990718910987933,9.712773873585618,-0.005916290859717931,0.007283610050676347,-0.05999569303730508,-14.939153904840396,-37.117389278577924,-62.875
1773079191.2978797,25.95334676485118,0.7310875287062015,-7.429476981678916,0.5487943415104232,1.0769383525872733,9.701810646763073,0.011569634445749726,-0.00318164833267017,-0.008726646259971648,-14.089447904778066,-37.09177749499941,-61.6875
1773079191.3106825,25.91617576698432,0.7221110319013799,-7.432125877342512,0.5308394650812259,1.0666436187566042,9.694514741779937,0.002944998687944297,-0.009860483384486243,-0.026179938779914945,-14.089447904778066,-37.09177749499941,-61.6875
1773079191.324215,25.91617576698432,0.7221110319013799,-7.432125877342512,0.5308394650812259,1.0666436187566042,9.694514741779937,0.002944998687944297,-0.009860483384486243,-0.026179938779914945,-14.089447904778066,-37.09177749499941,-61.6875
1773079191.3378286,25.894320480131878,0.7182270348077563,-7.425786876136735,0.5082469622644936,1.0210880904443098,9.709730068758175,-0.008677226870595026,0.013699497828806285,-0.02945243112740431,-14.089447904778066,-37.09177749499941,-61.6875
1773079191.3506913,25.894320480131878,0.7182270348077563,-7.425786876136735,0.5082469622644936,1.0210880904443098,9.709730068758175,-0.008677226870595026,0.013699497828806285,-0.02945243112740431,-14.089447904778066,-37.09177749499941,-61.6875
1773079191.3643053,25.877986971464697,0.7286543727603223,-7.436389745567788,0.5893280510377761,1.2141286053254057,9.719855698895852,0.00504856858717152,-0.010438964899517181,0.006544984694978736,-15.602045129091035,-36.93509425722109,-62.875
1773079191.377443,25.818761785664297,0.7182455741188273,-7.439224506085845,0.5749893223470872,1.0942410497438797,9.726594192641777,0.00202468530260829,0.0073624946472952806,-0.05345070834232634,-15.602045129091035,-36.93509425722109,-62.875
1773079191.3918245,25.8032402607867,0.717226374786915,-7.439216176500451,0.5666565725494758,1.0314710726411782,9.731078584955783,0.002655757930428827,-0.010912268334099853,-0.003272492347489368,-15.602045129091035,-36.93509425722109,-62.875
1773079191.4090412,25.8032402607867,0.717226374786915,-7.439216176500451,0.5666565725494758,1.0314710726411782,9.731078584955783,0.002655757930428827,-0.010912268334099853,-0.003272492347489368,-15.602045129091035,-36.93509425722109,-62.875
1773079191.4218972,25.76771203771271,0.7198783227475177,-7.4528799475521135,0.5256320975233582,0.9994551094279469,9.724027562824851,-0.00010517808044826849,-0.004496380555969916,-0.038179077387375956,-14.39528185207412,-36.55393170234011,-62.875
1773079191.4344265,25.745445502701095,0.7225342566746115,-7.444086898054691,0.5009917009474436,0.9878249680382084,9.74944119172767,-0.002682051414258163,-0.001525088384196283,-0.01090830782496456,-14.39528185207412,-36.55393170234011,-62.875
1773079191.4467642,25.745445502701095,0.7225342566746115,-7.444086898054691,0.5009917009474436,0.9878249680382084,9.74944119172767,-0.002682051414258163,-0.001525088384196283,-0.01090830782496456,-14.39528185207412,-36.55393170234011,-62.875
1773079191.4650671,25.72217253172093,0.7374294063075904,-7.467978676728455,0.5562777291021664,1.1650604872089287,9.779734124702935,0.003050176768392566,-0.005364102828516326,-0.03381575425739013,-14.39528185207412,-36.55393170234011,-62.875
1773079191.478624,25.668051339523995,0.7494666769394479,-7.469807898876167,0.5660574633613337,1.1343189670219702,9.836689961984256,0.0038390144443200434,0.005732228182650729,-0.03381575425739013,-13.794159972043838,-37.43226249728519,-62.0625
1773079191.4937756,25.668051339523995,0.7494666769394479,-7.469807898876167,0.5660574633613337,1.1343189670219702,9.836689961984256,0.0038390144443200434,0.005732228182650729,-0.03381575425739013,-13.794159972043838,-37.43226249728519,-62.0625
1773079191.5067132,25.63047483791524,0.7470083610297142,-7.469998083867526,0.6115927887121343,1.2557773212177168,9.874593435456584,7.888459661893297e-05,-0.00794097616232622,-0.025089107997418487,-13.794159972043838,-37.43226249728519,-62.0625
1773079191.519257,25.62393621800889,0.7465975448860801,-7.470200272506915,0.5770660189902669,1.201785828762859,9.863021544862361,-7.888459661893297e-05,0.00794097616232622,-0.02181661564992912,-13.794159972043838,-37.43226249728519,-62.0625
1773079191.5315752,25.62393621800889,0.7465975448860801,-7.470200272506915,0.5770660189902669,1.201785828762859,9.863021544862361,-7.888459661893297e-05,0.00794097616232622,-0.02181661564992912,-13.794159972043838,-37.43226249728519,-62.0625
1773079191.5455465,25.62331770059073,0.7572326993450167,-7.458778322177937,0.5789242167148172,1.2561655888699315,9.855320580938395,-0.0013410257071290814,-0.0007625441920981415,0.003272492347489368,-14.577576873430957,-37.216822926590744,-62.875
1773079191.5581458,25.59146425473147,0.7666055163715716,-7.469406906244112,0.5785481454842617,1.2234123263790495,9.816744558399206,-0.007835798081877952,0.004417495959350983,-0.04145156973486533,-14.577576873430957,-37.216822926590744,-62.875
1773079191.5725565,25.59146425473147,0.7666055163715716,-7.469406906244112,0.5785481454842617,1.2234123263790495,9.816744558399206,-0.007835798081877952,0.004417495959350983,-0.04145156973486533,-14.577576873430957,-37.216822926590744,-62.875
1773079191.5903502,25.569406581981575,0.765171085516529,-7.469605702973954,0.6167604668923556,1.2153232422702613,9.824523763394975,0.008729813838253697,0.011175215607785989,-0.01090830782496456,-14.577576873430957,-37.216822926590744,-62.875
1773079191.6046991,25.532837855753947,0.7816362187249912,-7.500477285800821,0.642190339929843,1.2099400471568529,9.796249620347053,0.011280393688234256,-0.004233433282283781,-0.050178215994836975,-14.191894801593625,-36.28576205883652,-60.5
1773079191.6183329,25.480570144748057,0.765056774495675,-7.505537427681201,0.6526628867080465,1.2081315464634783,9.79415905252813,-0.005521872021754192,0.012831775556259875,-0.038179077387375956,-14.191894801593625,-36.28576205883652,-60.5
1773079191.6311815,25.480570144748057,0.765056774495675,-7.505537427681201,0.6526628867080465,1.2081315464634783,9.79415905252813,-0.005521872021754192,0.012831775556259875,-0.038179077387375956,-14.191894801593625,-36.28576205883652,-60.5
1773079191.6458645,25.480570144748057,0.765056774495675,-7.505537427681201,0.5728696781437195,1.1058931375343606,9.79276780299781,-0.004969683990552587,0.0024979887371909615,0.018544123302439753,-14.191894801593625,-36.28576205883652,-60.5
1773079191.659771,25.45871504608853,0.7611833606013435,-7.4991926248667955,0.5197681891927033,1.037854618469893,9.808567500513254,0.00086772227254641,0.003155354848840835,-0.039269908169872414,-13.607345196232146,-37.22435569234984,-61.6875
1773079191.6722527,25.45871504608853,0.7611833606013435,-7.4991926248667955,0.5197681891927033,1.037854618469893,9.808567500513254,0.00086772227254641,0.003155354848840835,-0.039269908169872414,-13.607345196232146,-37.22435569234984,-61.6875
1773079191.6893995,25.44195872439447,0.7814614203094178,-7.476376626274963,0.53926111357087,0.9774971221494122,9.832462469544874,-0.00486450591010432,0.006994369293160878,-0.001090830782496456,-13.607345196232146,-37.22435569234984,-61.6875
1773079191.703027,25.419488850134744,0.7865680179173877,-7.474146666879198,0.5831970277256573,1.0120779452003834,9.848364304511124,0.004680443233037117,-0.003549773686804573,-0.037088246604879506,-13.607345196232146,-37.22435569234984,-61.6875
1773079191.7166088,25.419488850134744,0.7865680179173877,-7.474146666879198,0.5831970277256573,1.0120779452003834,9.848364304511124,0.004680443233037117,-0.003549773686804573,-0.037088246604879506,-13.607345196232146,-37.22435569234984,-61.6875
1773079191.7306225,25.34475009141993,0.7751029376101105,-7.476964501068557,0.6000181991567668,0.9899358490420544,9.795389675606959,-0.007730620001429684,0.0089138765153209,-0.06217735460229799,-14.878891066272157,-37.13396155324673,-63.25
1773079191.7440357,25.32923557293206,0.7740778307752009,-7.476959095322214,0.551623691022774,1.0991355506153018,9.760135651836615,-0.003260532929289103,-0.003628658283423506,-0.001090830782496456,-14.878891066272157,-37.13396155324673,-63.25
1773079191.7581675,25.32923557293206,0.7740778307752009,-7.476959095322214,0.551623691022774,1.0991355506153018,9.760135651836615,-0.003260532929289103,-0.003628658283423506,-0.001090830782496456,-14.878891066272157,-37.13396155324673,-63.25
1773079191.7759259,25.285306902363985,0.7721862625244719,-7.4397782167270945,0.49901719797743777,1.0976231111052863,9.760090274781938,-0.011753697122816929,0.006626243939026475,-0.031634092692397225,-14.878891066272157,-37.13396155324673,-63.25
1773079191.789674,25.291852900807168,0.7725953956644348,-7.439576423197317,0.518839536601368,1.081537977583292,9.780130747102861,0.00649477237474887,-0.005180040151449124,0.013089969389957472,-13.607345196232146,-37.22435569234984,-61.25
1773079191.8021288,25.291852900807168,0.7725953956644348,-7.439576423197317,0.518839536601368,1.081537977583292,9.780130747102861,0.00649477237474887,-0.005180040151449124,0.013089969389957472,-13.607345196232146,-37.22435569234984,-61.25
1773079191.8172884,25.24773209646796,0.7697369417313638,-7.439967903000545,0.5481579556704358,1.0663986121061977,9.793467457565692,0.00039441883796373844,0.005548165505583527,-0.05890486225480862,-13.607345196232146,-37.22435569234984,-61.25
1773079191.8306797,25.203811267834173,0.7644607241507901,-7.43380929728266,0.5676690360527001,1.0563235334989847,9.742130878666138,0.008151332323222757,0.009071645708558765,-0.0272707695624114,-13.607345196232146,-37.22435569234984,-61.25
1773079191.8450534,25.18093794806051,0.7744124347010668,-7.444683085374641,0.5446098774269055,1.069938538841024,9.707966958875646,0.0012095541428514768,-0.016171193082167912,-0.0272707695624114,-13.010743070656721,-37.64770206797963,-63.6875
1773079191.8587112,25.18093794806051,0.7744124347010668,-7.444683085374641,0.5446098774269055,1.069938538841024,9.707966958875646,0.0012095541428514768,-0.016171193082167912,-0.0272707695624114,-13.010743070656721,-37.64770206797963,-63.6875
1773079191.8743663,25.143363860337,0.771961296315873,-7.4448712280460585,0.5540996422342825,1.1693096680178672,9.685231251891064,-0.008598342273976094,0.005758521666480065,-0.03381575425739013,-13.010743070656721,-37.64770206797963,-63.6875
1773079191.8871572,25.134400969677262,0.771350292821908,-7.444662813857476,0.5604149747059732,1.2354400444368099,9.703552009940507,-0.0009729003529946786,-0.007651735404810751,0.003272492347489368,-13.010743070656721,-37.64770206797963,-63.6875
1773079191.900089,25.134400969677262,0.771350292821908,-7.444662813857476,0.5604149747059732,1.2354400444368099,9.703552009940507,-0.0009729003529946786,-0.007651735404810751,0.003272492347489368,-13.010743070656721,-37.64770206797963,-63.6875
1773079191.9156284,25.090279074411637,0.7684893764011571,-7.445049940163718,0.596871506208744,1.270579293617064,9.732469828302731,-0.00231392606012376,-0.008414279596908892,-0.025089107997418487,-13.067992897920726,-36.205913696796735,-61.25
1773079191.9302144,25.07455939555006,0.7716085528090546,-7.436081411933146,0.5812189214693981,1.1488222041115295,9.788510542170107,0.004496380555969916,-0.00010517808044826856,-0.007635815477475192,-13.067992897920726,-36.205913696796735,-61.25
1773079191.9427881,25.061458117911254,0.7707898515785666,-7.436483142781849,0.6164413340324649,1.2842168709144712,9.825805011233053,0.0008414287887170748,-0.009282001869455303,-0.022907446432425576,-13.067992897920726,-36.205913696796735,-61.25
1773079191.9560876,25.061458117911254,0.7707898515785666,-7.436483142781849,0.6164413340324649,1.2842168709144712,9.825805011233053,0.0008414287887170748,-0.009282001869455303,-0.022907446432425576,-13.067992897920726,-36.205913696796735,-61.25
1773079191.9695902,25.045738627072204,0.7739125348889747,-7.427515509730231,0.5686813299816448,1.1406421022195175,9.820518058422053,-0.008887583031491564,0.004706736716866453,-0.02399827721492203,-12.944453971981508,-37.406650713706675,-61.6875
1773079191.9836278,25.029416627658765,0.7842596448699851,-7.43820329761832,0.5670548246462969,1.154757441673419,9.760132751361036,0.002760936010877096,-0.0064158877781299375,-0.01090830782496456,-12.944453971981508,-37.406650713706675,-61.6875
1773079191.9959497,25.029416627658765,0.7842596448699851,-7.43820329761832,0.5670548246462969,1.154757441673419,9.760132751361036,0.002760936010877096,-0.0064158877781299375,-0.01090830782496456,-12.944453971981508,-37.406650713706675,-61.6875
1773079192.0112658,25.00735477906927,0.7828303590651092,-7.4383982750056505,0.6079022762915488,1.1526203315189198,9.776813903084436,-0.00631070969768167,0.00173544454509282,-0.038179077387375956,-12.944453971981508,-37.406650713706675,-61.6875
1773079192.0243952,24.94854068552054,0.7658465341024763,-7.443584801213672,0.6350857990655312,1.1511981085841851,9.76784435297177,0.0054692809089645945,0.007546557324362482,-0.037088246604879506,-13.491339273550523,-36.80251582237216,-61.25
1773079192.0367255,24.94854068552054,0.7658465341024763,-7.443584801213672,0.6350857990655312,1.1511981085841851,9.76784435297177,0.0054692809089645945,0.007546557324362482,-0.037088246604879506,-13.491339273550523,-36.80251582237216,-61.25
1773079192.0543993,24.935233710928067,0.7674283363060532,-7.4505388608248,0.6371298865420018,1.1928265803085873,9.80536166976338,0.005627050102202461,-0.00833539500028996,-0.02399827721492203,-13.491339273550523,-36.80251582237216,-61.25
1773079192.069282,24.91337087450274,0.7635955507249541,-7.44417543297191,0.5615650187015642,1.1931141708187212,9.816948578163032,-0.011201509091615325,-0.00370754288004244,0.008726646259971648,-13.491339273550523,-36.80251582237216,-61.25
1773079192.0823545,24.919924823509994,0.7640057785546114,-7.443975363054131,0.4970857991056848,1.141699561827024,9.824659536268753,0.0005521880312016048,-0.010333786819068913,-0.015271630954950384,-12.384009644546428,-36.78293029890062,-61.25
1773079192.0984945,24.919924823509994,0.7640057785546114,-7.443975363054131,0.4970857991056848,1.141699561827024,9.824659536268753,0.0005521880312016048,-0.010333786819068913,-0.015271630954950384,-12.384009644546428,-36.78293029890062,-61.25
1773079192.1118228,24.86070105555944,0.7535692896548455,-7.446741302639857,0.5169091398038295,1.0832934090202266,9.823100869336423,0.0028924075751547,0.010517849496136114,-0.05345070834232634,-12.384009644546428,-36.78293029890062,-61.25
1773079192.124212,24.823541476370398,0.7445620603466306,-7.449311592236693,0.5415514316045126,1.0482145831441756,9.815373370489771,0.007467672727743549,0.002471695253361626,-0.015271630954950384,-12.384009644546428,-36.78293029890062,-61.25
1773079192.1365228,24.823541476370398,0.7445620603466306,-7.449311592236693,0.5415514316045126,1.0482145831441756,9.815373370489771,0.007467672727743549,0.002471695253361626,-0.015271630954950384,-12.384009644546428,-36.78293029890062,-61.25
1773079192.149632,24.785971788455644,0.7421091701388762,-7.449482250586353,0.5641594458467221,1.047447640182647,9.810230806329143,-0.007467672727743549,-0.002471695253361626,-0.022907446432425576,-13.946323692865809,-36.80703557682701,-63.25
1773079192.1637735,24.779613565122936,0.7393047398141803,-7.443124027253639,0.517761430564773,1.126281461375034,9.800118263911811,-0.017328156112229792,-0.005416693941305923,0.01090830782496456,-13.946323692865809,-36.80703557682701,-63.25
1773079192.1763165,24.779613565122936,0.7393047398141803,-7.443124027253639,0.517761430564773,1.126281461375034,9.800118263911811,-0.017328156112229792,-0.005416693941305923,0.01090830782496456,-13.946323692865809,-36.80703557682701,-63.25
1773079192.1907725,24.807822302538206,0.7477018069935002,-7.440346938147826,0.48688406969442716,1.1787444887470835,9.793388479897576,-0.007572850808191817,-0.0069680758093315425,0.037088246604879506,-13.946323692865809,-36.80703557682701,-63.25
1773079192.205301,24.77045121846397,0.7428592188656056,-7.433961680594681,0.5428575490931411,1.1891452063393662,9.812325665763952,-0.01319990091039428,0.0013673191909584171,-0.0272707695624114,-12.961026246650311,-37.46691355227491,-62.875
1773079192.217604,24.77045121846397,0.7428592188656056,-7.433961680594681,0.5428575490931411,1.1891452063393662,9.812325665763952,-0.01319990091039428,0.0013673191909584171,-0.0272707695624114,-12.961026246650311,-37.46691355227491,-62.875
1773079192.231016,24.764122160581703,0.736513041635039,-7.4586154317948745,0.552610963802534,1.0960801480151872,9.848343933367035,0.0207727517185861,0.0056007566183731245,-0.016362461737446838,-12.961026246650311,-37.46691355227491,-62.875
1773079192.2446926,24.748005928604943,0.7444388243384815,-7.462765403331341,0.5558763775098793,1.0350333690654496,9.848897906155239,0.007520263840533146,-0.017906637627260732,-0.022907446432425576,-12.961026246650311,-37.46691355227491,-62.875
1773079192.257272,24.748005928604943,0.7444388243384815,-7.462765403331341,0.5558763775098793,1.0350333690654496,9.848897906155239,0.007520263840533146,-0.017906637627260732,-0.022907446432425576,-12.961026246650311,-37.46691355227491,-62.875
1773079192.2695537,24.706896572960687,0.7310414156593672,-7.474881691668906,0.5502279357636057,1.04165915894938,9.842576345442868,0.008151332323222757,0.009071645708558765,-0.03490658503988659,-11.635243798149032,-37.83150359498858,-64.0
1773079192.283578,24.71264429367578,0.7427905150893679,-7.485409861412,0.5492911559094518,1.1320247853876866,9.794882965210094,0.010885974850270519,-0.00978159878786731,0.013089969389957472,-11.635243798149032,-37.83150359498858,-64.0
1773079192.2959876,24.71264429367578,0.7427905150893679,-7.485409861412,0.5492911559094518,1.1320247853876866,9.794882965210094,0.010885974850270519,-0.00978159878786731,0.013089969389957472,-11.635243798149032,-37.83150359498858,-64.0
1773079192.3087442,24.691588953470372,0.7276290823519697,-7.468306205749252,0.5297186702053931,1.1106407518476389,9.769833776849786,-0.016907443790436717,0.012568828282573741,-0.020725784867432664,-11.635243798149032,-37.83150359498858,-64.0
1773079192.3214686,24.691588953470372,0.7276290823519697,-7.468306205749252,0.5297186702053931,1.1106407518476389,9.769833776849786,-0.016907443790436717,0.012568828282573741,-0.020725784867432664,-11.635243798149032,-37.83150359498858,-64.0
1773079192.3379428,24.682444656777488,0.729406273514172,-7.474649459173473,0.5095975775268579,1.0706069177702462,9.75316382181377,-0.000946606869165343,0.004785621313485386,-0.01090830782496456,-12.198701374386852,-37.28763154222231,-62.875
1773079192.3541822,24.644877655652422,0.7269450639078147,-7.474811861645343,0.49620721511662524,1.0439648483989703,9.758795711489498,-0.002760936010877096,0.0064158877781299375,-0.04254240051736178,-12.198701374386852,-37.28763154222231,-62.875
1773079192.371167,24.617496296797604,0.7054166744383262,-7.482340898673917,0.5066483274866126,1.0209129822826948,9.772579006278322,0.006337003181511005,0.010701912173203315,-0.014180800172453928,-12.198701374386852,-37.28763154222231,-62.875
1773079192.3873694,24.61115457237056,0.7008266924741465,-7.4914811030921085,0.5579456591431927,1.1668409643372646,9.771716299868835,0.00717843197022808,0.0014199103037480147,-0.019634954084936207,-12.563291654599032,-36.020605426637154,-63.1875
1773079192.4020565,24.579929779245113,0.7029530671747866,-7.482493961354865,0.544186661281947,1.0897841655075782,9.767797066683064,0.00173544454509282,0.00631070969768167,-0.018544123302439753,-12.563291654599032,-36.020605426637154,-63.1875
1773079192.4200838,24.579929779245113,0.7029530671747866,-7.482493961354865,0.544186661281947,1.0897841655075782,9.767797066683064,0.00173544454509282,0.00631070969768167,-0.018544123302439753,-12.563291654599032,-36.020605426637154,-63.1875
1773079192.4359872,24.580344210792052,0.6963931451235303,-7.484875962709265,0.5124525781005421,1.0447125709885565,9.704976850046888,-0.005837406263098997,-0.0006573661116498731,-0.007635815477475192,-12.563291654599032,-36.020605426637154,-63.1875
1773079192.4493248,24.54297404592815,0.6915490798438789,-7.478464122217072,0.4904469224760692,1.0114925534898733,9.706657149818467,-0.005442987425135259,0.004890799393933655,-0.04036073895236887,-12.778731225293475,-36.804022328024274,-62.5
1773079192.4616804,24.54297404592815,0.6915490798438789,-7.478464122217072,0.4904469224760692,1.0114925534898733,9.706657149818467,-0.005442987425135259,0.004890799393933655,-0.04036073895236887,-12.778731225293475,-36.804022328024274,-62.5
1773079192.4746926,24.507372456936316,0.6958435684141703,-7.476647598893144,0.48547852896418664,0.986724069655857,9.707775370546273,0.005837406263098997,0.0006573661116498731,-0.018544123302439753,-12.778731225293475,-36.804022328024274,-62.5
1773079192.4882646,24.491870331474335,0.6948197789349487,-7.476623983461317,0.486607007383543,0.9863677944912859,9.755351097851754,-0.01348914166790975,0.00031553424134480543,-0.020725784867432664,-12.778731225293475,-36.804022328024274,-62.5
1773079192.500634,24.491870331474335,0.6948197789349487,-7.476623983461317,0.486607007383543,0.9863677944912859,9.755351097851754,-0.01348914166790975,0.00031553424134480543,-0.020725784867432664,-12.778731225293475,-36.804022328024274,-62.5
1773079192.5151486,24.492041738229968,0.694251097041285,-7.454559403704706,0.4873579971656947,0.9861306973491182,9.787012212917857,-0.014251685860007891,0.0016565599484738873,-0.003272492347489368,-12.380996395743688,-37.95052276647295,-63.6875
1773079192.5282285,24.475540579037315,0.7069204046036868,-7.471847942612388,0.532690471159149,1.0985384946519048,9.79470188448724,0.001893213738330686,-0.009571242626970773,-0.025089107997418487,-12.380996395743688,-37.95052276647295,-63.6875
1773079192.540809,24.421626473306322,0.7183809927323271,-7.451729321572395,0.5523762675442185,1.0721484944093755,9.799819275017406,-0.02479582883997334,-0.00788838919466755,-0.0545415391248228,-12.380996395743688,-37.95052276647295,-63.6875
1773079192.5559163,24.421626473306322,0.7183809927323271,-7.451729321572395,0.5523762675442185,1.0721484944093755,9.799819275017406,-0.02479582883997334,-0.00788838919466755,-0.0545415391248228,-12.380996395743688,-37.95052276647295,-63.6875
1773079192.5693543,24.408498267119327,0.7175560114060101,-7.452120928523148,0.5663639228939124,1.0578116188725655,9.813260176372191,-0.011201509091615325,-0.00370754288004244,-0.030543261909900768,-12.380996395743688,-37.95052276647295,-63.6875
1773079192.5820973,24.408498267119327,0.7175560114060101,-7.452120928523148,0.5627710519608864,1.0518184993969497,9.822204946079095,-0.016197486565997246,-0.013646910861147615,-0.02945243112740431,-11.535810150136212,-37.46992656357914,-64.0
1773079192.5955336,24.408498267119327,0.7175560114060101,-7.452120928523148,0.5627710519608864,1.0518184993969497,9.822204946079095,-0.016197486565997246,-0.013646910861147615,-0.02945243112740431,-11.535810150136212,-37.46992656357914,-64.0
1773079192.6109564,24.34782601212951,0.7309951094273568,-7.438775301019075,0.5249009133712343,1.057586900695487,9.824812478692095,-0.009571242626970773,-0.001893213738330686,-0.019634954084936207,-11.535810150136212,-37.46992656357914,-64.0
1773079192.6250763,24.36054549131363,0.738382866917117,-7.436013750611863,0.5200992476612293,1.1356093283888165,9.826547762517999,0.006205531617233401,-0.006231825101062736,0.032724923474893676,-11.535810150136212,-37.46992656357914,-64.0
1773079192.6374078,24.36054549131363,0.738382866917117,-7.436013750611863,0.5200992476612293,1.1356093283888165,9.826547762517999,0.006205531617233401,-0.006231825101062736,0.032724923474893676,-11.535810150136212,-37.46992656357914,-64.0
1773079192.6565397,24.338891864565465,0.7303875327509675,-7.4385596774132265,0.5569790791505387,1.131410865511481,9.827702574519748,0.00688919121271261,0.0003681253541344029,-0.037088246604879506,-12.198701374386852,-37.28763154222231,-62.5
1773079192.6701221,24.281256256154403,0.7295948622948946,-7.467935539894048,0.5877310393532535,1.1511944591693402,9.841851535836094,0.03176390464930488,0.0003155383864757321,-0.017453292519943295,-12.198701374386852,-37.28763154222231,-62.5
1773079192.6836321,24.243495877241426,0.7294977179150526,-7.47465711262714,0.601745375688307,1.1661341752717926,9.814471282757355,-0.015145701616383634,-0.013936151618663085,-0.04581489286485115,-12.198701374386852,-37.28763154222231,-62.5
1773079192.7007926,24.243495877241426,0.7294977179150526,-7.47465711262714,0.601745375688307,1.1661341752717926,9.814471282757355,-0.015145701616383634,-0.013936151618663085,-0.04581489286485115,-12.198701374386852,-37.28763154222231,-62.5
1773079192.7145367,24.21486198431912,0.7276458789901346,-7.4750280411339425,0.5401135137314477,1.1955899001744683,9.849771817508032,-0.0015513818680256185,-0.009755305304037974,-0.04363323129985824,-11.754262969633396,-37.08575099739393,-64.0
1773079192.7271912,24.235490170860498,0.7511480845265799,-7.474334508521759,0.5097419311943796,1.2538968540028883,9.879954152466436,-0.005022270958211259,-0.022376724699401312,0.013089969389957472,-11.754262969633396,-37.08575099739393,-64.0
1773079192.740722,24.23507686422224,0.7577155079297875,-7.471972328949566,0.5379912483098372,1.1787631219198431,9.90004015922248,-0.002682051414258163,-0.001525088384196283,-0.007635815477475192,-11.754262969633396,-37.08575099739393,-64.0
1773079192.7567182,24.23507686422224,0.7577155079297875,-7.471972328949566,0.5379912483098372,1.1787631219198431,9.90004015922248,-0.002682051414258163,-0.001525088384196283,-0.007635815477475192,-11.754262969633396,-37.08575099739393,-64.0
1773079192.7732928,24.20959477225776,0.7752702043261743,-7.4425918006293115,0.5718694752077604,1.1835938346099264,9.916752284050549,0.012463650202125472,0.012411063234466802,-0.02399827721492203,-11.754262969633396,-37.08575099739393,-64.0
1773079192.7869086,24.14281748979613,0.7761889906048238,-7.478344859464589,0.5944150567637372,1.1868086199425805,9.904458234485727,0.01635525575923511,-0.002235041463504826,-0.04799655442984406,-11.538823398938954,-36.30233409600681,-62.5
1773079192.7997167,24.12136335264914,0.7658256753886904,-7.474312748101913,0.5803905159778197,1.1969308235116163,9.836064671102122,0.03505071862703055,0.15214069233983926,-0.04036073895236887,-11.538823398938954,-36.30233409600681,-62.5
1773079192.814344,24.12136335264914,0.7658256753886904,-7.474312748101913,0.5803905159778197,1.1969308235116163,9.836064671102122,0.03505071862703055,0.15214069233983926,-0.04036073895236887,-11.538823398938954,-36.30233409600681,-62.5
1773079192.828085,24.10865493063148,0.7565683406249917,-7.492559477119479,0.6038755178760008,1.32300590558645,9.737027731359385,0.010807090253651584,-0.0018406226255410884,-0.009817477042468103,-11.538823398938954,-36.30233409600681,-62.5
1773079192.8405395,24.09909942892726,0.7667418954461674,-7.481063583259845,0.5350803626155057,1.1629884913261779,9.72464154159281,-0.014435748537075091,0.005101155554830192,-0.009817477042468103,-11.113970280158535,-37.585932486260766,-64.5
1773079192.8552957,24.09909942892726,0.7667418954461674,-7.481063583259845,0.5350803626155057,1.1629884913261779,9.72464154159281,-0.014435748537075091,0.005101155554830192,-0.009817477042468103,-11.113970280158535,-37.585932486260766,-64.5
1773079192.8678405,24.09909942892726,0.7667418954461674,-7.481063583259845,0.5365496946196616,1.0643202277390575,9.779955793105028,0.0,0.0,-0.00545415391248228,-11.113970280158535,-37.585932486260766,-64.5
1773079192.8815212,24.064107168744588,0.7602562796874516,-7.490563355313632,0.5472036431418376,0.995996667237999,9.816766809585733,0.009282001869455303,0.0008414287887170746,-0.04908738521234052,-11.113970280158535,-37.585932486260766,-64.5
1773079192.8942533,24.064107168744588,0.7602562796874516,-7.490563355313632,0.5472036431418376,0.995996667237999,9.816766809585733,0.009282001869455303,0.0008414287887170746,-0.04908738521234052,-11.113970280158535,-37.585932486260766,-64.5
1773079193.0196328,23.839196810638434,0.7780805441639055,-7.458143281038096,0.5542937268709426,0.9505281009487241,9.831228794725686,0.002392810656742693,0.0004733034345826715,-0.039269908169872414,-11.213403928171354,-37.947509517670206,-63.6875
1773079193.035383,23.839196810638434,0.7780805441639055,-7.458143281038096,0.5008747205945884,0.898094821284422,9.773950850138977,-0.009571242626970773,-0.001893213738330686,-0.018544123302439753,-11.213403928171354,-37.947509517670206,-63.6875
1773079193.049008,23.839196810638434,0.7780805441639055,-7.458143281038096,0.5008747205945884,0.898094821284422,9.773950850138977,-0.009571242626970773,-0.001893213738330686,-0.018544123302439753,-11.213403928171354,-37.947509517670206,-63.6875
1773079193.0628965,23.844964589966924,0.7897474704932383,-7.468758242501978,0.4653249686470743,0.8632010593859407,9.802735251999476,0.001235847626680813,-0.0037338363638717747,0.011999138607461015,-11.213403928171354,-37.947509517670206,-63.6875
1773079193.0752428,23.80740591443488,0.787286262547455,-7.468922510460543,0.5107706529733779,0.9146470823710965,9.77171427428501,0.0010517849496136115,-0.00028924075751547,-0.050178215994836975,-10.208521195982819,-37.12190855803577,-63.6875
1773079193.0903776,23.80740591443488,0.787286262547455,-7.468922510460543,0.5107706529733779,0.9146470823710965,9.77171427428501,0.0010517849496136115,-0.00028924075751547,-0.050178215994836975,-10.208521195982819,-37.12190855803577,-63.6875
1773079193.1028793,23.763881313573062,0.7755000253614307,-7.465040202071611,0.5410142482309757,0.9488838359779855,9.757760383557699,0.004496380555969916,-0.00010517808044826856,-0.044724062082354694,-10.208521195982819,-37.12190855803577,-63.6875
1773079193.1155372,23.741813408400212,0.7740634484786142,-7.4652177962608235,0.568398106863496,1.07375112448412,9.748474225153846,0.010044546061553444,-0.0004995969184120068,-0.013089969389957472,-10.208521195982819,-37.12190855803577,-63.6875
1773079193.1282446,23.741813408400212,0.7740634484786142,-7.4652177962608235,0.568398106863496,1.07375112448412,9.748474225153846,0.010044546061553444,-0.0004995969184120068,-0.013089969389957472,-10.208521195982819,-37.12190855803577,-63.6875
1773079193.1428647,23.726737214733653,0.7664624478500718,-7.467530982972981,0.4618804054887645,0.9934030333586299,9.742294390469267,0.004023077121387245,0.002287632576294425,-0.03599741582238305,-10.57009822739226,-37.02247491002295,-65.6875
1773079193.155343,23.757934158564897,0.7642669230702792,-7.476484465714517,0.40607268702770466,0.9947636483541734,9.741526891227275,0.013515435151739084,0.012121822476951332,0.028361600344907856,-10.57009822739226,-37.02247491002295,-65.6875
1773079193.1701941,23.757934158564897,0.7642669230702792,-7.476484465714517,0.40607268702770466,0.9947636483541734,9.741526891227275,0.013515435151739084,0.012121822476951332,0.028361600344907856,-10.57009822739226,-37.02247491002295,-65.6875
1773079193.1855705,23.735866098143028,0.7628280689090722,-7.4766598663823505,0.4269900207264765,0.9797035227513227,9.720945458811343,0.004890799393933655,0.005442987425135259,-0.003272492347489368,-10.57009822739226,-37.02247491002295,-65.6875
1773079193.2031856,23.681597585574185,0.777156949510311,-7.485288305865123,0.48606552024672706,0.9572634887526695,9.750735197643356,0.019431726011457016,0.004838212426274983,-0.050178215994836975,-10.208521195982819,-37.12190855803577,-62.5
1773079193.21827,23.681597585574185,0.777156949510311,-7.485288305865123,0.48606552024672706,0.9572634887526695,9.750735197643356,0.019431726011457016,0.004838212426274983,-0.050178215994836975,-10.208521195982819,-37.12190855803577,-62.5
1773079193.236712,23.61539436996063,0.7728349957711671,-7.485817496831373,0.5511019603062326,1.0358657668384361,9.783940382892151,-0.00688919121271261,-0.0003681253541344029,-0.04254240051736178,-10.208521195982819,-37.12190855803577,-62.5
1773079193.2591004,23.615787358262498,0.7681823983682192,-7.47265642082387,0.4973798471666414,1.0003638684672438,9.806038062749002,-0.003339417525908036,0.004312317878902715,0.011999138607461015,-10.208521195982819,-37.12190855803577,-62.5
1773079193.2823749,23.606880561713155,0.7675722100345389,-7.472438555481685,0.4811418917116258,1.0476959979208484,9.797328039895241,-0.006994369293160877,-0.00486450591010432,-0.019634954084936207,-10.149764863066697,-37.85108888096162,-62.875
1773079193.311936,23.564698942504116,0.7676042071920472,-7.501850835238955,0.5058148368648819,1.0694382459756635,9.774806058446798,0.026320917224169623,0.005206337780409386,-0.04908738521234052,-10.149764863066697,-37.85108888096162,-62.875
1773079193.329582,23.564698942504116,0.7676042071920472,-7.501850835238955,0.5058148368648819,1.0694382459756635,9.774806058446798,0.026320917224169623,0.005206337780409386,-0.04908738521234052,-10.149764863066697,-37.85108888096162,-62.875
1773079193.3522196,23.512050612061593,0.7594632664950035,-7.4888129645623085,0.5222344062495174,1.0839074691793182,9.776543489916472,-0.009360886466074234,0.007099547373609146,-0.04036073895236887,-10.149764863066697,-37.85108888096162,-62.875
1773079193.431412,23.439651279124668,0.7500901234229691,-7.476352300814222,0.5056651356906672,0.9935499558913214,9.811150848224354,0.008519457677357161,0.002182454495846156,0.007635815477475192,-10.092515273301196,-36.70006868805809,-64.875
1773079193.4636772,23.40231841260015,0.743356177120263,-7.485394017869054,0.4647231200036757,0.9381754651704044,9.834181658588728,0.006126647020614467,0.0017091510612634849,-0.026179938779914945,-10.092515273301196,-36.70006868805809,-64.875
1773079193.5121367,23.40231841260015,0.743356177120263,-7.485394017869054,0.46973041420601186,0.892454582567382,9.826092623663973,0.0013410257071290814,0.0007625441920981415,-0.019634954084936207,-8.463912126306603,-36.43491205585873,-64.875
1773079193.6362336,23.19299855392323,0.7544612086975443,-7.514992636280405,0.5322581217354254,1.0572330938534649,9.773640574655492,-0.005521872021754192,0.012831775556259875,-0.037088246604879506,-9.993081625288376,-36.33849165664865,-64.875
1773079193.677162,23.171124347743365,0.7507133593501564,-7.508569864318835,0.5146741907317459,1.110457853016119,9.765732538350708,-0.0053378093446869905,0.009387179949903571,-0.02399827721492203,-9.993081625288376,-36.33849165664865,-64.875
1773079193.7058194,23.171124347743365,0.7507133593501564,-7.508569864318835,0.5146741907317459,1.110457853016119,9.765732538350708,-0.0053378093446869905,0.009387179949903571,-0.02399827721492203,-9.993081625288376,-36.33849165664865,-64.875
1773079193.7543514,23.125735388234105,0.7675905726136095,-7.502005137188038,0.595056719094492,1.26626545657315,9.760469828528427,0.009176823789007034,-0.003654951767252841,0.01090830782496456,-7.798007653253224,-37.7847995447879,-64.0625
1773079193.790592,23.125735388234105,0.7675905726136095,-7.502005137188038,0.595056719094492,1.26626545657315,9.760469828528427,0.009176823789007034,-0.003654951767252841,0.01090830782496456,-7.798007653253224,-37.7847995447879,-64.0625
1773079193.845471,22.997460509843492,0.7948701723274968,-7.520019139680648,0.5904936468666785,1.3859192759387002,9.777038224173937,-0.015592711567136971,0.0008940157563757453,-0.015271630954950384,-8.762213070345062,-37.51964315008705,-64.875
1773079193.9263744,22.78973487050402,0.7855380081354991,-7.512446957557046,0.5746361175424759,1.368463775024729,9.788064306394917,-0.0212723486369981,-0.01564530267992657,-0.022907446432425576,-8.54677349965062,-36.73622624869993,-64.5
1773079193.9979672,22.73265232602643,0.7754397819741587,-7.5375164411450095,0.5027203690031493,1.1967881066804162,9.761950923870376,0.0022087479796754914,0.003917899040938976,-0.04145156973486533,-8.54677349965062,-36.73622624869993,-64.5
1773079194.0539074,22.674368874671707,0.7810030331605888,-7.586702042435325,0.4736490491272033,1.0877811028261495,9.74457275950589,0.0019195072221600217,0.0028661140913253647,-0.01090830782496456,-7.897441301266044,-38.14637657619734,-65.1875
1773079194.1211193,22.674368874671707,0.7810030331605888,-7.586702042435325,0.4401913972098365,1.0017722185848343,9.806600242809168,0.005942584343547266,0.005153746667619789,-0.011999138607461015,-7.897441301266044,-38.14637657619734,-65.1875
1773079194.1983066,22.496814919360677,0.7493081115633232,-7.594371193611637,0.4506353923320167,0.9743028111613373,9.821827498093029,0.006678835051816072,-0.00862463575780543,-0.007635815477475192,-7.883882275399981,-36.918521270056765,-64.0
1773079194.2193334,22.496814919360677,0.7493081115633232,-7.594371193611637,0.4506353923320167,0.9743028111613373,9.821827498093029,0.006678835051816072,-0.00862463575780543,-0.007635815477475192,-7.883882275399981,-36.918521270056765,-64.0
1773079194.2422118,22.496814919360677,0.7493081115633232,-7.594371193611637,0.4506353923320167,0.9743028111613373,9.821827498093029,0.006678835051816072,-0.00862463575780543,-0.007635815477475192,-7.883882275399981,-36.918521270056765,-64.0
1773079194.268909,22.474902532395685,0.7476653389416851,-7.572458806646649,0.4458409957246939,0.9898742019367879,9.804490621029823,-0.0073624946472952806,0.00202468530260829,-0.019634954084936207,-7.257148611791181,-38.64655806506418,-66.0
1773079194.3270962,22.39448328821825,0.7558151353041468,-7.590868377273189,0.4426503783394399,1.000236788554018,9.809678681546462,0.01054414297996545,0.009544949143141437,-0.031634092692397225,-7.257148611791181,-38.64655806506418,-66.0
1773079194.3906655,22.333962128436106,0.7692608217883657,-7.555709725199323,0.5014866436498407,0.9764919196705203,9.829856836402449,-0.00318164833267017,-0.011569634445749726,-0.013089969389957472,-6.351699527615467,-38.18253413683918,-64.5
1773079194.4191651,22.243009626523534,0.769849980469589,-7.553671998425264,0.5459633875308709,0.9800422236499657,9.84328517305435,0.02629462374034029,-0.0072310189378867505,-0.04690572364734761,-6.351699527615467,-38.18253413683918,-64.5
1773079194.455626,22.230022658597566,0.7646470571757054,-7.5629124468353295,0.5154089250922371,0.9781312842380797,9.812080240604008,0.00659995045519714,-0.0006836595954792086,-0.009817477042468103,-6.958847667752722,-37.56182697083586,-64.5
1773079194.5177836,22.2207117589673,0.7727556444669863,-7.54497544948638,0.47709381111468896,0.9367036581497595,9.79131370664024,-0.017301862628400458,0.007020662776990213,-0.004363323129985824,-6.958847667752722,-37.56182697083586,-64.5
1773079194.5335076,22.2207117589673,0.7727556444669863,-7.54497544948638,0.47709381111468896,0.9367036581497595,9.79131370664024,-0.017301862628400458,0.007020662776990213,-0.004363323129985824,-6.958847667752722,-37.56182697083586,-64.5
1773079194.5584612,22.2770790235221,0.7234252973981884,-7.562880267260535,0.41611640765177665,0.918890791126917,9.834360709289166,0.005495574392793931,0.019983914042658618,0.025089107997418487,-4.750214907350014,-35.1874709887481,-66.875
1773079194.5880835,22.28349507418575,0.7260973139030387,-7.56929631792419,0.3752947214727784,0.9313881064291694,9.8630080086855,-0.005627050102202461,0.00833539500028996,0.016362461737446838,-4.750214907350014,-35.1874709887481,-66.875
1773079194.6306047,22.364937783250376,0.735860055267875,-7.560023985398347,0.361433011731535,0.9880855525932793,9.882072466422457,0.0015513818680256185,0.009755305304037974,0.04799655442984406,-4.750214907350014,-35.1874709887481,-66.875
1773079194.6770444,22.513283849979523,0.7369581946651055,-7.576863902180842,0.35865894840213064,1.024043114143153,9.908140096911733,0.021456411314065303,0.012200707073570264,0.022907446432425576,-7.436430621843785,-37.88423319280072,-66.5
1773079194.7457006,22.624736114997734,0.7580666186662232,-7.616105519141491,0.38688946592724016,0.9807234089471613,9.925487813807834,0.023533687729463192,-0.0008151311597568127,0.04363323129985824,-7.436430621843785,-37.88423319280072,-66.5
1773079194.8062372,22.884783948998567,0.7741917761059062,-7.696441015249499,0.3860017747990457,0.9434280185370665,9.893546073420342,0.018669181819358872,0.006179238133404066,0.06981317007977318,-6.256785634057504,-37.36597268611445,-65.25
1773079194.8310478,23.084845216116516,0.7674648537880552,-7.6797332829390825,0.38541102626939194,0.9186083528359573,9.781971185907462,0.03131689469855155,0.015145705761514562,0.12871803233458182,-6.256785634057504,-37.36597268611445,-65.25
1773079194.863592,23.380635981533374,0.7853521656178704,-7.693203731634898,0.3916299011301594,0.976597299843882,9.7077193446408,-0.0016828575774341496,0.018564003738910605,0.19853120241435498,-6.256785634057504,-37.36597268611445,-65.25
1773079194.922347,24.317137619417892,0.8063508686147849,-7.694225548471023,0.40641222600282917,1.0538927942463698,9.718517584457,0.016697083484409254,0.023691456922701058,0.20507618710933373,-6.292943194699343,-38.91171445976503,-67.1875
1773079194.9963534,25.189614361785846,0.8272684176636445,-7.686984492657921,0.42326488928257305,1.0929950245564999,9.765845032918271,0.008072447726603826,0.017012621870884988,0.19853120241435498,-6.292943194699343,-38.91171445976503,-67.1875
1773079195.0573409,25.189614361785846,0.8272684176636445,-7.686984492657921,0.42326488928257305,1.0929950245564999,9.765845032918271,0.008072447726603826,0.017012621870884988,0.19853120241435498,-6.292943194699343,-38.91171445976503,-67.1875
1773079195.1007833,26.051125032507855,0.9138029621986195,-7.677040230888541,0.4619024415297642,1.1921204157360763,9.818301082997726,0.006337003181511005,0.010701912173203315,0.20725784867432664,-6.475238216056179,-39.57460568401567,-65.1875
1773079195.1360476,27.03058303324287,0.9678614504356281,-7.658383060346312,0.47994842391014114,1.2315906294684447,9.828904724835091,0.005811108634138735,0.03347305571056836,0.22252947962927702,-6.152831994091319,-40.052188638106735,-64.875
1773079195.2545223,27.03058303324287,0.9678614504356281,-7.658383060346312,0.47994842391014114,1.2315906294684447,9.828904724835091,0.005811108634138735,0.03347305571056836,0.22252947962927702,-6.152831994091319,-40.052188638106735,-64.875
1773079195.2872288,27.835162433024372,0.9878735650372904,-7.642237235900839,0.4487378059737274,1.2142344183742237,9.832616218320098,-0.0003418318703050665,0.01932654793100875,0.21380283336930536,-6.152831994091319,-40.052188638106735,-64.875
1773079195.3383942,28.846173064689257,1.0137617666939402,-7.642626012382185,0.4376436128694148,1.2000231204920482,9.79159972357912,0.01840623454567274,0.01756480990208659,0.21380283336930536,-6.4737314729055555,-41.45480619984505,-66.875
1773079195.4390569,28.846173064689257,1.0137617666939402,-7.642626012382185,0.4376436128694148,1.2000231204920482,9.79159972357912,0.01840623454567274,0.01756480990208659,0.21380283336930536,-6.4737314729055555,-41.45480619984505,-66.875
1773079195.4687917,30.140489974575377,1.0678383363015325,-7.6443580101518105,0.4506610397729936,1.264749281568477,9.734197699147392,0.0021298633830565583,0.011858875203265196,0.21489366415180183,-7.597633376578453,-41.534654561884835,-66.5
1773079195.5545034,31.215936042632922,1.145147168544949,-7.646666437486493,0.5120454583843428,1.3096992708142217,9.686158290936909,0.005180040151449125,0.006494772374748871,0.20398535632683726,-8.463911651309589,-41.62052918403159,-66.5
1773079195.6268141,31.879850998172934,1.171041340693832,-7.632812359723861,0.510818382673664,1.2376702838716886,9.687443385533214,0.005258924748068057,-0.00144620378757735,0.19962203319685143,-8.463911651309589,-41.62052918403159,-66.5
1773079195.6531765,32.53714062987847,1.199207247425057,-7.625294816874436,0.48097340403476885,1.1977185975195976,9.688298601631608,0.008361688484119294,0.018064406820498598,0.2530727415391778,-7.199898547028667,-42.68115500033351,-66.0
1773079195.7120798,33.15089751043451,1.218045391795362,-7.621087294684973,0.4690947039825,1.2001595700026317,9.708938408635616,0.009334588837113973,0.02571614222530935,0.20943951023931956,-7.199898547028667,-42.68115500033351,-66.0
1773079195.7314,33.15089751043451,1.218045391795362,-7.621087294684973,0.4690947039825,1.2001595700026317,9.708938408635616,0.009334588837113973,0.02571614222530935,0.20943951023931956,-7.199898547028667,-42.68115500033351,-66.0
1773079195.7613657,33.620687182828696,1.2307728947031913,-7.6092654266389115,0.47731643593636264,1.1973491211217198,9.702603299391116,0.003786423331530446,0.02611056106327309,0.21162117180431245,-8.367491014601,-42.68416824913625,-67.6875
1773079195.8663414,34.70436880155446,1.2624555457985591,-7.577040455902066,0.47835301790797236,1.1793519246413704,9.711767801785987,0.00636329666534034,0.02313926889149945,0.21925698728178766,-8.450352387945017,-42.98548244197745,-66.5
1773079195.9067903,35.29223719674439,1.285370033199927,-7.585838759074,0.4790428516306992,1.1673749914255553,9.717866675755573,0.015908245808481776,0.012595125911534001,0.21598449493429828,-8.450352387945017,-42.98548244197745,-66.5
1773079195.9296324,35.29223719674439,1.285370033199927,-7.585838759074,0.4790428516306992,1.1673749914255553,9.717866675755573,0.015908245808481776,0.012595125911534001,0.21598449493429828,-8.450352387945017,-42.98548244197745,-66.5
1773079195.9578161,36.06058106260224,1.3300039204029714,-7.580379783083231,0.4919196169098083,1.2045597237671863,9.721925408253446,0.016013423888930043,0.01709150646750392,0.22471114119426994,-9.95842985780313,-43.28378362351442,-66.5
1773079196.0220864,36.53584640996709,1.3488993353941845,-7.581100221083545,0.5069397100181116,1.2275317922394957,9.748042231343003,0.0011832565138912149,0.01664449651675058,0.20289452554434081,-9.95842985780313,-43.28378362351442,-66.5
1773079196.0594366,37.14178429566735,1.385896595393427,-7.567508739964239,0.5133875031555158,1.2299179478771,9.688485116096729,0.0021561568668858936,0.024296231921561332,0.21271200258680892,-9.610411852259753,-44.61107257766781,-67.5625
1773079196.1171763,37.63248114067365,1.4120513889632742,-7.5489098998242214,0.5176784374618898,1.2315059077988206,9.765929430953081,0.005390396312345661,0.015487533486688701,0.2181661564992912,-9.610411852259753,-44.61107257766781,-67.5625
1773079196.1512399,38.264395475631595,1.4348183188042316,-7.534572811174895,0.5164216537207456,1.230224280319261,9.750565523233915,0.007599144292021153,0.01940543252762768,0.22689280275926285,-8.448845644794392,-44.86568295780683,-66.0
1773079196.198169,38.77606053062126,1.4748014954103268,-7.525304404588203,0.5079250145503116,1.2141314751636418,9.807243248419292,-0.006284416213852334,0.014172801263388955,0.23234695667174513,-8.448845644794392,-44.86568295780683,-66.0
1773079196.2414649,39.34015503395429,1.5275365685338862,-7.5177242485704445,0.5067054848969884,1.2195487672458634,9.838271417983846,0.014172801263388955,0.0062844162138523335,0.1930770485018727,-10.041291231147147,-43.58509781635561,-66.875
1773079196.300066,40.29838543250499,1.5936193500952074,-7.510544807613835,0.5005720349746342,1.203801665637616,9.858920318221692,-0.001603972980815216,0.010623027576584383,0.23343778745424157,-9.94487059443856,-44.64873688146027,-65.25
1773079196.3436637,40.7574296036287,1.6266305783486907,-7.494747526455606,0.49971566739540707,1.1924351676637939,9.805759696520262,0.0016565599484738873,0.01425168586000789,0.20398535632683726,-9.94487059443856,-44.64873688146027,-65.25
1773079196.3826232,41.44841837942351,1.6623658322826156,-7.482094065072886,0.4835833317412321,1.1787426767881308,9.753656338084419,0.0028924075751547,0.010517849496136114,0.20616701789183017,-10.368216970068357,-45.245339007035696,-64.5
1773079196.436039,41.805469148291344,1.6699940170531484,-7.477255270626125,0.4760728174023505,1.1687434993053378,9.729017470199972,-0.005416693941305924,0.017328156112229792,0.21162117180431245,-10.368216970068357,-45.245339007035696,-64.5
1773079196.515439,42.41404392598659,1.6722979289693842,-7.473048952810825,0.47107465400776716,1.1620891583886703,9.675824350076548,0.00404937060521658,0.014724989294590561,0.2301652951067522,-9.788187119161734,-45.728948221233736,-66.0
1773079196.5513942,43.103683276598034,1.6833051380378186,-7.473884033088237,0.46774843210181544,1.1576607688424867,9.677221151621008,0.0003155342413448055,0.01348914166790975,0.20943951023931956,-9.788187119161734,-45.728948221233736,-66.0
1773079196.5796635,43.54480052329968,1.7059959477077922,-7.4708098198219455,0.4726306906612132,1.1805167236996514,9.718292047933385,-0.0002629472736861349,0.011385571768682524,0.19853120241435498,-10.851826184266391,-45.82536885794232,-64.875
1773079196.6086068,43.955372040813224,1.719758011087477,-7.456001761689903,0.4758797791940908,1.1957271063393495,9.799146057954408,0.010281195706279316,0.02093052091182396,0.18435040224190105,-10.851826184266391,-45.82536885794232,-64.875
1773079196.6389115,44.27274502353754,1.723950579066753,-7.436795767062809,0.47804201131802376,1.2058494460749616,9.852953498424927,0.010176017625831047,0.016434140355854047,0.18980455615438332,-10.37122998137259,-46.670555103549795,-65.25
1773079196.6673644,44.5049603630071,1.7233271821033593,-7.433944740577368,0.47625557781381106,1.213472727855252,9.838585073379774,0.006258118584892071,0.018642888335529538,0.21925698728178766,-10.37122998137259,-46.670555103549795,-65.25
1773079196.6917489,44.745677565646055,1.7414796175256357,-7.420644171345663,0.4795016150734494,1.2346728108672715,9.778846371408257,0.007388788131124616,0.010412671415687845,0.21271200258680892,-10.37122998137259,-46.670555103549795,-65.25
1773079196.7109256,44.745677565646055,1.7414796175256357,-7.420644171345663,0.4795016150734494,1.2346728108672715,9.778846371408257,0.007388788131124616,0.010412671415687845,0.21271200258680892,-10.37122998137259,-46.670555103549795,-65.25
1773079196.725551,44.97148628950279,1.7465095866999714,-7.414577035351435,0.5139155648988734,1.2399114516894818,9.78926760818103,0.00520633363527846,0.018932129093045008,0.20289452554434081,-11.654828371626547,-47.095408222330214,-65.75
1773079196.7393203,45.3038319558287,1.7584462506646443,-7.407014208286527,0.5350437085583158,1.236946958979261,9.83299905362098,0.009886776868315577,0.015382355406240434,0.19962203319685143,-11.654828371626547,-47.095408222330214,-65.75
1773079196.7588763,45.517600480379784,1.7602604323315434,-7.4110873979830405,0.5168505038570987,1.2438438997980068,9.862101842049013,0.015908245808481776,0.012595125911534001,0.1908953869368798,-11.654828371626547,-47.095408222330214,-65.75
1773079196.8015995,45.972760669668475,1.768046803589107,-7.408690518209875,0.5109519736811426,1.2710113606718279,9.874779199233782,0.0027872294947064316,0.0060214689401661995,0.19853120241435498,-11.680440155205064,-46.24570222226789,-65.375
1773079196.8429272,46.427570958168204,1.7842188105068697,-7.393077989673299,0.49735044325301914,1.291751935683486,9.856454945166332,0.01025490222244998,0.008493164193527825,0.20289452554434081,-11.680440155205064,-46.24570222226789,-65.375
1773079196.8622854,46.427570958168204,1.7842188105068697,-7.393077989673299,0.49735044325301914,1.291751935683486,9.856454945166332,0.01025490222244998,0.008493164193527825,0.20289452554434081,-11.680440155205064,-46.24570222226789,-65.375
1773079196.8870926,46.77014449603989,1.78707323405046,-7.382872380939016,0.47765504356994026,1.2668500587186446,9.854295693901731,0.006915484696541945,0.01280548207243054,0.20289452554434081,-11.680440155205064,-46.24570222226789,-65.375
1773079196.9056542,47.121971346219595,1.7941350511219871,-7.378624289755332,0.49035097372467906,1.2431823156892599,9.852858736305556,0.0014724972714066852,0.017696281466364195,0.210530341021816,-12.619033788718385,-46.83025182762936,-65.0
1773079196.922819,47.121971346219595,1.7941350511219871,-7.378624289755332,0.49035097372467906,1.2431823156892599,9.852858736305556,0.0014724972714066852,0.017696281466364195,0.210530341021816,-12.619033788718385,-46.83025182762936,-65.0
1773079196.9505897,47.48371968143231,1.7981921606125897,-7.368369938241695,0.506137700837959,1.2288831163978229,9.851902457077172,-0.0003418318703050665,0.01932654793100875,0.21162117180431245,-12.619033788718385,-46.83025182762936,-65.0
1773079196.991315,48.069215044130324,1.798710646676076,-7.365700514905723,0.5178531053544975,1.2363810109069517,9.834540505396422,0.007125840857438482,0.02179824318437037,0.20180369476184434,-12.787769784209157,-46.26528774573943,-65.75
1773079197.0394535,48.670918089314036,1.7927887867684118,-7.350839428779672,0.5353257006775344,1.238709842665254,9.822986320498593,0.0035760671706339085,0.017117799951333255,0.2083486794568231,-12.787769784209157,-46.26528774573943,-65.75
1773079197.0800335,49.158481182101596,1.8047361145076153,-7.338764063883578,0.529294593354753,1.21389221400543,9.81529713951779,0.00347088909018564,0.01262141939536334,0.21925698728178766,-13.25179347493565,-47.952647225650146,-64.5625
1773079197.1117651,49.615612697020374,1.802863609255426,-7.33477708102849,0.5156048343164013,1.2000372926439475,9.810180075468844,0.010649321060413719,0.01404132969911135,0.2181661564992912,-13.25179347493565,-47.952647225650146,-64.5625
1773079197.1534367,50.378275232363265,1.0596080333101026,-7.799570677700203,0.5144772524426664,1.2198453707082655,9.823500285042218,0.006179233988273139,0.02658386449785576,0.2181661564992912,-14.698101600573407,-47.55491263359887,-64.0625
1773079197.1978512,50.71638695863989,1.803382166702218,-7.312474780151665,0.5105014844726361,1.2339144031495235,9.822329400594851,-0.003681249396213104,0.02363886580991146,0.23343778745424157,-14.698101600573407,-47.55491263359887,-64.0625
1773079197.2274108,50.71638695863989,1.803382166702218,-7.312474780151665,0.5105014844726361,1.2339144031495235,9.822329400594851,-0.003681249396213104,0.02363886580991146,0.23343778745424157,-14.698101600573407,-47.55491263359887,-64.0625
1773079197.2599533,51.20768998356037,1.8152840768378447,-7.300458602227777,0.5239825294456925,1.2388422982768683,9.831585525196722,0.004811914797314722,0.013383963587461481,0.21380283336930536,-14.199426617358684,-47.62722799238105,-65.0
1773079197.281024,51.529782744051495,1.8261956644004491,-7.2937112093009455,0.5376308084197023,1.2338970522576027,9.827710037599623,0.013147309797604681,0.01901101368966394,0.19853120241435498,-14.199426617358684,-47.62722799238105,-65.0
1773079197.3028004,51.8593016113678,1.8102565495978313,-7.296183947025448,0.5449396300952714,1.2241552966158498,9.8619271726763,0.01898471606070368,0.01966837980131381,0.19962203319685143,-14.199426617358684,-47.62722799238105,-65.0
1773079197.3246868,51.8593016113678,1.8102565495978313,-7.296183947025448,0.5449396300952714,1.2241552966158498,9.8619271726763,0.01898471606070368,0.01966837980131381,0.19962203319685143,-14.199426617358684,-47.62722799238105,-65.0
1773079197.3665104,-3.91249492144935,-27.640084931634075,130.9931343447343,0.46064506783707276,1.1925420505968432,9.835235220895884,0.01209552484799107,0.01930025444717941,0.18980455615438332,-13.997546072530305,-48.07166639713451,-64.5625
1773079197.3978293,53.109918317186285,1.7695044353491671,-7.298240081641926,0.42476409434418677,1.1982466860350671,9.833483981024962,0.014777576262249232,0.02082534283137569,0.18871372537188688,-13.898112424517485,-47.71008936572507,-65.0
1773079197.4220366,53.109918317186285,1.7695044353491671,-7.298240081641926,0.42476409434418677,1.1982466860350671,9.833483981024962,0.014777576262249232,0.02082534283137569,0.18871372537188688,-13.898112424517485,-47.71008936572507,-65.0
1773079197.4563265,53.48305154790842,1.7737918046805596,-7.288796746166327,0.4370099028436552,1.2198632559843896,9.845698997282772,0.008361688484119294,0.018064406820498598,0.23125612588924865,-13.898112424517485,-47.71008936572507,-65.0
1773079197.5426676,54.2663202332364,1.8174057635752423,-7.2554947829257515,0.4380635295239319,1.208445843180958,9.853827954151672,-0.007572850808191817,-0.0069680758093315425,0.19634954084936207,-15.645734742996442,-47.22949340032977,-64.1875
1773079197.6018655,54.97689909230545,1.8078379920171685,-7.239643391151506,0.4901287982368113,1.2110076176613729,9.859237684141528,0.004548967523628587,0.024769535356144005,0.20507618710933373,-15.645734742996442,-47.22949340032977,-64.1875
1773079197.6526577,55.73208400279256,1.8009297239429782,-7.223364983950572,0.5212297419173348,1.1998109506452943,9.842767128775217,0.012174409444610002,0.01135927828485319,0.18762289458939044,-15.728596116340459,-47.53080759317098,-63.0
1773079197.6835296,56.17391825439423,1.7978937603590037,-7.221507266510866,0.55515110804408,1.2026002598564052,9.781629482557303,0.009623829594629443,0.026767927174922962,0.19634954084936207,-15.728596116340459,-47.53080759317098,-63.0
1773079197.7295387,56.577155970464524,1.7897498908387701,-7.204487366777475,0.5322476144575324,1.203085725544273,9.74094306195154,0.007888385049536623,0.020457217477241288,0.18871372537188688,-16.21220533053849,-48.110837444077596,-63.0
1773079197.7739103,56.577155970464524,1.7897498908387701,-7.204487366777475,0.5322476144575324,1.203085725544273,9.74094306195154,0.007888385049536623,0.020457217477241288,0.18871372537188688,-16.21220533053849,-48.110837444077596,-63.0
1773079197.8251662,57.25074142828728,1.7549604894648332,-7.207326930968362,0.5352289612014777,1.219213135469652,9.713866703535503,0.002629460301468565,0.02190342126481864,0.20398535632683726,-16.21220533053849,-48.110837444077596,-63.0
1773079197.8421748,57.25074142828728,1.7549604894648332,-7.207326930968362,0.5352289612014777,1.219213135469652,9.713866703535503,0.002629460301468565,0.02190342126481864,0.20398535632683726,-16.21220533053849,-48.110837444077596,-63.0
1773079197.8667805,57.938439811703006,1.7406615721379133,-7.213056372166497,0.5243115148398492,1.2334936576607567,9.719263471423607,0.013620613232187353,0.016618203032921247,0.20398535632683726,-15.516169556950247,-48.172606788297955,-63.75
1773079197.899705,58.49238422091157,1.7602027278636287,-7.207675489860987,0.5170460762420521,1.2429971856550512,9.702784289923377,-0.004391202475521647,0.004601558636418185,0.19198621771937624,-15.516169556950247,-48.172606788297955,-63.75
1773079197.9176524,58.735862415292985,1.7909243884065145,-7.201042861379146,0.5113240302553008,1.246096302544916,9.691817578719492,0.0015513818680256185,0.009755305304037974,0.22252947962927702,-16.179060781200885,-47.99031176694112,-62.5625
1773079197.948529,59.22649779094172,1.7909357787888194,-7.198958858439522,0.5075160725705596,1.248158730215717,9.67113890809022,0.00042071232179307396,0.017985522223879665,0.2203478180642841,-16.179060781200885,-47.99031176694112,-62.5625
1773079198.007054,59.73149307531444,1.7876702289008455,-7.1915439542825474,0.5054657299423557,1.2008280941454252,9.657377483782328,0.0017617380289221558,0.01874806641597781,0.22471114119426994,-17.277350901295268,-48.91986612904323,-63.0
1773079198.0239403,60.09166895766198,1.7905700697488756,-7.183175173133931,0.5103100941484048,1.1919077083613168,9.725156978898953,0.007678028888640087,0.011464456365301459,0.2181661564992912,-17.277350901295268,-48.91986612904323,-63.0
1773079198.0696778,60.09166895766198,1.7905700697488756,-7.183175173133931,0.5103100941484048,1.1919077083613168,9.725156978898953,0.007678028888640087,0.011464456365301459,0.2181661564992912,-17.277350901295268,-48.91986612904323,-63.0
1773079198.105762,60.946139330728045,1.7851065231756023,-7.162617348545053,0.5108730311318833,1.176295166782307,9.770263475752495,0.005679637069861132,0.016539318436302314,0.22143864884678055,-16.115784693829905,-49.174476509182256,-62.1875
1773079198.1288772,61.305368751993484,1.782429521653551,-7.159186276800143,0.5080222845769954,1.166792172525177,9.800281345535943,-0.0007362507082688058,0.01377838242542522,0.21598449493429828,-16.115784693829905,-49.174476509182256,-62.1875
1773079198.146032,61.305368751993484,1.782429521653551,-7.159186276800143,0.5080222845769954,1.166792172525177,9.800281345535943,-0.0007362507082688058,0.01377838242542522,0.21598449493429828,-16.115784693829905,-49.174476509182256,-62.1875
1773079198.1901448,61.90534183125553,1.7651812304094001,-7.148552708874369,0.5061251445896431,1.1604680360024586,9.816912790847931,0.003392004493566707,0.02056239555768956,0.21925698728178766,-17.803144173740623,-48.710452818455764,-62.1875
1773079198.2255867,62.38399816968704,1.759018657726171,-7.152310015672153,0.49163858359284063,1.146018827756478,9.827980831917642,0.008545751161186495,0.01461981121414229,0.210530341021816,-17.803144173740623,-48.710452818455764,-62.1875
1773079198.2434888,62.38399816968704,1.759018657726171,-7.152310015672153,0.49163858359284063,1.146018827756478,9.827980831917642,0.008545751161186495,0.01461981121414229,0.210530341021816,-17.803144173740623,-48.710452818455764,-62.1875
1773079198.2597637,62.8525667527609,1.7576777876846514,-7.151805542029189,0.48909376115643366,1.1622060397088072,9.832001377904096,0.010754499140861988,0.01853771025508127,0.21489366415180183,-18.88787526796894,-48.412151874417304,-61.75
1773079198.2809222,62.8525667527609,1.7576777876846514,-7.151805542029189,0.48909376115643366,1.1622060397088072,9.832001377904096,0.010754499140861988,0.01853771025508127,0.21489366415180183,-18.88787526796894,-48.412151874417304,-61.75
1773079198.3079581,63.2115102565694,1.760317011756755,-7.14408903649836,0.493609054573825,1.1955560722428997,9.804571000979765,0.007783206969088355,0.015960836921271374,0.20943951023931956,-18.88787526796894,-48.412151874417304,-61.75
1773079198.3317976,63.568749390808954,1.7718634719268924,-7.147773742988754,0.5062900563908905,1.2150892130695112,9.816422396919885,0.016460433839683382,0.0022613390924650896,0.20943951023931956,-18.88787526796894,-48.412151874417304,-61.75
1773079198.3464077,63.902358422894046,1.7782989885443892,-7.136097682854299,0.49086135279420096,1.1791432361070997,9.817619145114628,0.01083338373748092,0.010596734092755048,0.19744037163185854,-18.63627789913415,-48.67580176346604,-62.1875
1773079198.3776898,64.28707527202351,1.7511443176356056,-7.1453349976657705,0.480593722900516,1.1552215899814877,9.818415567669676,0.002419104140572029,0.01291066015287881,0.24980024919168842,-18.63627789913415,-48.67580176346604,-62.1875
1773079198.4131405,64.82898983539403,1.7553700059718342,-7.134628432655054,0.4746477076633943,1.1425273765361639,9.818945577983438,0.00404937060521658,0.014724989294590561,0.22471114119426994,-18.553416525790134,-48.37448757062484,-61.0
1773079198.4382608,64.82898983539403,1.7553700059718342,-7.134628432655054,0.4746477076633943,1.1425273765361639,9.818945577983438,0.00404937060521658,0.014724989294590561,0.22471114119426994,-18.553416525790134,-48.37448757062484,-61.0
1773079198.4645748,65.18611012899383,1.7730884757113625,-7.123813978949439,0.5101209021907589,1.1891527967211846,9.822643405633963,0.0017617380289221558,0.01874806641597781,0.20943951023931956,-18.553416525790134,-48.37448757062484,-61.0
1773079198.4930403,65.73341462650453,1.7547121951075182,-7.151062827831163,0.5346148946473573,1.22340686784322,9.825104268627946,0.009019054595769167,0.0122270005573996,0.1908953869368798,-19.116874102027953,-47.83061551785856,-61.375
1773079198.513405,65.96229028263853,1.7537717396441275,-7.1512032373104875,0.5306761462773673,1.2482990612640201,9.820051722046163,0.0021561568668858936,0.024296231921561332,0.20507618710933373,-19.116874102027953,-47.83061551785856,-61.375
1773079198.5351565,66.19115477946902,1.7528318976537363,-7.1513473970740575,0.5227330866747346,1.2455122889476944,9.789928415078073,0.012279587525058271,0.015855658840823107,0.20725784867432664,-19.116874102027953,-47.83061551785856,-61.375
1773079198.590528,66.88746446825836,1.7409032447679282,-7.151643792690863,0.5303485685548709,1.2401098120607286,9.776571914204837,0.005679637069861132,0.016539318436302314,0.20943951023931956,-18.191839494380694,-48.473921218637656,-61.375
1773079198.6139517,67.1112903375179,1.734455662512263,-7.156787104824453,0.5363035644357793,1.2397398988710484,9.764338200368268,0.002419104140572029,0.01291066015287881,0.19962203319685143,-18.191839494380694,-48.473921218637656,-61.375
1773079198.6423008,67.4693539381843,1.7213327468619493,-7.1641458988431745,0.5144635490410637,1.2465895478569928,9.75954191217689,-0.0028398206074960295,0.014356863940456158,0.21925698728178766,-18.191839494380694,-48.473921218637656,-61.375
1773079198.6617365,67.4693539381843,1.7213327468619493,-7.1641458988431745,0.5144635490410637,1.2465895478569928,9.75954191217689,-0.0028398206074960295,0.014356863940456158,0.21925698728178766,-18.191839494380694,-48.473921218637656,-61.375
1773079198.6893253,67.82202493801499,1.7235582216361789,-7.157435866724346,0.499929262764838,1.2511479127415461,9.753004924256258,0.005968877827376602,0.017591103385915928,0.20289452554434081,-19.481464144741626,-49.15639796635984,-61.0625
1773079198.7110283,68.04933800895304,1.737816480616795,-7.154214415455932,0.5148503422664757,1.230071779665411,9.73861929669606,0.0006836595954792087,0.00659995045519714,0.19853120241435498,-19.481464144741626,-49.15639796635984,-61.0625
1773079198.7539382,68.04933800895304,1.737816480616795,-7.154214415455932,0.5148503422664757,1.230071779665411,9.73861929669606,0.0006836595954792087,0.00659995045519714,0.19853120241435498,-19.481464144741626,-49.15639796635984,-61.0625
1773079198.831,69.43861554085322,1.7453307042912811,-7.129163870861446,0.5257728963944485,1.1862919720717733,9.812992798051045,-7.888459661893297e-05,0.00794097616232622,0.21925698728178766,-19.020453465319367,-48.89425458296322,-60.25
1773079198.8519602,69.77139540008838,1.7354988867058352,-7.142520287616833,0.5173735369184104,1.1840080370207933,9.868858572695656,0.014383157424285494,0.015277177325792167,0.19853120241435498,-20.635497586447897,-47.93155590902201,-60.6875
1773079198.8865218,70.12501860609868,1.7127910901605023,-7.140288196724024,0.48719037235425017,1.2065977777441255,9.835789275806343,0.015540120454347375,0.019484317124246614,0.21380283336930536,-20.635497586447897,-47.93155590902201,-60.6875
1773079198.9058695,70.52722799508857,1.7026750946882026,-7.147809250135901,0.4671038135048419,1.221630997851565,9.813782028134757,0.0011832565138912149,0.01664449651675058,0.23671027980173096,-20.31309136448304,-48.40913886311307,-60.6875
1773079198.9354758,70.88410761327053,1.7051728129374735,-7.141969733493282,0.47131472642560446,1.219862821681938,9.825897344304936,0.006731422019474743,0.016250077678786844,0.19744037163185854,-20.31309136448304,-48.40913886311307,-60.6875
1773079198.960403,71.21150385776447,1.7003876029290637,-7.151155368114086,0.48379316642231657,1.2160251869123202,9.83395995187924,0.009308295353284637,0.013278785507013212,0.19744037163185854,-20.31309136448304,-48.40913886311307,-60.6875
1773079199.0187964,71.21150385776447,1.7003876029290637,-7.151155368114086,0.48379316642231657,1.2160251869123202,9.83395995187924,0.009308295353284637,0.013278785507013212,0.19744037163185854,-20.31309136448304,-48.40913886311307,-60.6875
1773079199.0413241,72.02462500487158,1.7016189838815154,-7.137882944788725,0.4814536957246071,1.1747667858946325,9.839325527154712,0.005101155554830192,0.014435748537075091,0.21707532571679475,-21.394809209908615,-49.278430386646946,-59.5
1773079199.0655737,72.02462500487158,1.7016189838815154,-7.137882944788725,0.4814536957246071,1.1747667858946325,9.839325527154712,0.005101155554830192,0.014435748537075091,0.21707532571679475,-21.394809209908615,-49.278430386646946,-59.5
1773079199.0905795,72.48503520987585,1.7154592998539937,-7.1254448509043256,0.45377126926532113,1.1406171259092917,9.852931592685094,0.012463650202125472,0.012411063234466802,0.21162117180431245,-21.394809209908615,-49.278430386646946,-59.5
1773079199.1175086,72.95583857184462,1.7149193449332019,-7.127954824841883,0.4353489236896317,1.1178909086657447,9.861986277305853,-0.0009203133853360073,0.017222978031781522,0.21162117180431245,-21.56354520539939,-48.71346630475701,-59.875
1773079199.1421552,73.18318903469836,1.7240997808176997,-7.129604110432081,0.44752126869839065,1.1411488266945782,9.797764722919805,0.006337003181511005,0.010701912173203315,0.20616701789183017,-21.56354520539939,-48.71346630475701,-59.875
1773079199.1811337,73.53527564405385,1.72118034058514,-7.128908242369629,0.46295955574585035,1.158078130643405,9.75502599587766,0.010176017625831047,0.016434140355854047,0.20725784867432664,-21.56354520539939,-48.71346630475701,-59.875
1773079199.2056823,73.84149695939401,1.735222539127869,-7.139214521143565,0.47323356331896854,1.1693443933086327,9.706513180210058,0.022218955506163447,0.01085968136644118,0.17016960206944712,-21.842260863464812,-48.31271846390299,-58.6875
1773079199.2402158,74.1438105289104,1.7341567393058879,-7.144197421074146,0.4800708005906942,1.1768419652599418,9.71771489550208,0.006626243939026475,0.011753697122816929,0.18653206380689397,-21.842260863464812,-48.31271846390299,-58.6875
1773079199.2798142,74.71018868548273,1.705106964754159,-7.1702025643674,0.43003143886217177,1.172558558240115,9.725169511897564,0.015619005050966306,0.011543340961920391,0.21598449493429828,-22.82755830968031,-47.65284048845509,-59.0625
1773079199.30381,75.16106785919143,1.703751252685373,-7.183554750056032,0.3967308026081363,1.1697079987172119,9.740165810957194,0.00780950045291769,0.02839819363956751,0.2007128639793479,-22.82755830968031,-47.65284048845509,-59.0625
1773079199.3296034,75.16106785919143,1.703751252685373,-7.183554750056032,0.3967308026081363,1.1697079987172119,9.740165810957194,0.00780950045291769,0.02839819363956751,0.2007128639793479,-22.82755830968031,-47.65284048845509,-59.0625
1773079199.3614535,75.47285807856001,1.7085994292854345,-7.194002713368747,0.3998081582569327,1.1712782633631893,9.740110345339783,0.006337003181511005,0.010701912173203315,0.18871372537188688,-22.92699195769313,-48.01441751986453,-57.875
1773079199.3965564,75.88518368371845,1.6948770058304423,-7.1883157958276565,0.4147576033807904,1.168775345903344,9.750108768712945,0.009282001869455303,0.0008414287887170746,0.18544123302439752,-22.92699195769313,-48.01441751986453,-57.875
1773079199.4221687,76.21297386139351,1.6809155013872903,-7.198470447467692,0.4247062921144735,1.167109682293237,9.716621267290245,0.007888385049536623,0.020457217477241288,0.19634954084936207,-22.193291880312422,-48.41064560626369,-59.5
1773079199.4462712,76.57953366492063,1.6843691904544313,-7.2035301927780555,0.4375358776538957,1.1885788255702154,9.721096602831896,0.007204725454057415,0.01385726702204415,0.2203478180642841,-22.193291880312422,-48.41064560626369,-59.5
1773079199.4867373,77.01983376882924,1.6972509590388039,-7.202035324498126,0.45574994800144414,1.2002053673144466,9.72407488864209,0.0010780784334429468,0.012148115960780666,0.1908953869368798,-22.432836728933264,-47.63174845933143,-58.25
1773079199.5208335,77.01983376882924,1.6972509590388039,-7.202035324498126,0.45574994800144414,1.2002053673144466,9.72407488864209,0.0010780784334429468,0.012148115960780666,0.1908953869368798,-22.432836728933264,-47.63174845933143,-58.25
1773079199.5488365,77.42635074062567,1.6935873789810363,-7.216475515120493,0.43972981265265265,1.2191508756388858,9.726056904579142,0.014751282778419895,0.008387986113079556,0.17780541754692233,-22.432836728933264,-47.63174845933143,-58.25
1773079199.588804,77.84835319385908,1.685700686357948,-7.216333653883883,0.41842485841245647,1.193054401845909,9.657128568190974,-0.003234239445459767,0.008808698434872631,0.19962203319685143,-22.333403080920444,-47.270171427921994,-59.0625
1773079199.6215932,78.48357878503434,1.6765287736486505,-7.218420694835474,0.4148903824797517,1.2143919880010925,9.611257530304616,0.0028924075751547,0.010517849496136114,0.18544123302439752,-22.333403080920444,-47.270171427921994,-59.0625
1773079199.6485198,78.48357878503434,1.6765287736486505,-7.218420694835474,0.4148903824797517,1.2143919880010925,9.611257530304616,0.0028924075751547,0.010517849496136114,0.18544123302439752,-22.333403080920444,-47.270171427921994,-59.0625
1773079199.6773634,78.93497597637668,1.6752495428167304,-7.2127978740206045,0.41253822822921987,1.2285919132309118,9.624217319199467,0.004154548685664849,0.019221369850560478,0.21380283336930536,-24.177445798609483,-48.31874496150847,-57.875
1773079199.701451,78.93497597637668,1.6752495428167304,-7.2127978740206045,0.41253822822921987,1.2285919132309118,9.624217319199467,0.004154548685664849,0.019221369850560478,0.21380283336930536,-24.177445798609483,-48.31874496150847,-57.875
1773079199.7244246,79.37102264582309,1.6790189289055568,-7.232214978519064,0.43355051965359837,1.2318329605265075,9.68970881296309,0.006442181261959273,0.015198292729173231,0.19634954084936207,-24.177445798609483,-48.31874496150847,-57.875
1773079199.7433598,79.67935411593552,1.6640107458669555,-7.233922615768889,0.4404381427923719,1.2081868426650584,9.716567111938264,0.01325248787805295,0.023507394245633858,0.17780541754692233,-24.177445798609483,-48.31874496150847,-57.875
1773079199.7649317,79.67935411593552,1.6640107458669555,-7.233922615768889,0.4404381427923719,1.2081868426650584,9.716567111938264,0.01325248787805295,0.023507394245633858,0.17780541754692233,-24.177445798609483,-48.31874496150847,-57.875
1773079199.786392,80.12616114709964,1.6620486629340505,-7.218893438880681,0.4308301348884832,1.140844618109113,9.741131233294023,0.005022270958211259,0.022376724699401312,0.20507618710933373,-23.47990351936912,-47.66790625747178,-56.6875
1773079199.8109162,80.4534318630305,1.6681372055099764,-7.220028042822026,0.4077447972636312,1.1110271109771006,9.750788158242427,0.007572850808191817,0.0069680758093315425,0.2007128639793479,-23.47990351936912,-47.66790625747178,-56.6875
1773079199.8257816,80.4534318630305,1.6681372055099764,-7.220028042822026,0.4077447972636312,1.1110271109771006,9.750788158242427,0.007572850808191817,0.0069680758093315425,0.2007128639793479,-23.47990351936912,-47.66790625747178,-56.6875
1773079199.8467097,80.6712914952251,1.676643303582631,-7.2120865784772965,0.3923817629544105,1.0911838930641258,9.747179398798712,-0.00044700995075333587,0.01483016737503883,0.18544123302439752,-23.47990351936912,-47.66790625747178,-56.6875
1773079199.8703086,81.10859302947915,1.674582417901981,-7.207677896226858,0.39691392094933436,1.1190213482227953,9.744777809701404,0.007862091565707286,0.008019860758945153,0.20180369476184434,-24.285918955532015,-47.77035315428734,-57.0625
1773079199.8885343,81.32167095651836,1.6733368652945622,-7.209886350461775,0.412025173898253,1.168913634195703,9.76325024922857,-0.0022613390924650896,0.016460433839683382,0.18653206380689397,-24.285918955532015,-47.77035315428734,-57.0625
1773079199.9013624,81.32167095651836,1.6733368652945622,-7.209886350461775,0.412025173898253,1.168913634195703,9.76325024922857,-0.0022613390924650896,0.016460433839683382,0.18653206380689397,-24.285918955532015,-47.77035315428734,-57.0625
1773079199.918844,81.52462103088668,1.6861559222265148,-7.207086353415876,0.44143379290585044,1.196794526616214,9.805649456749101,-0.0028661140913253647,0.0019195072221600215,0.18216874067690814,-24.285918955532015,-47.77035315428734,-57.0625
1773079199.9351568,81.72840710746462,1.6844882560531669,-7.210073095821589,0.454796056018316,1.1927713252692662,9.80375965035796,0.00659995045519714,-0.0006836595954792086,0.18762289458939044,-24.5043717750292,-47.38617758810212,-57.0625
1773079199.950974,81.72840710746462,1.6844882560531669,-7.210073095821589,0.454796056018316,1.1927713252692662,9.80375965035796,0.00659995045519714,-0.0006836595954792086,0.18762289458939044,-24.5043717750292,-47.38617758810212,-57.0625
1773079199.9782727,82.09234421096069,1.6632471763255874,-7.212615449617247,0.4249839949057064,1.200737662837189,9.735599771168788,-0.0007099572244394704,0.026215739143721356,0.23343778745424157,-24.5043717750292,-47.38617758810212,-57.0625
1773079200.0080125,82.62796783865723,1.6757231219285722,-7.18603929279176,0.4042574234976235,1.2028137966698456,9.690240132964133,0.0029187010589840356,0.022955206214432252,0.24216443371421323,-24.65352224704843,-47.92854313521628,-55.875
1773079200.0274048,82.62796783865723,1.6757231219285722,-7.18603929279176,0.4042574234976235,1.2028137966698456,9.690240132964133,0.0029187010589840356,0.022955206214432252,0.24216443371421323,-24.65352224704843,-47.92854313521628,-55.875
1773079200.0480082,83.10935443599297,1.6861587662668858,-7.180399484810697,0.38780318847596423,1.1945193160566197,9.696850029219808,0.00404937060521658,0.014724989294590561,0.21271200258680892,-24.65352224704843,-47.92854313521628,-55.875
1773079200.0767648,83.35488490717853,1.6621251322952317,-7.180181256378107,0.37362770404592405,1.1898864096241222,9.717974399877178,0.008177625807052093,0.0215090024268549,0.22143864884678055,-24.65352224704843,-47.92854313521628,-55.875
1773079200.0921855,83.74790898916578,1.6517115171840686,-7.171905692430484,0.36419407750826893,1.1868032621462508,9.732032432574975,0.003023879139432304,0.02745158677040217,0.24434609527920614,-23.95447346215595,-46.56509638292254,-56.6875
1773079200.1099937,84.01152910330515,1.6575845038768557,-7.159273353594965,0.386460667215428,1.2254718207454647,9.724662337760249,0.007020662776990214,0.017301862628400458,0.22580197197676638,-23.95447346215595,-46.56509638292254,-56.6875
1773079200.1308146,84.25426640053271,1.6673289308062762,-7.150910426608789,0.42143742979036547,1.2109687664057325,9.719757621990402,0.008256510403671027,0.013568026264528682,0.2181661564992912,-23.95447346215595,-46.56509638292254,-56.6875
1773079200.1453862,84.48878955185411,1.6622993415691707,-7.1494855781495295,0.4479394493969222,1.2004301679921887,9.810156716239776,0.02214007090954451,0.018800657528767403,0.20507618710933373,-25.337505500422726,-47.3515265331124,-55.875
1773079200.1753016,84.74829932160428,1.6443503976013236,-7.1535009261029625,0.4623508725691542,1.1943038262320176,9.870316303638685,0.005968877827376602,0.017591103385915928,0.24216443371421323,-25.337505500422726,-47.3515265331124,-55.875
1773079200.1973855,85.17796585036363,1.6173851757429356,-7.157262102911432,0.43710746300893405,1.22756052374054,9.826724044343049,-0.001761742174053082,0.026504979901236826,0.25634523388666713,-25.337505500422726,-47.3515265331124,-55.875
1773079200.212976,85.46686564906791,1.6131578633401578,-7.1802405956901145,0.43006501129599756,1.28517160754953,9.797713882739247,0.00013147156427760357,0.01693373727426605,0.2552544031041707,-26.58042657557999,-46.68562229755753,-55.875
1773079200.2363143,85.46686564906791,1.6131578633401578,-7.1802405956901145,0.43006501129599756,1.28517160754953,9.797713882739247,0.00013147156427760357,0.01693373727426605,0.2552544031041707,-26.58042657557999,-46.68562229755753,-55.875
1773079200.2589226,85.87969661282331,1.617299429250078,-7.156351849277652,0.4640022054229701,1.2747273507449515,9.798478614500572,-0.00875611146721396,0.021640473991132506,0.24652775684419906,-26.58042657557999,-46.68562229755753,-55.875
1773079200.2790856,86.1132550570775,1.6274837308891237,-7.158544410060778,0.4971501312582805,1.2683412560599188,9.825748428603676,0.005390396312345661,0.015487533486688701,0.21489366415180183,-26.58042657557999,-46.68562229755753,-55.875
1773079200.2989583,86.1132550570775,1.6274837308891237,-7.158544410060778,0.4971501312582805,1.2683412560599188,9.825748428603676,0.005390396312345661,0.015487533486688701,0.21489366415180183,-26.58042657557999,-46.68562229755753,-55.875
1773079200.3133004,86.47252419946844,1.6248317894056288,-7.151241234329866,0.5059050392123194,1.215710758949761,9.843896185265509,-0.005232631264238723,0.013883560505873487,0.20943951023931956,-26.630143399586398,-46.86641081326225,-55.5
1773079200.327227,86.70689846442264,1.6241697273541134,-7.144575156131878,0.4994749057646297,1.2118106162370303,9.81248686240508,0.013042131717156413,0.014514633133694024,0.21380283336930536,-26.630143399586398,-46.86641081326225,-55.5
1773079200.342282,86.95991288255463,1.639922735273171,-7.140832114409924,0.4406062570285782,1.1999421574291003,9.791584308906591,0.004417495959350983,0.007835798081877952,0.23234695667174513,-26.630143399586398,-46.86641081326225,-55.5
1773079200.3585901,86.95991288255463,1.639922735273171,-7.140832114409924,0.4406062570285782,1.1999421574291003,9.791584308906591,0.004417495959350983,0.007835798081877952,0.23234695667174513,-26.630143399586398,-46.86641081326225,-55.5
1773079200.3725255,87.35489846962065,1.6284541212053343,-7.124348972432436,0.43078073857316557,1.197849507906218,9.777673893050169,0.0058899932307576695,0.02553207954824215,0.23452861823673804,-26.322802946638223,-46.6916485576645,-55.1875
1773079200.385157,87.48922857413577,1.6324414818161541,-7.127885037513289,0.42424196579932133,1.1964568730251668,9.74500088473601,0.004811914797314722,0.013383963587461481,0.2399827721492203,-26.322802946638223,-46.6916485576645,-55.1875
1773079200.3988974,87.48922857413577,1.6324414818161541,-7.127885037513289,0.42424196579932133,1.1964568730251668,9.74500088473601,0.004811914797314722,0.013383963587461481,0.2399827721492203,-26.322802946638223,-46.6916485576645,-55.1875
1773079200.4172835,87.75847970647195,1.6306335821332196,-7.136049629966888,0.4428712764508962,1.241249779222645,9.723257362684356,0.015250879696831905,0.018432532174633,0.23561944901923448,-26.322802946638223,-46.6916485576645,-55.1875
1773079200.4362564,88.12262078480065,1.6348385811713873,-7.143103252083977,0.457929807867037,1.2807350824144428,9.735548185308591,0.001866916109370424,0.023244446971947722,0.21925698728178766,-26.77025460019442,-45.72593663492055,-56.0
1773079200.460417,88.46045019053194,1.653963583649217,-7.163303860061365,0.4781916583450064,1.2937880750811852,9.757108037296813,0.015119408132554302,0.0014987949003669471,0.19634954084936207,-26.77025460019442,-45.72593663492055,-56.0
1773079200.5001347,88.46045019053194,1.653963583649217,-7.163303860061365,0.4781916583450064,1.2937880750811852,9.757108037296813,0.015119408132554302,0.0014987949003669471,0.19634954084936207,-26.77025460019442,-45.72593663492055,-56.0
1773079200.5285969,88.91071316908496,1.648388318370075,-7.166220711381346,0.4828059158965505,1.2702209475996733,9.75807543112637,0.005574458989412863,0.012042937880332399,0.20725784867432664,-27.769111072275983,-46.29391396561322,-56.0
1773079200.5501618,89.41103674800033,1.6365007874435915,-7.1344333146771755,0.4749910142935974,1.2401843688982863,9.785480114571998,0.005968877827376602,0.017591103385915928,0.23671027980173096,-27.769111072275983,-46.29391396561322,-56.0
1773079200.5762115,89.82603004717743,1.637144165723218,-7.126854805816875,0.4697902845750031,1.2201953613030823,9.797027401860051,0.005968877827376602,0.017591103385915928,0.2476185876266955,-27.678716933172876,-45.02236809557321,-55.1875
1773079200.5895376,90.1062945011348,1.6363137711839946,-7.135411685975167,0.47640854861702775,1.256160500235124,9.8047119925586,-0.0003418318703050665,0.01932654793100875,0.25089107997418486,-27.678716933172876,-45.02236809557321,-55.1875
1773079200.6021047,90.1062945011348,1.6363137711839946,-7.135411685975167,0.47640854861702775,1.256160500235124,9.8047119925586,-0.0003418318703050665,0.01932654793100875,0.25089107997418486,-27.678716933172876,-45.02236809557321,-55.1875
1773079200.622117,90.37121726739518,1.6345266011926467,-7.1440131392484085,0.4904890538930658,1.2774339651569186,9.809826001825982,0.001972094189818693,0.02774082752791764,0.2301652951067522,-27.678716933172876,-45.02236809557321,-55.1875
1773079200.6469483,90.70531892995082,1.6440885223469246,-7.165616313777033,0.5127609721806177,1.288043307381461,9.7965037593296,-5.2591112789597024e-05,0.020378332880622355,0.2007128639793479,-28.100556803150553,-44.90636217289159,-54.75
1773079200.6767058,90.99557715979229,1.6426141954747662,-7.164158010396833,0.5160519741249572,1.2531738333411053,9.807708626011374,0.005679637069861132,0.016539318436302314,0.17562375598192942,-28.100556803150553,-44.90636217289159,-54.75
1773079200.7001176,91.28779211684355,1.6288421498779386,-7.1800899173999655,0.5021152250111411,1.234403476685718,9.788404445962978,0.025006185000869877,0.016881150306607383,0.17453292519943295,-28.100556803150553,-44.90636217289159,-55.1875
1773079200.7219179,91.52981149015811,1.596190935009932,-7.158419616132465,0.44881410965078233,1.2132034981585451,9.718690830758161,0.01151704333296013,0.017196684547952187,0.21489366415180183,-28.100556803150553,-44.90636217289159,-55.1875
1773079200.740068,91.52981149015811,1.596190935009932,-7.158419616132465,0.44881410965078233,1.2132034981585451,9.718690830758161,0.01151704333296013,0.017196684547952187,0.21489366415180183,-28.100556803150553,-44.90636217289159,-55.1875
1773079200.7643318,91.91619528716588,1.5811145063610152,-7.158757654370259,0.41955165711222625,1.2216727730708117,9.672297198591464,0.016986324241924724,0.02474324187231467,0.23343778745424157,-28.100556803150553,-44.90636217289159,-55.1875
1773079200.7838123,92.28713094927545,1.593029942667877,-7.145552370684104,0.4463619525333186,1.1937650877801265,9.681564095123187,0.0015776753518549538,0.02219266202233411,0.2279836335417593,-28.84630940074521,-45.02538134437595,-54.75
1773079200.7997756,92.50194277064973,1.6054081762100185,-7.167787292830448,0.48839420950707,1.2379263760275716,9.714492004905587,0.01696003075809539,0.012305885154018531,0.18871372537188688,-28.84630940074521,-45.02538134437595,-54.75
1773079200.814354,92.70199468697965,1.60967841878466,-7.176174533355898,0.5066094516299976,1.231836096923612,9.769856278110115,0.013121016313775343,0.006573656971367804,0.18216874067690814,-28.84630940074521,-45.02538134437595,-54.75
1773079200.8335648,92.70199468697965,1.60967841878466,-7.176174533355898,0.5066094516299976,1.231836096923612,9.769856278110115,0.013121016313775343,0.006573656971367804,0.18216874067690814,-28.84630940074521,-45.02538134437595,-54.75
1773079200.85411,92.99468342567717,1.5905192322231734,-7.188302623077021,0.5122807421272696,1.2295570397331708,9.806700583468274,0.016013423888930043,0.01709150646750392,0.16907877128695067,-29.44893778642761,-44.85965859768792,-53.5625
1773079200.8770068,93.33793990654983,1.5730135467887405,-7.190201898241157,0.477027888441279,1.2248956086777991,9.821184721984311,0.010176017625831047,0.016434140355854047,0.21162117180431245,-29.44893778642761,-44.85965859768792,-53.5625
1773079200.8987439,93.33793990654983,1.5730135467887405,-7.190201898241157,0.477027888441279,1.2248956086777991,9.821184721984311,0.010176017625831047,0.016434140355854047,0.21162117180431245,-29.44893778642761,-44.85965859768792,-53.5625
1773079200.9274607,93.58385863720339,1.5631266883185808,-7.185660704719984,0.45356750811343094,1.221793478382046,9.794027525587792,0.009518651514181175,0.02227154661895304,0.22471114119426994,-29.44893778642761,-44.85965859768792,-53.5625
1773079200.9453022,94.05521975432151,1.5829381134851181,-7.18086782542843,0.4581941138089003,1.2176325535911565,9.749193821093115,0.016775968081028186,0.015750480760374837,0.20180369476184434,-28.65045535352231,-43.13463481398474,-54.0
1773079200.9639442,94.27683827522738,1.5854088831025006,-7.169878803216637,0.48562464753985474,1.2151054099600536,9.746118385235757,0.012858069040089211,0.01795922874005033,0.2007128639793479,-28.65045535352231,-43.13463481398474,-54.0
1773079200.9838738,94.49856970543465,1.5815028522652408,-7.18003197583505,0.5074272723594034,1.2263251234194972,9.760797275564153,0.014856460858868164,0.012884366669049472,0.20180369476184434,-28.65045535352231,-43.13463481398474,-54.0
1773079201.001851,94.49856970543465,1.5815028522652408,-7.18003197583505,0.47089511991036215,1.2374202593101877,9.77056591310375,0.0119903467675428,0.014803873891209494,0.2203478180642841,-29.034630919707528,-43.35308763348192,-54.375
1773079201.0197873,94.73999501593508,1.5770943961967068,-7.179991629932244,0.47089511991036215,1.2374202593101877,9.77056591310375,0.0119903467675428,0.014803873891209494,0.2203478180642841,-29.034630919707528,-43.35308763348192,-54.375
1773079201.0349617,95.09229378155067,1.5761208314489696,-7.159025533695022,0.44658338054640734,1.2448039483046534,9.777066832263522,-0.00015776919323786593,0.01588195232465244,0.210530341021816,-29.034630919707528,-43.35308763348192,-54.375
1773079201.052359,95.30313396136357,1.591106466442808,-7.165940260647595,0.4658833126983403,1.2399609554872313,9.781393121344324,0.007862091565707286,0.008019860758945153,0.18871372537188688,-29.034630919707528,-43.35308763348192,-54.375
1773079201.0812042,95.30313396136357,1.591106466442808,-7.165940260647595,0.4658833126983403,1.2399609554872313,9.781393121344324,0.007862091565707286,0.008019860758945153,0.18871372537188688,-29.034630919707528,-43.35308763348192,-54.375
1773079201.1040778,95.30313396136357,1.591106466442808,-7.165940260647595,0.4840490685121897,1.2560902468408595,9.777581994985143,0.006915484696541945,0.01280548207243054,0.18871372537188688,-29.956652278552045,-43.877374400275166,-54.75
1773079201.1313238,95.94828966934406,1.5964800469926437,-7.158493838373262,0.4735605522786951,1.2730329543819998,9.77170062125886,0.007967269646155557,0.01251624131491507,0.21380283336930536,-29.956652278552045,-43.877374400275166,-54.75
1773079201.1474664,96.32188068257878,1.5906297582695539,-7.158808381792842,0.46335518706073303,1.285195114748369,9.771131744450587,-0.01028119985141024,0.02432252540539067,0.2181661564992912,-29.956652278552045,-43.877374400275166,-54.75
1773079201.1619892,96.32188068257878,1.5906297582695539,-7.158808381792842,0.46335518706073303,1.285195114748369,9.771131744450587,-0.01028119985141024,0.02432252540539067,0.2181661564992912,-29.956652278552045,-43.877374400275166,-54.75
1773079201.1777258,96.54283798201456,1.600488342166356,-7.161368121545707,0.45656363050957843,1.2932888966119542,9.787478721826048,0.006626243939026475,0.011753697122816929,0.19634954084936207,-29.757784982526406,-43.15422033745628,-53.6875
1773079201.1950612,96.75946402416834,1.615981334082455,-7.16820991662839,0.45204392549144273,1.298675218028703,9.798357452661715,0.0089138765153209,0.007730620001429683,0.19853120241435498,-29.757784982526406,-43.15422033745628,-53.6875
1773079201.2094994,96.95143628691682,1.6261168466891998,-7.155968145790138,0.4683883612641347,1.2969378882012896,9.805597126509467,0.011227802575444661,0.016144899598338577,0.1636246173744684,-29.757784982526406,-43.15422033745628,-53.6875
1773079201.2228358,97.14390066962045,1.624565593724346,-7.161101661371083,0.45725221843714914,1.2914274566825745,9.817105271997328,0.007388788131124616,0.010412671415687845,0.17235126363444003,-29.7246404331888,-43.0336946603198,-54.0
1773079201.2461312,97.14390066962045,1.624565593724346,-7.161101661371083,0.45725221843714914,1.2914274566825745,9.817105271997328,0.007388788131124616,0.010412671415687845,0.17235126363444003,-29.7246404331888,-43.0336946603198,-54.0
1773079201.2701547,97.45178604183417,1.6107155219308846,-7.168015373206565,0.4369397404687579,1.2913082371031608,9.82476381426509,0.015040523535935366,0.00943977106269317,0.1832595714594046,-29.7246404331888,-43.0336946603198,-54.0
1773079201.2890923,97.89641921219187,1.6191340419173619,-7.16571080162291,0.4163261912045646,1.2654258991730334,9.793064259812251,0.005180040151449125,0.006494772374748871,0.20507618710933373,-30.7265101540731,-42.43407952344015,-54.0
1773079201.319396,98.10407315109622,1.6263047714987782,-7.159092801346906,0.41228422892460104,1.2455405591246391,9.771968560431112,0.007783206969088355,0.015960836921271374,0.1810779098944117,-30.7265101540731,-42.43407952344015,-54.0
1773079201.3338997,98.31246896192357,1.6199664221373582,-7.1603092795003045,0.4321719719817852,1.226098243134945,9.764619831562007,0.008072447726603826,0.017012621870884988,0.18435040224190105,-30.7265101540731,-42.43407952344015,-54.0
1773079201.357464,98.31246896192357,1.6199664221373582,-7.1603092795003045,0.4321719719817852,1.226098243134945,9.764619831562007,0.008072447726603826,0.017012621870884988,0.18435040224190105,-30.7265101540731,-42.43407952344015,-54.0
1773079201.3780298,98.81783728102103,1.6185995528025734,-7.164800208212079,0.45352511236882853,1.3029659357052157,9.746439428364095,0.003681245251082177,0.02161418050730317,0.1908953869368798,-30.36493312266366,-42.53351317145297,-53.6875
1773079201.3945174,98.81783728102103,1.6185995528025734,-7.164800208212079,0.45352511236882853,1.3029659357052157,9.746439428364095,0.003681245251082177,0.02161418050730317,0.1908953869368798,-30.36493312266366,-42.53351317145297,-53.6875
1773079201.4075806,99.0379631179578,1.6131207828140437,-7.166378559986847,0.4488929425144024,1.3262413839398755,9.73759514422854,0.003102763736051237,0.01951061060807595,0.19634954084936207,-30.36493312266366,-42.53351317145297,-53.6875
1773079201.4218287,99.24957320450264,1.616604892871773,-7.165152440091104,0.4362954351956394,1.2819002322943354,9.765160489006647,0.010176017625831047,0.016434140355854047,0.1908953869368798,-31.472262751667756,-42.55309869492451,-54.0
1773079201.4359517,99.24957320450264,1.616604892871773,-7.165152440091104,0.4362954351956394,1.2819002322943354,9.765160489006647,0.010176017625831047,0.016434140355854047,0.1908953869368798,-31.472262751667756,-42.55309869492451,-54.0
1773079201.4534345,99.45724502616066,1.6236958844051763,-7.158454885185313,0.46073012463654817,1.2329588113483947,9.7835049180314,0.003286826413118438,0.01606601500171964,0.18871372537188688,-31.472262751667756,-42.55309869492451,-54.0
1773079201.484203,99.772784365895,1.6144216709631378,-7.160483076325106,0.47521718198573837,1.1939380927624161,9.792367818919356,0.0027083448980874986,0.013962445102492421,0.18762289458939044,-31.38940137832374,-42.25178450208331,-53.6875
1773079201.5088212,100.09666622084957,1.6287212040676045,-7.152052932187896,0.43647753438597003,1.1812749068362007,9.7982659804552,0.002419104140572029,0.01291066015287881,0.19416787928436915,-31.38940137832374,-42.25178450208331,-53.6875
1773079201.52488,100.09666622084957,1.6287212040676045,-7.152052932187896,0.43647753438597003,1.1812749068362007,9.7982659804552,0.002419104140572029,0.01291066015287881,0.19416787928436915,-31.38940137832374,-42.25178450208331,-53.6875
1773079201.5437343,100.43679584969826,1.630626759901814,-7.15152245194138,0.41867953150020276,1.2018760715201324,9.788810694241246,0.0010780784334429468,0.012148115960780666,0.20398535632683726,-31.38940137832374,-42.25178450208331,-53.6875
1773079201.560015,100.76387165966919,1.629590063490227,-7.14205889946404,0.41651128388336794,1.212924983206647,9.805934088839562,-0.0007362507082688058,0.01377838242542522,0.1930770485018727,-30.908805412928444,-40.50416218360435,-52.375
1773079201.580004,100.76387165966919,1.629590063490227,-7.14205889946404,0.41651128388336794,1.212924983206647,9.805934088839562,-0.0007362507082688058,0.01377838242542522,0.1930770485018727,-30.908805412928444,-40.50416218360435,-52.375
1773079201.6000626,100.97168358526282,1.6328638804414555,-7.1411746152954265,0.4532890265896566,1.2583373360337622,9.817329516663891,0.01007083954538278,0.01193775979988413,0.17889624832941878,-30.908805412928444,-40.50416218360435,-52.375
1773079201.615167,101.28367511300013,1.6197551809168822,-7.149663089075059,0.4688944259245424,1.2563050012612405,9.824913046585712,0.006442181261959273,0.015198292729173231,0.18762289458939044,-30.908805412928444,-40.50416218360435,-52.375
1773079201.6306076,101.51410522232722,1.6052474045967042,-7.153365269856963,0.43823674984168975,1.269708590884166,9.819924465913145,0.004443789443180319,0.02027315480017409,0.19853120241435498,-32.520836285254234,-40.70905597723547,-53.6875
1773079201.6557794,101.89183956629252,1.5999606100689667,-7.155070643416553,0.41783440887723267,1.2786285300503164,9.779808392421137,0.00347088909018564,0.01262141939536334,0.2301652951067522,-32.520836285254234,-40.70905597723547,-53.6875
1773079201.681319,101.89183956629252,1.5999606100689667,-7.155070643416553,0.41783440887723267,1.2786285300503164,9.779808392421137,0.00347088909018564,0.01262141939536334,0.2301652951067522,-32.520836285254234,-40.70905597723547,-53.6875
1773079201.7014654,102.23120409337776,1.6150765720006768,-7.146278337562715,0.4139330033613924,1.281903716642587,9.753111593638108,-0.0006310726278205369,0.018274762981395135,0.20616701789183017,-32.520836285254234,-40.70905597723547,-53.6875
1773079201.7199337,102.45104379686144,1.61558604078876,-7.1516362393692425,0.41133666157215587,1.2840833167335117,9.732000060563466,0.007204725454057415,0.01385726702204415,0.19744037163185854,-32.059825605831975,-40.44691259383885,-53.6875
1773079201.735736,102.45104379686144,1.61558604078876,-7.1516362393692425,0.41133666157215587,1.2840833167335117,9.732000060563466,0.007204725454057415,0.01385726702204415,0.19744037163185854,-32.059825605831975,-40.44691259383885,-53.6875
1773079201.7527766,102.78599766448863,1.5872759965955312,-7.133989749835469,0.39074038681392587,1.242152524161017,9.748056576499444,0.009518651514181175,0.02227154661895304,0.19853120241435498,-32.059825605831975,-40.44691259383885,-53.6875
1773079201.765892,103.0354250589126,1.5774928488599258,-7.131387531757216,0.3752598405174192,1.2077973004437161,9.731981114833246,0.007783206969088355,0.015960836921271374,0.23671027980173096,-32.059825605831975,-40.44691259383885,-53.6875
1773079201.7867825,103.0354250589126,1.5774928488599258,-7.131387531757216,0.3752598405174192,1.2077973004437161,9.731981114833246,0.007783206969088355,0.015960836921271374,0.23671027980173096,-32.059825605831975,-40.44691259383885,-53.6875
1773079201.8031502,103.41869076416752,1.5832568417415873,-7.115373885723477,0.3631837543657581,1.178483533174898,9.788185308815452,0.005311511715726728,0.023428509649014922,0.2181661564992912,-33.42477886377783,-40.46047185720342,-53.1875
1773079201.817486,103.65354585087134,1.5943043779341035,-7.118171863805588,0.3924003325696392,1.1556695428096564,9.838969018897902,0.006047762423995535,0.009650127223589705,0.20725784867432664,-33.42477886377783,-40.46047185720342,-53.1875
1773079201.8331287,103.86915197709334,1.6077794788349502,-7.115481418586829,0.41450457227431203,1.150163211557483,9.872765010666562,0.012358472121677204,0.007914682678496885,0.18435040224190105,-33.42477886377783,-40.46047185720342,-53.1875
1773079201.8536985,103.86915197709334,1.6077794788349502,-7.115481418586829,0.41450457227431203,1.150163211557483,9.872765010666562,0.012358472121677204,0.007914682678496885,0.18435040224190105,-33.42477886377783,-40.46047185720342,-53.1875
1773079201.8761573,104.31555966513382,1.5962237499880116,-7.134898782378373,0.4008313958399893,1.1820585636127379,9.868494972004084,0.009991954948763846,0.01987873596221035,0.2007128639793479,-32.843242507219095,-40.23147302314441,-53.6875
1773079201.8981066,104.55140167548636,1.5917548527520087,-7.136624415655013,0.3864101831012297,1.1839323151372343,9.82885708019315,0.008256510403671027,0.013568026264528682,0.2083486794568231,-32.843242507219095,-40.23147302314441,-53.6875
1773079201.918454,104.79230057600667,1.60329901044954,-7.139427800628206,0.39745542093998704,1.2350113175888366,9.802478505977236,0.0036549517672528416,0.009176823789007034,0.2181661564992912,-32.843242507219095,-40.23147302314441,-53.6875
1773079201.9322026,104.79230057600667,1.60329901044954,-7.139427800628206,0.39745542093998704,1.2350113175888366,9.802478505977236,0.0036549517672528416,0.009176823789007034,0.2181661564992912,-32.843242507219095,-40.23147302314441,-53.6875
1773079201.9485762,105.0278701429516,1.6057942308454338,-7.129044661836685,0.4281898740261915,1.2278802972389429,9.82506519999236,0.0027083448980874986,0.013962445102492421,0.20180369476184434,-33.56940981884071,-38.86501325954644,-53.6875
1773079201.9725142,105.37222986109711,1.6134207627910049,-7.1486647442397935,0.45751308683056807,1.2553884311445522,9.840096392549523,0.016013423888930043,0.01709150646750392,0.2083486794568231,-33.56940981884071,-38.86501325954644,-53.6875
1773079201.985311,105.60834440942996,1.6063675622157012,-7.140877398384384,0.4620293663421003,1.2570034712794502,9.843409259872251,0.0029187010589840356,0.022955206214432252,0.20616701789183017,-33.56940981884071,-38.86501325954644,-53.6875
1773079201.9993706,105.84071339083364,1.6018017761593808,-7.143059770995856,0.4721307219883526,1.283881261079842,9.76533125509271,0.000999193836824014,0.02008909212310689,0.20943951023931956,-33.784849389535154,-39.64843016093356,-54.0
1773079202.0187354,105.84071339083364,1.6018017761593808,-7.143059770995856,0.4721307219883526,1.283881261079842,9.76533125509271,0.000999193836824014,0.02008909212310689,0.20943951023931956,-33.784849389535154,-39.64843016093356,-54.0
1773079202.0483034,106.19561045633625,1.5987232979920174,-7.139912785577254,0.4491796154470993,1.2821739756369115,9.793653896076052,0.005101155554830192,0.014435748537075091,0.21489366415180183,-33.784849389535154,-39.64843016093356,-54.0
1773079202.0817451,106.67565764129309,1.5933187579517138,-7.15369165963128,0.45712860665090277,1.3024059060771442,9.758980509948724,0.00318164833267017,0.011569634445749726,0.2203478180642841,-34.13286739507853,-38.32114120678016,-54.0
1773079202.1045284,107.02715465802598,1.59012561837937,-7.151022103173382,0.4526618161389554,1.2803909066609263,9.762666652466645,-0.0021561610120168205,0.020956814395653296,0.2007128639793479,-34.13286739507853,-38.32114120678016,-54.0
1773079202.1253684,107.02715465802598,1.59012561837937,-7.151022103173382,0.4526618161389554,1.2803909066609263,9.762666652466645,-0.0021561610120168205,0.020956814395653296,0.2007128639793479,-34.13286739507853,-38.32114120678016,-54.0
1773079202.1449392,107.3621954931921,1.5981811137956456,-7.155255279860429,0.46613862730721034,1.2750937587482514,9.765119739135413,0.01083338373748092,0.010596734092755048,0.19962203319685143,-34.13286739507853,-38.32114120678016,-54.0
1773079202.1636014,107.6984605818141,1.5839994007673426,-7.171181517263488,0.474784758382076,1.2577800889093025,9.776787576032662,0.016013423888930043,0.01709150646750392,0.19853120241435498,-32.11406242179175,-37.57990812614186,-53.1875
1773079202.181715,107.6984605818141,1.5839994007673426,-7.171181517263488,0.474784758382076,1.2577800889093025,9.776787576032662,0.016013423888930043,0.01709150646750392,0.19853120241435498,-32.11406242179175,-37.57990812614186,-53.1875
1773079202.2016506,108.05572250155292,1.580303821882019,-7.199902399639933,0.47731328719981186,1.2471450127980308,9.784552391149502,0.02595279187003522,0.012095528993121997,0.2181661564992912,-32.11406242179175,-37.57990812614186,-53.1875
1773079202.2161288,108.2941048091171,1.579638529528854,-7.196202979209354,0.43964642451127534,1.2231342674176109,9.839896464480882,0.01546123585772844,0.027425293286572835,0.20398535632683726,-32.11406242179175,-37.57990812614186,-53.1875
1773079202.2293272,108.2941048091171,1.579638529528854,-7.196202979209354,0.43964642451127534,1.2231342674176109,9.839896464480882,0.01546123585772844,0.027425293286572835,0.20398535632683726,-32.11406242179175,-37.57990812614186,-53.1875
1773079202.246388,108.52304074632846,1.5784040762495033,-7.1928174234131514,0.4145795481584803,1.2071553845845415,9.836585986561275,0.016697083484409254,0.023691456922701058,0.20398535632683726,-34.800278373784025,-37.68386176610804,-54.5
1773079202.2849965,108.9848811082821,1.5633185559531346,-7.1947093559649336,0.38636711107865407,1.15459174377828,9.87452424097407,0.016513020807342054,0.027136052529057365,0.19853120241435498,-34.800278373784025,-37.68386176610804,-54.5
1773079202.3085217,109.34770624227559,1.5766693903104878,-7.192739118656653,0.39742675699010893,1.2154854951051102,9.859630384999884,0.00978159878786731,0.010885974850270519,0.21925698728178766,-33.736639308679365,-37.58744112939945,-53.5625
1773079202.335188,109.66350200938614,1.586792786520572,-7.206897860856708,0.4189784719627931,1.3076156036489375,9.762745785834031,0.0016565599484738873,0.01425168586000789,0.1832595714594046,-33.736639308679365,-37.58744112939945,-53.5625
1773079202.362474,109.92216657173289,1.605871635942244,-7.228358888246888,0.4752507703053544,1.3573964508417113,9.698270167361041,-0.00707325388977981,0.0030764702522219013,0.16144295580947549,-33.736639308679365,-37.58744112939945,-53.5625
1773079202.3792894,109.92216657173289,1.605871635942244,-7.228358888246888,0.4752507703053544,1.3573964508417113,9.698270167361041,-0.00707325388977981,0.0030764702522219013,0.16144295580947549,-33.736639308679365,-37.58744112939945,-53.5625
1773079202.3923523,110.0681308328355,1.6177843707935973,-7.267246768361681,0.5311646274632322,1.3819778071699211,9.725609709360825,-0.005811112779269662,0.011779990606646263,0.13199052468207118,-33.786356370184286,-35.17542108101774,-54.375
1773079202.404709,110.17710644468083,1.621154112540277,-7.303211866016394,0.5818406156674102,1.3842254119267567,9.743803869158985,0.0010780784334429468,0.012148115960780666,0.09381144729469522,-33.786356370184286,-35.17542108101774,-54.375
1773079202.421849,110.24568766843859,1.6156367564954732,-7.352332606178017,0.6182258530099639,1.3953972922719644,9.74922165584794,0.005285218231897393,0.010991152930718786,0.07090400086226964,-33.786356370184286,-35.17542108101774,-54.375
1773079202.439193,110.24568766843859,1.6156367564954732,-7.352332606178017,0.6182258530099639,1.3953972922719644,9.74922165584794,0.005285218231897393,0.010991152930718786,0.07090400086226964,-33.786356370184286,-35.17542108101774,-54.375
1773079202.4648204,110.29929024193143,1.6096970101296337,-7.354836931628834,0.6236520145862738,1.3975908181576175,9.722721127002922,-0.015382355406240434,0.009886776868315577,0.04254240051736178,-33.245497328722244,-36.03717960129402,-55.1875
1773079202.4860523,110.32421164316182,1.6078999022361395,-7.376121533130008,0.6104911179327123,1.375908519779986,9.708430432794186,-0.00707325388977981,0.0030764702522219013,0.0,-33.245497328722244,-36.03717960129402,-55.1875
1773079202.506776,110.37202328952955,1.6018614249572989,-7.34729426460832,0.5826223445894261,1.3424494796547302,9.698920135435786,-0.01251624131491507,0.007967269646155557,0.03490658503988659,-33.245497328722244,-36.03717960129402,-55.1875
1773079202.528967,110.37202328952955,1.6018614249572989,-7.34729426460832,0.5826223445894261,1.3424494796547302,9.698920135435786,-0.01251624131491507,0.007967269646155557,0.03490658503988659,-33.245497328722244,-36.03717960129402,-55.1875
1773079202.5504942,110.38186633807874,1.5962133933903635,-7.343779948530062,0.5475459460123245,1.2726892175389048,9.722697144146629,0.004233433282283781,0.011280393688234256,-0.002181661564992912,-33.96865139154112,-35.83831230526838,-55.6875
1773079202.582289,110.3883136877266,1.590282776844786,-7.356320615626535,0.5145268701013852,1.2289254756545642,9.748555812959063,0.015224586213002569,0.005995175456336863,-0.01090830782496456,-33.96865139154112,-35.83831230526838,-55.6875
1773079202.5966501,110.3883136877266,1.590282776844786,-7.356320615626535,0.5145268701013852,1.2289254756545642,9.748555812959063,0.015224586213002569,0.005995175456336863,-0.01090830782496456,-33.96865139154112,-35.83831230526838,-55.6875
1773079202.6102424,110.38863875695087,1.587260425685561,-7.346921132071381,0.48610229427195173,1.2015751498239338,9.755729133071522,0.005916290859717931,-0.007283610050676347,0.004363323129985824,-33.68692272217147,-34.8138440496083,-55.1875
1773079202.6308374,110.41353085508477,1.592010665162883,-7.340177294757965,0.49468236714649777,1.2833604332050224,9.760502897475128,-0.010228608738620644,0.003944192524768311,0.002181661564992912,-33.68692272217147,-34.8138440496083,-55.1875
1773079202.6477432,110.41353085508477,1.592010665162883,-7.340177294757965,0.49468236714649777,1.2833604332050224,9.760502897475128,-0.010228608738620644,0.003944192524768311,0.002181661564992912,-33.68692272217147,-34.8138440496083,-55.1875
1773079202.6740735,110.3633027202593,1.588715604551213,-7.356852583307988,0.5139388942495834,1.2230449202840725,9.763679784359283,0.022665965456916782,-0.003970486008597647,-0.019634954084936207,-33.68692272217147,-34.8138440496083,-55.1875
1773079202.6961603,110.31739186794042,1.5667295298474349,-7.379117262155001,0.5320757644882911,1.2022578691774553,9.765793967092538,0.011490749849130795,0.004759327829656051,-0.022907446432425576,-34.69180545436,-35.63944500924274,-54.75
1773079202.7166343,110.30996866499336,1.5817148155876966,-7.394781827849044,0.5538217735169595,1.1857633855920238,9.700298697938162,0.01028119985141024,-0.02432252540539067,-0.01090830782496456,-34.69180545436,-35.63944500924274,-54.75
1773079202.7345936,110.30996866499336,1.5817148155876966,-7.394781827849044,0.5538217735169595,1.1857633855920238,9.700298697938162,0.01028119985141024,-0.02432252540539067,-0.01090830782496456,-34.69180545436,-35.63944500924274,-54.75
1773079202.7622812,110.20013413302777,1.584039632759711,-7.393202605476364,0.5489412506328526,1.1801083575824802,9.656712327946021,-0.0016302664646445516,-0.001814329141711753,-0.07308566242726255,-34.69180545436,-35.63944500924274,-54.75
1773079202.7958775,110.03309176501241,1.5917486430512249,-7.420786415986292,0.5652068278965496,1.2473032458503739,9.564148963168838,0.021482708943025567,-0.02061498252534823,-0.0545415391248228,-35.05338248576944,-35.54001136122992,-54.0
1773079202.8173907,109.91996689939857,1.5904901456109033,-7.441476305194478,0.5299085443375466,1.1243012022698893,9.59955731742242,0.01270030399198227,-0.01141186525251186,-0.05999569303730508,-35.05338248576944,-35.54001136122992,-54.0
1773079202.8327012,109.91996689939857,1.5904901456109033,-7.441476305194478,0.5299085443375466,1.1243012022698893,9.59955731742242,0.01270030399198227,-0.01141186525251186,-0.05999569303730508,-35.05338248576944,-35.54001136122992,-54.0
1773079202.853972,109.80230851528123,1.567191291676981,-7.442968249696597,0.5318983806453835,1.160332165653391,9.619776069933625,0.007467672727743549,0.002471695253361626,-0.11562806294462433,-35.05338248576944,-35.54001136122992,-54.0
1773079202.8840463,109.56868813916591,1.538991904139706,-7.4706660281628965,0.5332225944803209,1.1843103692928778,9.636576535578888,0.02143011783023597,-0.0002366496447258733,-0.10035643198967395,-34.452260605739156,-36.418342156175,-54.375
1773079202.8985503,109.42543186307647,1.5234805520980834,-7.469594822723092,0.534103843995034,1.200267595960871,9.647757057792312,-0.013410257071290814,-0.0076254419209814146,-0.1265363707695889,-34.452260605739156,-36.418342156175,-54.375
1773079202.9116392,109.29140759290944,1.5082337415811227,-7.483775903770326,0.5300941424403975,1.2572517136321117,9.655197570430728,0.00018406267706720146,-0.003444595606356305,-0.12217304763960307,-34.452260605739156,-36.418342156175,-54.375
1773079202.9297078,109.29140759290944,1.5082337415811227,-7.483775903770326,0.5300941424403975,1.2572517136321117,9.655197570430728,0.00018406267706720146,-0.003444595606356305,-0.12217304763960307,-34.452260605739156,-36.418342156175,-54.375
1773079202.947108,109.08941631539882,1.4825694483266643,-7.479652810846858,0.49154344064149913,1.25300222927469,9.660149148475622,-0.00462785212024752,-0.016828559193817785,-0.12435470920459599,-34.084657314222746,-36.26015217524606,-54.0
1773079202.9725783,108.95585131882892,1.4611016967680959,-7.490476031448939,0.5008836916792928,1.2891206481890312,9.660099256644429,0.005732228182650729,-0.003839014444320043,-0.13199052468207118,-34.084657314222746,-36.26015217524606,-54.0
1773079202.9977608,108.95585131882892,1.4611016967680959,-7.490476031448939,0.5008836916792928,1.2891206481890312,9.660099256644429,0.005732228182650729,-0.003839014444320043,-0.13199052468207118,-34.084657314222746,-36.26015217524606,-54.0
1773079203.0118344,108.6931521797296,1.446851918466432,-7.503457032178093,0.4729911897222836,1.2774360240519695,9.683481836139334,-0.008151332323222757,-0.009071645708558765,-0.1090830782496456,-34.608944081015984,-35.33813081640154,-54.375
1773079203.0269604,108.53741867645452,1.4337017727586967,-7.495718022933938,0.4899081643682779,1.2599032818525304,9.699042681592665,-0.02240301818323065,-0.00741508576008488,-0.13853550937704992,-34.608944081015984,-35.33813081640154,-54.375
1773079203.0446763,108.41919230063225,1.419776704346073,-7.493905543290613,0.45601097441455263,1.2606531264149488,9.73615914407438,-0.008151332323222757,-0.009071645708558765,-0.10144726277217041,-34.608944081015984,-35.33813081640154,-54.375
1773079203.0719116,108.2037443486939,1.4023973987305445,-7.502933929509336,0.43611370643732417,1.2708282640818498,9.760859735237908,-0.00862463575780543,-0.006678835051816072,-0.13744467859455345,-33.30576016729048,-36.02060732662522,-55.1875
1773079203.0910327,108.2037443486939,1.4023973987305445,-7.502933929509336,0.43611370643732417,1.2708282640818498,9.760859735237908,-0.00862463575780543,-0.006678835051816072,-0.13744467859455345,-33.30576016729048,-36.02060732662522,-55.1875
1773079203.1080487,108.07648770744706,1.3779528150369353,-7.5197853909574155,0.4246462523858943,1.2840504541933864,9.7338112505384,0.01262141939536334,-0.00347088909018564,-0.10144726277217041,-33.30576016729048,-36.02060732662522,-55.1875
1773079203.122968,107.94908330722991,1.3529753888815927,-7.5521842084729744,0.4443498386300309,1.3165561809107382,9.71581078612225,-0.011674812526197995,-0.0013147322232997462,-0.11780972450961724,-33.30576016729048,-36.02060732662522,-55.1875
1773079203.137426,107.82516577564091,1.3324211998655429,-7.546744566050648,0.46391310482997294,1.3364144234080073,9.723902348375582,-0.01979985136559142,0.002050978786437625,-0.10362892433716332,-33.96865139154112,-35.83831230526838,-53.6875
1773079203.1716654,107.57253639735613,1.3129252498413746,-7.540058078496295,0.4367763354050745,1.2288395739781672,9.776118756568973,-0.019142485253941546,-0.003786427476661372,-0.12217304763960307,-33.96865139154112,-35.83831230526838,-53.6875
1773079203.1958444,107.44528912481672,1.2922535612812693,-7.5349495866886205,0.4154917436614068,1.1581366911325994,9.810868192926176,0.0069680758093315425,-0.007572850808191817,-0.11671889372712078,-33.96865139154112,-35.83831230526838,-53.6875
1773079203.224543,107.25491605611418,1.2763475226925367,-7.543166541281734,0.42592055756897007,1.2257467869363081,9.75705598537691,0.004312317878902715,0.003339417525908036,-0.11126473981463851,-32.96376865935259,-35.01271134563394,-54.75
1773079203.2437024,107.15770771207023,1.2687838711577701,-7.575609979572559,0.44108552190528705,1.2754173445770003,9.721244562374618,0.00428602439507338,-0.009097939192388101,-0.08835729338221293,-32.96376865935259,-35.01271134563394,-54.75
1773079203.264711,107.15770771207023,1.2687838711577701,-7.575609979572559,0.44108552190528705,1.2754173445770003,9.721244562374618,0.00428602439507338,-0.009097939192388101,-0.08835729338221293,-32.96376865935259,-35.01271134563394,-54.75
1773079203.279372,107.01951819512509,1.2652116070916977,-7.596362057812705,0.48488280386570715,1.2922650408104182,9.737553800894233,-0.0070995473736091465,-0.009360886466074235,-0.1308996938995747,-32.96376865935259,-35.01271134563394,-54.75
1773079203.2930734,106.8951983749699,1.2507668035157518,-7.594033087908222,0.4936289172784287,1.2292933733862421,9.748407416942904,0.002576873333809895,-0.002971292171773633,-0.10581058590215622,-33.06320230736541,-35.37428837704338,-54.375
1773079203.3083456,106.8951983749699,1.2507668035157518,-7.594033087908222,0.4936289172784287,1.2292933733862421,9.748407416942904,0.002576873333809895,-0.002971292171773633,-0.10581058590215622,-33.06320230736541,-35.37428837704338,-54.375
1773079203.341234,106.75058739288606,1.253442864222306,-7.602384806781751,0.463002626300096,1.1557777562888485,9.728869483521905,0.0025505798499805593,-0.01540864889006977,-0.13962634015954636,-33.06320230736541,-35.37428837704338,-54.375
1773079203.3621836,106.43937388484187,1.2144152758370161,-7.5957303748496265,0.45003953006534064,1.1464454100416654,9.715867207083246,-0.004443789443180319,-0.02027315480017409,-0.0916297857297023,-32.43948189255935,-35.934732704478456,-54.375
1773079203.3797483,106.43937388484187,1.2144152758370161,-7.5957303748496265,0.45003953006534064,1.1464454100416654,9.715867207083246,-0.004443789443180319,-0.02027315480017409,-0.0916297857297023,-32.43948189255935,-35.934732704478456,-54.375
1773079203.4070265,106.23404761903052,1.1877978181566737,-7.606473644145087,0.43254295672653986,1.1079810895735567,9.757391012968055,-0.007283610050676347,-0.005916290859717931,-0.12980886311707826,-32.43948189255935,-35.934732704478456,-54.375
1773079203.4288864,105.95307974052263,1.1580849978198775,-7.643359485553886,0.44662153766444684,1.1759193840169089,9.78502464193309,-0.006047762423995535,-0.009650127223589705,-0.12871803233458182,-32.09899689027357,-35.63944477174423,-54.0
1773079203.445654,105.82451053074442,1.155604019118097,-7.648078536749964,0.46913408066312734,1.1932320696845553,9.776653619662904,-0.004995977474381923,-0.009939367981105176,-0.1189005552921137,-32.09899689027357,-35.63944477174423,-54.0
1773079203.476914,105.69682354378837,1.1409657755367657,-7.645917763596405,0.47443980206024206,1.2074144018815562,9.771082797852541,0.0002629472736861349,-0.011385571768682524,-0.11453723216212788,-32.09899689027357,-35.63944477174423,-54.0
1773079203.4932914,105.4887179315112,1.104507512895509,-7.659413893490506,0.4779707003812304,1.2168525855316292,9.807516818655735,0.008414279596908892,-0.00231392606012376,-0.11671889372712078,-33.16263595537823,-35.73586540845282,-55.1875
1773079203.5119777,105.4887179315112,1.104507512895509,-7.659413893490506,0.4779707003812304,1.2168525855316292,9.807516818655735,0.008414279596908892,-0.00231392606012376,-0.11671889372712078,-33.16263595537823,-35.73586540845282,-55.1875
1773079203.5285447,105.3618180686998,1.0768916036892227,-7.665827718591045,0.4788690544625237,1.2304713187374672,9.831763252505581,-0.001235847626680813,0.0037338363638717747,-0.09708393964218458,-33.16263595537823,-35.73586540845282,-55.1875
1773079203.5456223,105.27543801339567,1.0502693767355014,-7.702910811360223,0.4914007770376168,1.3333928398067627,9.84789898338224,-0.004785621313485386,-0.000946606869165343,-0.06654067773228381,-33.16263595537823,-35.73586540845282,-55.1875
1773079203.5643501,105.16948631187556,1.0379470650206561,-7.685075683978219,0.4716797463086892,1.31246244491855,9.754938669105831,-0.017038915354714322,-0.004364908991692312,-0.08944812416470939,-32.281291911630404,-36.30233599599487,-53.6875
1773079203.5778513,105.07270769982384,1.0279742230201578,-7.6920644047738325,0.4360586404405622,1.204110653127825,9.736561070584786,0.00504856858717152,-0.010438964899517181,-0.0916297857297023,-32.281291911630404,-36.30233599599487,-53.6875
1773079203.5962415,104.95455530123222,1.013919320527897,-7.6894072562013145,0.40912781757017397,1.132890723820103,9.724330984060257,-0.00018406267706720146,0.003444595606356305,-0.11671889372712078,-32.281291911630404,-36.30233599599487,-53.6875
1773079203.611316,104.95455530123222,1.013919320527897,-7.6894072562013145,0.40912781757017397,1.132890723820103,9.724330984060257,-0.00018406267706720146,0.003444595606356305,-0.11671889372712078,-32.281291911630404,-36.30233599599487,-53.6875
1773079203.6284964,104.83310868974755,0.9962082741000768,-7.69320665009906,0.3972532256466709,1.1705639159698422,9.742952891755756,0.003155354848840835,-0.00086772227254641,-0.10035643198967395,-31.77659066830871,-36.11702772583529,-54.75
1773079203.6415875,104.74256201996104,0.9831585998967269,-7.7063590076172215,0.3893508173694629,1.1956350045083628,9.782106456965327,-0.00318164833267017,-0.011569634445749726,-0.08726646259971647,-31.77659066830871,-36.11702772583529,-54.75
1773079203.6571918,104.74256201996104,0.9831585998967269,-7.7063590076172215,0.3893508173694629,1.1956350045083628,9.782106456965327,-0.00318164833267017,-0.011569634445749726,-0.08726646259971647,-31.77659066830871,-36.11702772583529,-54.75
1773079203.6706069,104.63937661270542,0.9796878909453857,-7.7009952803676445,0.40344410191051355,1.2069976673072322,9.781401823579758,-0.00978159878786731,-0.010885974850270519,-0.09381144729469522,-31.77659066830871,-36.11702772583529,-54.75
1773079203.6840894,104.52018322998829,0.9812093600805827,-7.699192847280426,0.4354006491431018,1.2083505481493286,9.777587786225613,-2.6293483829335077e-05,-0.012437356718296136,-0.10690141668465268,-32.94418313588104,-36.12004097463804,-54.75
1773079203.69873,104.38340956900635,0.9598880415994903,-7.69341597815927,0.4442496857057845,1.164095627631429,9.775049586972019,-0.005758521666480065,-0.008598342273976094,-0.1265363707695889,-32.94418313588104,-36.12004097463804,-54.75
1773079203.7124164,104.25260063736309,0.9380201076143032,-7.703348943711852,0.41006333430683717,1.1907659893262423,9.773360443722297,0.01193775979988413,-0.01007083954538278,-0.11453723216212788,-32.94418313588104,-36.12004097463804,-54.75
1773079203.7369545,104.25260063736309,0.9380201076143032,-7.703348943711852,0.41006333430683717,1.1907659893262423,9.773360443722297,0.01193775979988413,-0.01007083954538278,-0.11453723216212788,-32.94418313588104,-36.12004097463804,-54.75
1773079203.7645957,104.05303650813768,0.9174866135263651,-7.716791182577126,0.3873126993374052,1.2085148171066797,9.772236337758573,0.006100353536785132,-0.010728205657032652,-0.12435470920459599,-32.66245446651139,-35.095572718977955,-53.6875
1773079203.8005936,103.88997276852805,0.9079689567192601,-7.7433299966495195,0.42829392284611434,1.2604017501083606,9.7714882577968,0.005705934698821394,-0.01627637116261618,-0.10362892433716332,-32.66245446651139,-35.095572718977955,-53.6875
1773079203.8221543,103.640003916344,0.8874851934169244,-7.751220240600501,0.455566469300898,1.2949319244059596,9.77433553064616,-0.006521065858578206,-0.007257316566847012,-0.10144726277217041,-31.80069594623511,-34.55471367751591,-54.0
1773079203.850564,103.40992300291511,0.8935893089668696,-7.7578326169214735,0.4357372623745299,1.2555003648263292,9.806336364287164,-0.007704322372469422,-0.023901813083597595,-0.1461713248545251,-31.80069594623511,-34.55471367751591,-54.0
1773079203.870002,103.31210371667427,0.8990129304629336,-7.765665758267815,0.42254114667178705,1.229259102405467,9.827632561602517,0.005127453183790455,-0.018379941061843402,-0.07417649320975901,-31.40145461103321,-34.98860606770754,-53.6875
1773079203.8867517,103.31210371667427,0.8990129304629336,-7.765665758267815,0.42254114667178705,1.229259102405467,9.827632561602517,0.005127453183790455,-0.018379941061843402,-0.07417649320975901,-31.40145461103321,-34.98860606770754,-53.6875
1773079203.9000185,103.18978803996073,0.893162026384544,-7.776224727681119,0.42287096202038543,1.219698004365047,9.838459831314452,-0.00231392606012376,-0.008414279596908892,-0.1189005552921137,-31.40145461103321,-34.98860606770754,-53.6875
1773079203.9204245,103.0843413093876,0.8703754335467909,-7.776008427530787,0.4230904504505988,1.2133352004236104,9.845665258359219,0.003944192524768311,0.010228608738620644,-0.08290313946973066,-31.40145461103321,-34.98860606770754,-53.6875
1773079203.9348319,103.0843413093876,0.8703754335467909,-7.776008427530787,0.4230904504505988,1.2133352004236104,9.845665258359219,0.003944192524768311,0.010228608738620644,-0.08290313946973066,-31.40145461103321,-34.98860606770754,-53.6875
1773079203.9517388,102.90553943382811,0.8630623774458028,-7.796446466084749,0.4205755842685061,1.1994247009908374,9.850460389567615,-0.01887953798025541,-0.015171999245343896,-0.08399397025222712,-30.31672351680489,-35.286907011746,-53.6875
1773079203.9689581,102.84972369650022,0.8532350908543908,-7.7932082928937065,0.45438109203594085,1.1804106636467588,9.853651495821678,0.000946606869165343,-0.004785621313485386,-0.05235987755982989,-30.31672351680489,-35.286907011746,-53.6875
1773079203.988717,102.84972369650022,0.8532350908543908,-7.7932082928937065,0.45438109203594085,1.1804106636467588,9.853651495821678,0.000946606869165343,-0.004785621313485386,-0.05235987755982989,-30.31672351680489,-35.286907011746,-53.6875
1773079204.0069754,102.70422154057482,0.8180877175389236,-7.795572415519245,0.47687827982290343,1.1677570341949888,9.855775141386765,-0.010807090253651584,0.0018406226255410884,-0.09053895494720585,-30.31672351680489,-35.286907011746,-53.6875
1773079204.0227036,102.70422154057482,0.8180877175389236,-7.795572415519245,0.47687827982290343,1.1677570341949888,9.855775141386765,-0.010807090253651584,0.0018406226255410884,-0.09053895494720585,-30.31672351680489,-35.286907011746,-53.6875
1773079204.0455437,102.57190649037892,0.8174908226144254,-7.809843744352488,0.5174109875688672,1.3153636909078705,9.750144829153435,0.0028398206074960295,-0.014356863940456158,-0.06654067773228381,-30.61803770964609,-35.204045638401986,-54.0
1773079204.0628157,102.57190649037892,0.8174908226144254,-7.809843744352488,0.5174109875688672,1.3153636909078705,9.750144829153435,0.0028398206074960295,-0.014356863940456158,-0.06654067773228381,-30.61803770964609,-35.204045638401986,-54.0
1773079204.0882847,102.30198605636343,0.8086962239599388,-7.809427297099081,0.5026970970651254,1.262001655114089,9.686539259744695,-0.007704322372469422,-0.023901813083597595,-0.08290313946973066,-30.61803770964609,-35.204045638401986,-54.0
1773079204.1020968,102.30198605636343,0.8086962239599388,-7.809427297099081,0.5026970970651254,1.262001655114089,9.686539259744695,-0.007704322372469422,-0.023901813083597595,-0.08290313946973066,-30.61803770964609,-35.204045638401986,-54.0
1773079204.1186683,102.0993960011938,0.7828773799269552,-7.803542009051537,0.47460117054770196,1.1725454220539397,9.644210463823944,0.005705934698821394,-0.01627637116261618,-0.1265363707695889,-30.233862143460872,-34.9855928189048,-55.6875
1773079204.1371346,101.9117018914764,0.7664285495338414,-7.810777221363073,0.45590364530242034,1.1130132982440102,9.733120032738496,-0.0015513818680256185,-0.009755305304037974,-0.11453723216212788,-30.233862143460872,-34.9855928189048,-55.6875
1773079204.1605418,101.9117018914764,0.7664285495338414,-7.810777221363073,0.45590364530242034,1.1130132982440102,9.733120032738496,-0.0015513818680256185,-0.009755305304037974,-0.11453723216212788,-30.233862143460872,-34.9855928189048,-55.6875
1773079204.176376,101.78984241831337,0.754449603749772,-7.817481395458816,0.45829736770320456,1.1525782862816598,9.792288357666168,-0.0009729003529946786,-0.007651735404810751,-0.10362892433716332,-30.233862143460872,-34.9855928189048,-55.6875
1773079204.195162,101.61684112932616,0.7509259852107655,-7.8319152947914645,0.4598903632212953,1.1789083438508403,9.76476198280565,0.005627050102202461,-0.00833539500028996,-0.10581058590215622,-29.772851464038613,-34.72344943550818,-54.0
1773079204.2092106,101.61684112932616,0.7509259852107655,-7.8319152947914645,0.4598903632212953,1.1789083438508403,9.76476198280565,0.005627050102202461,-0.00833539500028996,-0.10581058590215622,-29.772851464038613,-34.72344943550818,-54.0
1773079204.224542,101.45301870334869,0.7553166389821353,-7.834233366693668,0.47070723930568725,1.2319098261558363,9.74644348782573,-0.0028924075751547,-0.010517849496136114,-0.08944812416470939,-29.772851464038613,-34.72344943550818,-54.0
1773079204.2440622,101.31606711842855,0.737665573122463,-7.821677317562587,0.46460108310466075,1.2188010981298398,9.767703851120784,0.0014199103037480147,-0.007178431970228079,-0.12762720155208535,-29.772851464038613,-34.72344943550818,-54.0
1773079204.265644,101.19119611823014,0.7144155538540328,-7.846520906110473,0.42562282279281166,1.209271039177546,9.7952328322291,0.018432532174632997,-0.015250879696831903,-0.11126473981463851,-30.43272943948651,-35.70874688172368,-56.0
1773079204.2951858,101.00374447161387,0.6941608416656684,-7.859440651686895,0.3964578511419988,1.203815869162713,9.816898173345136,0.0,0.0,-0.09381144729469522,-30.43272943948651,-35.70874688172368,-56.0
1773079204.319562,100.91190908698152,0.6997675749609921,-7.867429526319794,0.3797098215830163,1.2098616389430075,9.858077109498694,-0.011543336816789465,-0.029634041266248325,-0.08072147790473774,-30.43272943948651,-35.70874688172368,-56.0
1773079204.3341832,100.91190908698152,0.6997675749609921,-7.867429526319794,0.3797098215830163,1.2098616389430075,9.858077109498694,-0.011543336816789465,-0.029634041266248325,-0.08072147790473774,-30.43272943948651,-35.70874688172368,-56.0
1773079204.3486197,100.68883556046787,0.6918577068125328,-7.857013608125476,0.44274781606567976,1.193484542711878,9.885481231510031,-0.005732228182650729,0.003839014444320043,-0.14726215563702155,-29.673417816025793,-34.36187240409874,-55.1875
1773079204.375863,100.47625188582293,0.6698044879999518,-7.870003332284643,0.5024384524170424,1.247093264693707,9.823435687608809,-0.0038390144443200434,-0.005732228182650729,-0.14289883250703572,-29.673417816025793,-34.36187240409874,-55.1875
1773079204.3894553,100.32029903809527,0.6472089810702111,-7.863511716107989,0.4539479133529619,1.1890721258221322,9.782145071236684,-0.0019195072221600217,-0.0028661140913253647,-0.14180800172453928,-29.673417816025793,-34.36187240409874,-55.1875
1773079204.4031086,100.32029903809527,0.6472089810702111,-7.863511716107989,0.4539479133529619,1.1890721258221322,9.782145071236684,-0.0019195072221600217,-0.0028661140913253647,-0.14180800172453928,-29.673417816025793,-34.36187240409874,-55.1875
1773079204.4172375,100.19411636645326,0.6444865219889526,-7.868166889239209,0.4518352451269001,1.2601224502268271,9.774737297531358,0.0017880356578824166,-0.014067623182940688,-0.10581058590215622,-28.269293748635356,-33.97016383465593,-55.1875
1773079204.434281,100.04168358029615,0.6243000387676829,-7.870786511739255,0.44293029885416335,1.2296741153268682,9.786533065417315,-0.00659995045519714,0.0006836595954792086,-0.13962634015954636,-28.269293748635356,-33.97016383465593,-55.1875
1773079204.4601278,100.04168358029615,0.6243000387676829,-7.870786511739255,0.44293029885416335,1.2296741153268682,9.786533065417315,-0.00659995045519714,0.0006836595954792086,-0.13962634015954636,-28.269293748635356,-33.97016383465593,-55.1875
1773079204.4852214,99.68394406661655,0.5927217265989507,-7.909919855529254,0.46796774731577495,1.2841591511959718,9.797728128885378,-0.00862463575780543,-0.006678835051816072,-0.13962634015954636,-29.4700307655453,-34.09370276059515,-54.375
1773079204.5105038,99.56781382429293,0.5846954146820187,-7.910549586171507,0.4979345559831186,1.36879895636375,9.805178318566321,-0.004811914797314722,-0.013383963587461481,-0.09817477042468103,-29.4700307655453,-34.09370276059515,-54.375
1773079204.5311086,99.36661782625947,0.5691476283084536,-7.9273491995609655,0.5178771324000491,1.4251258012143315,9.810136336574917,-0.0036549517672528416,-0.009176823789007034,-0.12980886311707826,-29.4700307655453,-34.09370276059515,-54.375
1773079204.5441036,99.36661782625947,0.5691476283084536,-7.9273491995609655,0.5178771324000491,1.4251258012143315,9.810136336574917,-0.0036549517672528416,-0.009176823789007034,-0.12980886311707826,-29.4700307655453,-34.09370276059515,-54.375
1773079204.564709,99.23497213892463,0.560018597421454,-7.927893353281461,0.5289715716251046,1.4042314041170014,9.783329836809074,0.0012095541428514768,-0.016171193082167912,-0.11671889372712078,-30.19619783966841,-35.32005156108361,-54.375
1773079204.5796158,99.06768065603818,0.5602193010450041,-7.936315448512062,0.49748903729846716,1.3246900365781011,9.718658846760656,-0.005285218231897393,-0.010991152930718786,-0.15817046346198613,-30.19619783966841,-35.32005156108361,-54.375
1773079204.5932784,98.91131121051575,0.5434757528673266,-7.93318423886734,0.46678100702501296,1.236277021897536,9.7224525892082,-0.01054414297996545,-0.009544949143141437,-0.13526301702956053,-30.19619783966841,-35.32005156108361,-54.375
1773079204.6072311,98.91131121051575,0.5434757528673266,-7.93318423886734,0.46678100702501296,1.236277021897536,9.7224525892082,-0.01054414297996545,-0.009544949143141437,-0.13526301702956053,-30.19619783966841,-35.32005156108361,-54.375
1773079204.6221359,98.68781053355062,0.5414764683062743,-7.926125501251506,0.44642578678430833,1.2155792046649816,9.765118622915992,-0.009229410756665704,-0.02121976166933943,-0.1407171709420428,-29.108453734135857,-34.19313640860797,-55.1875
1773079204.6354344,98.68781053355062,0.5414764683062743,-7.926125501251506,0.44642578678430833,1.2155792046649816,9.765118622915992,-0.009229410756665704,-0.02121976166933943,-0.1407171709420428,-29.108453734135857,-34.19313640860797,-55.1875
1773079204.6582859,98.54629226722173,0.5354933416189191,-7.920922328797217,0.4204619264542464,1.1566497909008393,9.826963508810897,-0.002419104140572029,-0.01291066015287881,-0.12217304763960307,-29.108453734135857,-34.19313640860797,-55.1875
1773079204.6766334,98.32572356923646,0.5202504102388271,-7.922365315288703,0.44503249663013555,1.2065339055648305,9.83466947244812,0.005258924748068057,-0.00144620378757735,-0.1461713248545251,-29.108453734135857,-34.19313640860797,-55.1875
1773079204.6913447,98.1687561116752,0.5113927234191811,-7.932557680067817,0.46138393661093685,1.2397312266316438,9.846487928582077,-0.01025490222244998,-0.008493164193527825,-0.13526301702956053,-28.992447811454234,-33.77129653863029,-55.1875
1773079204.7122493,98.1687561116752,0.5113927234191811,-7.932557680067817,0.46138393661093685,1.2397312266316438,9.846487928582077,-0.01025490222244998,-0.008493164193527825,-0.13526301702956053,-28.992447811454234,-33.77129653863029,-55.1875
1773079204.7277179,97.94251710586279,0.4937091811675891,-7.923998900660194,0.4625895127736832,1.2644846062437867,9.830937197167184,-0.02374404389035973,-0.00817762995218302,-0.12544553998709243,-28.992447811454234,-33.77129653863029,-55.1875
1773079204.7425144,97.81090129063942,0.4845800725006102,-7.924343003612785,0.4580699436817162,1.2616054548884512,9.84400414107486,0.0039967836375579095,-0.010149724142001713,-0.11562806294462433,-28.992447811454234,-33.77129653863029,-55.1875
1773079204.7554204,97.81090129063942,0.4845800725006102,-7.924343003612785,0.4580699436817162,1.2616054548884512,9.84400414107486,0.0039967836375579095,-0.010149724142001713,-0.11562806294462433,-28.992447811454234,-33.77129653863029,-55.1875
1773079204.7698917,97.66980028752702,0.4728208416203906,-7.915173392672317,0.44707942109624726,1.2306610383629317,9.86273538140005,-0.00659995045519714,0.0006836595954792086,-0.1341721862470641,-28.691133618613037,-33.854157911974305,-55.1875
1773079204.7859948,97.53475696937986,0.4576444573078629,-7.912032600296899,0.4445227761004844,1.2399832260579369,9.875200812594798,0.010517849496136114,-0.0028924075751547,-0.11671889372712078,-28.691133618613037,-33.854157911974305,-55.1875
1773079204.7995582,97.53475696937986,0.4576444573078629,-7.912032600296899,0.4445227761004844,1.2399832260579369,9.875200812594798,0.010517849496136114,-0.0028924075751547,-0.11671889372712078,-28.691133618613037,-33.854157911974305,-55.1875
1773079204.8158646,97.4094538505116,0.44121905459589494,-7.92416819315074,0.44370833517558456,1.2494124126622776,9.806558848538566,0.006862897728883274,-0.012069231364161733,-0.11562806294462433,-28.691133618613037,-33.854157911974305,-55.1875
1773079204.830814,97.21919216450739,0.4085888498935905,-7.928630136026737,0.44316633383796494,1.2556874310165504,9.760878388240124,-0.005180040151449125,-0.006494772374748871,-0.12326387842209953,-28.691133618613037,-33.854157911974305,-55.1875
1773079204.8445334,97.21919216450739,0.4085888498935905,-7.928630136026737,0.44316633383796494,1.2556874310165504,9.760878388240124,-0.005180040151449125,-0.006494772374748871,-0.12326387842209953,-28.691133618613037,-33.854157911974305,-55.1875
1773079204.8574271,97.07279739971204,0.4159397493192958,-7.941042680697208,0.48247774458531595,1.2905850837408075,9.730478552195688,-0.003286826413118438,-0.01606601500171964,-0.14289883250703572,-28.691133618613037,-33.854157911974305,-55.1875
1773079204.8698454,96.91672133839477,0.39536376332206,-7.943217038015471,0.47936878321436055,1.2073717124403123,9.753734253091688,-0.00678401313226434,0.004128255201835513,-0.13962634015954636,-28.691133618613037,-33.854157911974305,-55.1875
1773079204.882762,96.91672133839477,0.39536376332206,-7.943217038015471,0.47936878321436055,1.2073717124403123,9.753734253091688,-0.00678401313226434,0.004128255201835513,-0.13962634015954636,-28.691133618613037,-33.854157911974305,-55.1875
1773079204.8999236,96.76280236492893,0.37105072341412804,-7.951790044458928,0.46343068348883143,1.252948371727601,9.782591109084052,0.006126647020614467,0.0017091510612634849,-0.13526301702956053,-27.844440629854937,-35.253762224909885,-55.6875
1773079204.9182048,96.60258414070488,0.3541065773910118,-7.948478019027181,0.43605210959333207,1.260137064007404,9.801795024394767,-0.011964053283713465,-0.0023665171729133575,-0.14726215563702155,-27.844440629854937,-35.253762224909885,-55.6875
1773079204.9315906,96.45621746529449,0.33418202834458355,-7.9503253524423805,0.4275080989915111,1.2622601251361054,9.774433675024426,-0.0006836595954792087,-0.00659995045519714,-0.11780972450961724,-27.844440629854937,-35.253762224909885,-55.6875
1773079204.9481738,96.23476164919025,0.3303963817667486,-7.958947659626412,0.42504753020782604,1.262786020840925,9.752879890957445,-0.007967269646155557,-0.01251624131491507,-0.14180800172453928,-28.142741811391904,-33.74568475505177,-56.375
1773079204.9802854,96.23476164919025,0.3303963817667486,-7.958947659626412,0.42504753020782604,1.262786020840925,9.752879890957445,-0.007967269646155557,-0.01251624131491507,-0.14180800172453928,-28.142741811391904,-33.74568475505177,-56.375
1773079205.0036187,96.08985079818126,0.31637472823155804,-7.96529930100378,0.4567120369687783,1.3337717085835223,9.715120306481177,0.001893213738330686,-0.009571242626970773,-0.12980886311707826,-28.142741811391904,-33.74568475505177,-56.375
1773079205.0211527,95.80452463188108,0.28097511211043563,-7.963841955841058,0.47778441250247505,1.3810118908141313,9.713407506765652,-0.012069231364161733,-0.006862897728883274,-0.1265363707695889,-28.570607941476556,-33.88730246131191,-55.6875
1773079205.0344691,95.80452463188108,0.28097511211043563,-7.963841955841058,0.47778441250247505,1.3810118908141313,9.713407506765652,-0.012069231364161733,-0.006862897728883274,-0.1265363707695889,-28.570607941476556,-33.88730246131191,-55.6875
1773079205.049887,95.67767049325066,0.287668645183929,-7.9661798265864885,0.4788257128352886,1.3778575590226525,9.728993216224794,-0.008650929241634766,-0.01911619177011221,-0.09926560120717749,-28.570607941476556,-33.88730246131191,-55.6875
1773079205.0645735,95.52159769432912,0.29451326737962374,-7.953530801255731,0.4387177096062057,1.2273911443187828,9.749400666888029,-0.013226194394223614,-0.01107003752733772,-0.14289883250703572,-28.570607941476556,-33.88730246131191,-55.6875
1773079205.0770476,95.52159769432912,0.29451326737962374,-7.953530801255731,0.4387177096062057,1.2273911443187828,9.749400666888029,-0.013226194394223614,-0.01107003752733772,-0.14289883250703572,-28.570607941476556,-33.88730246131191,-55.6875
1773079205.0907109,95.37970777795348,0.2943914282654108,-7.951823716233785,0.4528272584614871,1.2756246682861772,9.752946262216293,-0.003102763736051237,-0.01951061060807595,-0.1189005552921137,-28.02673588871028,-33.323844885074095,-55.6875
1773079205.105025,95.23411711408274,0.29004006471580007,-7.956261336572824,0.4079500750665407,1.3122390593587383,9.748615592885718,-0.00231392606012376,-0.008414279596908892,-0.1308996938995747,-28.02673588871028,-33.323844885074095,-55.6875
1773079205.1195803,95.1136769604242,0.28742869988885683,-7.960657793978776,0.3913894772309561,1.3849861500426,9.73235313399369,0.0012095541428514768,-0.016171193082167912,-0.09381144729469522,-28.02673588871028,-33.323844885074095,-55.6875
1773079205.140114,95.1136769604242,0.28742869988885683,-7.960657793978776,0.3913894772309561,1.3849861500426,9.73235313399369,0.0012095541428514768,-0.016171193082167912,-0.09381144729469522,-28.02673588871028,-33.323844885074095,-55.6875
1773079205.1549463,94.97767678069255,0.285971087121365,-7.9494914807224815,0.38964154176543003,1.3788090594985496,9.708150202435336,-0.0009729003529946786,-0.007651735404810751,-0.08835729338221293,-27.604896018732603,-33.43985080775572,-54.75
1773079205.1836324,94.79189945564882,0.27305781239252414,-7.949813368401779,0.43726209976032876,1.4133221418166981,9.692043421847712,0.004654149749207782,-0.015987130405100712,-0.11235557059713497,-27.604896018732603,-33.43985080775572,-54.75
1773079205.1974807,94.6575065332023,0.2482088916963272,-7.947771641129001,0.41750832634740476,1.3879902210035195,9.721465879779009,0.0015513818680256185,0.009755305304037974,-0.1189005552921137,-27.604896018732603,-33.43985080775572,-54.75
1773079205.2138555,94.6575065332023,0.2482088916963272,-7.947771641129001,0.41750832634740476,1.3879902210035195,9.721465879779009,0.0015513818680256185,0.009755305304037974,-0.1189005552921137,-27.604896018732603,-33.43985080775572,-54.75
1773079205.2282507,94.52828376797405,0.23118542650900184,-7.959665696720755,0.4305685765238764,1.4159648220723287,9.741046196861896,0.001603972980815216,-0.010623027576584383,-0.11671889372712078,-28.02673588871028,-33.323844885074095,-56.375
1773079205.2431295,94.40226911326813,0.22644454129511157,-7.953995355516335,0.4259553607209982,1.3862009841522311,9.72062556208089,-0.002760936010877096,0.0064158877781299375,-0.1090830782496456,-28.02673588871028,-33.323844885074095,-56.375
1773079205.2570837,94.24776360846948,0.2099763478051782,-7.950402052461763,0.42248215005031226,1.3144649490249034,9.707035857747568,-0.00260316681763923,-0.009466064546522504,-0.08399397025222712,-28.02673588871028,-33.323844885074095,-56.375
1773079205.290429,94.24776360846948,0.2099763478051782,-7.950402052461763,0.42248215005031226,1.3144649490249034,9.707035857747568,-0.00260316681763923,-0.009466064546522504,-0.08399397025222712,-28.02673588871028,-33.323844885074095,-56.375
1773079205.3169634,94.01740004081456,0.19467846768443708,-7.925629556173962,0.4227510695527248,1.2382614870793347,9.79500030083295,-0.00018406267706720146,0.003444595606356305,-0.1439896632895322,-27.446706037803658,-33.80745409927213,-56.375
1773079205.3556032,93.88180636524795,0.18694043366534277,-7.935447082710154,0.43002585455902803,1.2133519330348024,9.853539655079057,0.003023883284563231,-0.017801459546812462,-0.12871803233458182,-27.446706037803658,-33.80745409927213,-56.375
1773079205.3972945,93.3774418437023,0.13808936716115885,-7.94344054463797,0.4180951961476502,1.1736328377248728,9.798833813597465,0.0014199103037480147,-0.007178431970228079,-0.09817477042468103,-28.291892283411133,-34.28805030216593,-56.375
1773079205.4381402,93.09369590793423,0.10450592173934216,-7.95111804822113,0.4356359259577551,1.2650876728509386,9.712251011585964,0.010386377931858511,-0.019826144849420753,-0.11999138607461016,-28.291892283411133,-34.28805030216593,-56.375
1773079205.451655,93.09369590793423,0.10450592173934216,-7.95111804822113,0.4356359259577551,1.2650876728509386,9.712251011585964,0.010386377931858511,-0.019826144849420753,-0.11999138607461016,-28.291892283411133,-34.28805030216593,-56.375
1773079205.4822156,92.814529093475,0.08667525211494,-7.9614430511501215,0.4466640132800631,1.2983728898577214,9.654631124040582,-0.0030764702522219018,-0.00707325388977981,-0.1308996938995747,-27.773632014223374,-32.87488672586578,-56.375
1773079205.5165913,92.5924209962746,0.0933766655339742,-7.942785500354479,0.46134080961938556,1.3219752492641044,9.679842854974517,-0.012647712879192674,-0.008966467628110496,-0.1407171709420428,-27.773632014223374,-32.87488672586578,-56.375
1773079205.5706272,92.26201061567664,0.08589551501253516,-7.945742116713175,0.4702210758724627,1.3344569809644478,9.71000142710684,-0.008834991918701966,-0.015671596163755904,-0.13199052468207118,-27.528060905495558,-33.39616024385628,-55.6875
1773079205.6320786,91.8822966338295,0.06101037815013845,-7.955624391556362,0.49298338401966024,1.2652738072104504,9.780248295577367,0.01356802626452868,-0.008256510403671025,-0.15926129424448257,-27.528060905495558,-33.39616024385628,-55.6875
1773079205.683762,91.40067212503331,-0.01027015643386428,-7.971163664662516,0.4210463254376613,1.243181577428833,9.826996801835566,0.0036286582834235063,-0.003260532929289103,-0.15489797111449674,-27.22674671265436,-33.479021617200296,-56.375
1773079205.7139957,91.18091971160088,-0.015769968354550884,-7.969860024051173,0.47315963623915386,1.2009831347298265,9.868142745657323,0.0019983918187789548,-0.0050748620710008565,-0.10035643198967395,-27.22674671265436,-33.479021617200296,-56.375
1773079205.7605462,90.9725813210427,-0.044299916832366865,-7.9768305024435,0.458169682440705,1.2698230491205789,9.835312900908646,0.008230216919841691,0.0011306695462325448,-0.13526301702956053,-27.22674671265436,-33.479021617200296,-56.375
1773079205.8075938,90.63868621418874,-0.0619816987219525,-7.981044490019637,0.4933492832422384,1.3032175545128124,9.776668777181282,-0.007204725454057415,-0.01385726702204415,-0.1265363707695889,-26.18118642787062,-34.155471867317,-56.75
1773079205.8644297,90.20059486384352,-0.09388715126086437,-7.9710435971638525,0.4716056669881232,1.3378589134528576,9.737641767938507,-0.003260532929289103,-0.003628658283423506,-0.14944381720201447,-26.18118642787062,-34.155471867317,-56.75
1773079205.8977487,89.87744889140933,-0.1249117570568616,-7.981767513424097,0.4747944703030464,1.248508042517326,9.725050176076978,-0.004207139798454446,0.00115696303006188,-0.12326387842209953,-26.96460332925774,-33.940032296622554,-57.5625
1773079205.9198298,89.67655948388406,-0.11926389442991041,-7.978719708047633,0.42531058602426597,1.2032376801873084,9.716670612350427,-0.005285218231897393,-0.010991152930718786,-0.11671889372712078,-26.96460332925774,-33.940032296622554,-57.5625
1773079205.9356098,89.67655948388406,-0.11926389442991041,-7.978719708047633,0.42531058602426597,1.2032376801873084,9.716670612350427,-0.005285218231897393,-0.010991152930718786,-0.11671889372712078,-26.96460332925774,-33.940032296622554,-57.5625
1773079205.9566514,89.67655948388406,-0.11926389442991041,-7.978719708047633,0.42531058602426597,1.2032376801873084,9.716670612350427,-0.005285218231897393,-0.010991152930718786,-0.11671889372712078,-26.96460332925774,-33.940032296622554,-57.5625
1773079206.0168953,89.38444789094756,-0.15375244824020962,-7.98542878309197,0.4530972940100416,1.1668212845633683,9.711094106296267,-0.0017091510612634849,0.006126647020614467,-0.11562806294462433,-27.047464702601758,-34.24134648946375,-56.375
1773079206.041766,88.84767844450766,-0.19920257477470188,-7.9606617889038995,0.4328845398290128,1.1532303131956432,9.727453674054795,-0.013594319748358017,-0.004180846314625111,-0.1189005552921137,-27.047464702601758,-34.24134648946375,-56.375
1773079206.0801687,88.52422558452866,-0.2264976688546221,-7.920554095944874,0.40967642235076823,1.1087065504527984,9.738340783649749,-0.01262141939536334,0.00347088909018564,-0.15271630954950383,-27.710355926852394,-34.059051468106915,-56.75
1773079206.0956626,88.52422558452866,-0.2264976688546221,-7.920554095944874,0.40967642235076823,1.1087065504527984,9.738340783649749,-0.01262141939536334,0.00347088909018564,-0.15271630954950383,-27.710355926852394,-34.059051468106915,-56.75
1773079206.1121154,88.33067214102341,-0.24659059079298293,-7.90595894257481,0.3942316794206556,1.0790764837104536,9.745586033468207,-0.015434942373899104,-0.014987936568276697,-0.11780972450961724,-27.710355926852394,-34.059051468106915,-56.75
1773079206.137868,88.13126254941739,-0.24386024499764192,-7.918737495570997,0.4132236416158347,1.1657953746391205,9.767133224824246,-0.0035497736868045733,-0.004680443233037118,-0.11562806294462433,-27.710355926852394,-34.059051468106915,-56.75
1773079206.1623833,88.13126254941739,-0.24386024499764192,-7.918737495570997,0.4132236416158347,1.1657953746391205,9.767133224824246,-0.0035497736868045733,-0.004680443233037118,-0.11562806294462433,-27.710355926852394,-34.059051468106915,-56.75
1773079206.1877387,87.86356708134223,-0.2678874000033154,-7.913926174028585,0.40005958167081024,1.230601649920139,9.78147263997379,-0.0038390144443200434,-0.005732228182650729,-0.13526301702956053,-26.565361994055838,-34.37392468681418,-56.75
1773079206.2128322,87.6933507040552,-0.26108753833713183,-7.90144273829287,0.3761397940313416,1.1807580736942838,9.827811589354562,-0.017617396869745262,-0.006468478890919535,-0.09053895494720585,-26.565361994055838,-34.37392468681418,-56.75
1773079206.2371564,87.51804377144626,-0.2600744670321745,-7.884319709447492,0.36022144255881094,1.1475877305052058,9.761641403015222,0.005916290859717931,-0.007283610050676347,-0.09926560120717749,-26.565361994055838,-34.37392468681418,-56.75
1773079206.253317,87.51804377144626,-0.2600744670321745,-7.884319709447492,0.36022144255881094,1.1475877305052058,9.761641403015222,0.005916290859717931,-0.007283610050676347,-0.09926560120717749,-26.565361994055838,-34.37392468681418,-56.75
1773079206.2718737,87.37347098194887,-0.2590858426217037,-7.892783788594593,0.40107268027552,1.1738132292094021,9.714260771468487,0.011464456365301459,-0.007678028888640086,-0.1308996938995747,-26.027516201396537,-34.06809073951813,-56.375
1773079206.2863345,87.23797102529888,-0.2465456192545486,-7.909919809748997,0.4397894335201615,1.2331958784156993,9.66600393191387,0.0021561610120168205,-0.020956814395653296,-0.11671889372712078,-26.027516201396537,-34.06809073951813,-56.375
1773079206.3029878,87.02235373313674,-0.23187930808047216,-7.906147600885278,0.4282212907958035,1.2378803174196389,9.633889544254492,-0.009597536110800107,-0.01433057045662682,-0.1341721862470641,-26.027516201396537,-34.06809073951813,-56.375
1773079206.321149,87.02235373313674,-0.23187930808047216,-7.906147600885278,0.4282212907958035,1.2378803174196389,9.633889544254492,-0.009597536110800107,-0.01433057045662682,-0.1341721862470641,-26.027516201396537,-34.06809073951813,-56.375
1773079206.3420334,86.91201915200237,-0.21979213611934514,-7.903936908704633,0.44269726504197515,1.3216321299725151,9.712871129227974,-0.009597536110800107,-0.01433057045662682,-0.09708393964218458,-25.828648905370898,-33.34493667669925,-56.375
1773079206.3593884,86.69849765380498,-0.2355812690877352,-7.893561332628619,0.43854239983083604,1.2389188133481541,9.802228720526225,-0.004312317878902715,-0.003339417525908036,-0.14289883250703572,-25.828648905370898,-33.34493667669925,-56.375
1773079206.3726947,86.69849765380498,-0.2355812690877352,-7.893561332628619,0.43854239983083604,1.2389188133481541,9.802228720526225,-0.004312317878902715,-0.003339417525908036,-0.14289883250703572,-25.828648905370898,-33.34493667669925,-56.375
1773079206.3925354,86.54984508954603,-0.23937350906527233,-7.907848791942082,0.47214347161326975,1.3161143930908914,9.861695199345512,0.009071645708558763,-0.008151332323222757,-0.13526301702956053,-25.828648905370898,-33.34493667669925,-56.375
1773079206.4073498,86.31700564700272,-0.2609015592902167,-7.9028932153063245,0.4676533713937226,1.2950775235325063,9.844402577691223,-0.004601558636418185,-0.0043912024755216475,-0.14180800172453928,-25.712642982689275,-32.92309680672157,-56.75
1773079206.420021,86.31700564700272,-0.2609015592902167,-7.9028932153063245,0.4676533713937226,1.2950775235325063,9.844402577691223,-0.004601558636418185,-0.0043912024755216475,-0.14180800172453928,-25.712642982689275,-32.92309680672157,-56.75
1773079206.4371464,86.1910678789934,-0.24443504404379082,-7.9048706154239134,0.47885690401827063,1.3326837191022263,9.832894531151537,-0.011911462170923866,-0.022744850053535715,-0.11453723216212788,-25.712642982689275,-32.92309680672157,-56.75
1773079206.4592962,86.04532721613205,-0.2278667696008317,-7.87212355196526,0.4753464604942716,1.3052172471413659,9.841961613269273,-0.02011538560693622,-0.011438162881472123,-0.12871803233458182,-25.712642982689275,-32.92309680672157,-56.75
1773079206.488253,85.75627561750878,-0.2280156368269077,-7.869517038290466,0.48365403266548684,1.325643114819705,9.847995655132683,-0.01007083954538278,-0.01193775979988413,-0.13526301702956053,-25.629781609345258,-32.62178261388037,-56.0
1773079206.5034328,85.64225757393031,-0.24126023815160227,-7.864588805193758,0.42652973167109337,1.262794914327644,9.825250348929565,0.004075668234176843,-0.018090700304327932,-0.09381144729469522,-25.629781609345258,-32.62178261388037,-56.0
1773079206.5228934,85.64225757393031,-0.24126023815160227,-7.864588805193758,0.42652973167109337,1.262794914327644,9.825250348929565,0.004075668234176843,-0.018090700304327932,-0.09381144729469522,-25.629781609345258,-32.62178261388037,-56.0
1773079206.542152,85.55721110462945,-0.23089198447259762,-7.877945726551512,0.4124625470045575,1.3080552593428942,9.810113601733107,-0.013147309797604681,-0.01901101368966394,-0.08399397025222712,-25.629781609345258,-32.62178261388037,-56.0
1773079206.5639775,85.38285797206703,-0.22762911445502615,-7.8812189848796965,0.383506851150565,1.2290772107226442,9.813420712391688,-0.013515435151739084,-0.012121822476951332,-0.1090830782496456,-25.928082553383717,-33.70651370810869,-56.0
1773079206.580746,85.26367746916414,-0.2304455591440176,-7.885516965083726,0.3713329810975248,1.202321200240275,9.815621557592127,-0.00404937060521658,-0.014724989294590561,-0.11562806294462433,-25.928082553383717,-33.70651370810869,-56.0
1773079206.59962,85.13985032685996,-0.24436347768621722,-7.880570238790678,0.3361382630894161,1.136457287925622,9.817086195487967,-0.010728205657032652,-0.006100353536785132,-0.1090830782496456,-25.928082553383717,-33.70651370810869,-56.0
1773079206.615617,85.13985032685996,-0.24436347768621722,-7.880570238790678,0.3361382630894161,1.136457287925622,9.817086195487967,-0.010728205657032652,-0.006100353536785132,-0.1090830782496456,-25.928082553383717,-33.70651370810869,-56.0
1773079206.6307771,84.98947057610904,-0.22421104992573052,-7.887646988073358,0.32690821556873106,1.1442315872919244,9.808025560524614,0.0021561610120168205,-0.020956814395653296,-0.07963064712224129,-25.928082553383717,-33.70651370810869,-56.75
1773079206.6462228,84.98947057610904,-0.22421104992573052,-7.887646988073358,0.32690821556873106,1.1442315872919244,9.808025560524614,0.0021561610120168205,-0.020956814395653296,-0.07963064712224129,-25.928082553383717,-33.70651370810869,-56.75
1773079206.6621912,84.7880611042707,-0.1932124617322694,-7.888083852238507,0.3758389994793297,1.1099750954292578,9.805340920877745,-0.005180040151449125,-0.006494772374748871,-0.1189005552921137,-25.928082553383717,-33.70651370810869,-56.75
1773079206.6802073,84.63794043060763,-0.17671203158167995,-7.910466069100845,0.4084018895791625,1.0871777827647406,9.800209211474824,0.0007362507082688058,-0.01377838242542522,-0.1461713248545251,-25.928082553383717,-33.70651370810869,-56.75
1773079206.7011771,84.63794043060763,-0.17671203158167995,-7.910466069100845,0.4084018895791625,1.0871777827647406,9.800209211474824,0.0007362507082688058,-0.01377838242542522,-0.1461713248545251,-25.928082553383717,-33.70651370810869,-56.75
1773079206.7181625,84.48396462964726,-0.18284250432789037,-7.904778261489559,0.3546789941509198,1.0753930624283572,9.80013922789945,-0.007388788131124616,-0.010412671415687845,-0.1265363707695889,-25.629781609345258,-32.62178261388037,-57.1875
1773079206.7314644,84.28496855046662,-0.18670691157272154,-7.903419358520466,0.3189270073674881,1.0675504626884458,9.843579106806958,-0.016749674597198852,-0.003313124042078701,-0.11453723216212788,-25.629781609345258,-32.62178261388037,-57.1875
1773079206.7458692,84.17606149650197,-0.19587982024165257,-7.883520490823489,0.3370643323156457,1.0508005892867167,9.892558531208579,0.0035234802029752367,-0.007756913485259019,-0.09599310885968812,-25.629781609345258,-32.62178261388037,-57.1875
1773079206.7737052,83.97392077193254,-0.2196931397172561,-7.884098789034036,0.36002015792032094,1.0540066542707163,9.90508312076792,-0.0012621411105101486,-0.008703520354424362,-0.12544553998709243,-25.665939169987098,-34.167524387530946,-58.375
1773079206.7913094,83.89975576274779,-0.22480595286511207,-7.884030098851379,0.39214958087036206,1.1174223764539943,9.839825637649803,0.004496380555969916,-0.00010517808044826856,-0.13853550937704992,-25.665939169987098,-34.167524387530946,-58.375
1773079206.808265,83.79144670380202,-0.24214996517069767,-7.8845261930366295,0.4309483719263687,1.210343850670343,9.756256171120715,-0.0054692809089645945,-0.007546557324362482,-0.08835729338221293,-25.665939169987098,-34.167524387530946,-58.375
1773079206.828696,83.79144670380202,-0.24214996517069767,-7.8845261930366295,0.4309483719263687,1.210343850670343,9.756256171120715,-0.0054692809089645945,-0.007546557324362482,-0.08835729338221293,-25.665939169987098,-34.167524387530946,-58.375
1773079206.8559306,83.53350856971605,-0.251581566408694,-7.863555796382378,0.44257688980029597,1.2205760564968486,9.700641624677715,-0.02834560252677791,-0.012568832427704667,-0.11780972450961724,-25.652380144121032,-32.93966908139037,-57.6875
1773079206.8848758,83.39922246838549,-0.25623723505127666,-7.85765027072182,0.49506760635377184,1.3018110015762354,9.733878111128796,-0.01007083954538278,-0.01193775979988413,-0.1265363707695889,-25.652380144121032,-32.93966908139037,-57.6875
1773079206.901868,83.19284510881303,-0.2848843407275972,-7.863602414959195,0.5291126141002018,1.3526465752437975,9.75599662158611,0.003944192524768311,0.010228608738620644,-0.10799224746714914,-25.652380144121032,-32.93966908139037,-57.6875
1773079206.9200602,83.19284510881303,-0.2848843407275972,-7.863602414959195,0.5291126141002018,1.3526465752437975,9.75599662158611,0.003944192524768311,0.010228608738620644,-0.10799224746714914,-25.652380144121032,-32.93966908139037,-57.6875
1773079206.9350896,83.02869370724441,-0.2862712914098324,-7.862276660443451,0.48403631503932726,1.4051036146128661,9.710504232483752,-0.01238476560550654,-0.02035203939679302,-0.09817477042468103,-24.567649049892715,-33.23797002542883,-57.1875
1773079206.9485855,83.02869370724441,-0.2862712914098324,-7.862276660443451,0.45403854154956885,1.4400131883294565,9.680229555719416,0.0013147322232997462,-0.011674812526197995,-0.07853981633974483,-24.567649049892715,-33.23797002542883,-57.1875
1773079206.9676056,82.93486085009809,-0.2934425916510988,-7.8523286833254,0.45403854154956885,1.4400131883294565,9.680229555719416,0.0013147322232997462,-0.011674812526197995,-0.07853981633974483,-24.567649049892715,-33.23797002542883,-57.1875
1773079206.9818337,82.73563289898465,-0.2940194985658935,-7.825770564975239,0.446734965079806,1.3452770394337954,9.71360388384016,-0.025768729192968017,-0.0155401245994783,-0.12435470920459599,-24.567649049892715,-33.23797002542883,-57.1875
1773079206.996498,82.60762641021546,-0.31197232771812045,-7.835910593632303,0.4507442941273179,1.314484938905604,9.765920131754717,0.002287632576294425,-0.004023077121387245,-0.11780972450961724,-24.6474974119325,-32.114068121755935,-56.75
1773079207.0095482,82.60762641021546,-0.31197232771812045,-7.835910593632303,0.4507442941273179,1.314484938905604,9.765920131754717,0.002287632576294425,-0.004023077121387245,-0.11780972450961724,-24.6474974119325,-32.114068121755935,-56.75
1773079207.027826,82.47471379803763,-0.3256931498340518,-7.841096521066927,0.4501870829923224,1.294880117734578,9.800736010331073,-0.011964053283713465,-0.0023665171729133575,-0.11562806294462433,-24.6474974119325,-32.114068121755935,-56.75
1773079207.0434463,82.37493071018974,-0.3233008759778996,-7.830082919022313,0.44981626520643914,1.281833328245462,9.733587572507167,-0.0006047749988602754,-0.01454092661752336,-0.08617563181722002,-24.6474974119325,-32.114068121755935,-56.75
1773079207.0666041,82.37493071018974,-0.3233008759778996,-7.830082919022313,0.44981626520643914,1.281833328245462,9.733587572507167,-0.0006047749988602754,-0.01454092661752336,-0.08617563181722002,-24.6474974119325,-32.114068121755935,-56.75
1773079207.0887196,82.11697334018885,-0.3323485603688212,-7.808816261129556,0.5005304149523087,1.2313822372675263,9.688901037232556,-0.018564003738910605,-0.0016828575774341492,-0.1341721862470641,-24.683654972574338,-33.65980989540651,-56.375
1773079207.1136475,81.9292315196921,-0.34516815850717053,-7.808414868392112,0.5342801150940125,1.1978075997973234,9.752825774993553,-0.007204725454057415,-0.01385726702204415,-0.10144726277217041,-24.683654972574338,-33.65980989540651,-56.375
1773079207.1279488,81.79072798218837,-0.3546166550858801,-7.807914836632026,0.48779777814904757,1.1770767346729936,9.795366973887386,-0.015329764293450836,-0.01049155601230678,-0.12435470920459599,-24.683654972574338,-33.65980989540651,-56.375
1773079207.1470168,81.79072798218837,-0.3546166550858801,-7.807914836632026,0.48779777814904757,1.1770767346729936,9.795366973887386,-0.015329764293450836,-0.01049155601230678,-0.12435470920459599,-24.683654972574338,-33.65980989540651,-56.375
1773079207.1618633,81.61384395697287,-0.3818362493822737,-7.803411665519731,0.4896824792807228,1.2826194441837522,9.810297219705626,0.002576873333809895,-0.002971292171773633,-0.09599310885968812,-24.4847876765487,-32.93665583258763,-57.5625
1773079207.1744914,81.48486026872641,-0.3859742455084763,-7.797613129302281,0.447474816581325,1.1948135717540869,9.796817349564655,-0.006994369293160877,-0.00486450591010432,-0.12217304763960307,-24.4847876765487,-32.93665583258763,-57.5625
1773079207.1892986,81.48486026872641,-0.3859742455084763,-7.797613129302281,0.447474816581325,1.1948135717540869,9.796817349564655,-0.006994369293160877,-0.00486450591010432,-0.12217304763960307,-24.4847876765487,-32.93665583258763,-57.5625
1773079207.2018583,81.36109074454252,-0.38917749387038203,-7.801990244560711,0.4494627015165271,1.2079024322938725,9.787846646565855,-0.003260532929289103,-0.003628658283423506,-0.1090830782496456,-24.4847876765487,-32.93665583258763,-57.5625
1773079207.2165308,81.23210553752597,-0.3927298916054805,-7.80602605750617,0.45078561673477446,1.2166129227709475,9.781876743929471,-0.003260532929289103,-0.003628658283423506,-0.1265363707695889,-24.38535402853588,-32.57507880117819,-57.5625
1773079207.2332952,81.23210553752597,-0.3927298916054805,-7.80602605750617,0.45078561673477446,1.2166129227709475,9.781876743929471,-0.003260532929289103,-0.003628658283423506,-0.1265363707695889,-24.38535402853588,-32.57507880117819,-57.5625
1773079207.2583864,81.1132046358958,-0.39096681409107625,-7.805517269978312,0.45166600203458673,1.2224096568808864,9.767868505291183,-0.005548165505583527,0.00039441883796373844,-0.09381144729469522,-24.38535402853588,-32.57507880117819,-57.5625
1773079207.2793345,80.92388508386574,-0.3892732531473013,-7.798490022740994,0.44193069170661364,1.201351297805675,9.745165732130403,-0.013305078990842547,-0.0031290613650114996,-0.11671889372712078,-24.38535402853588,-32.57507880117819,-57.5625
1773079207.3086743,80.65696117544445,-0.40227023018441693,-7.8025349093261624,0.4354519514338895,1.1873371950784062,9.730057290198497,0.005232631264238723,-0.013883560505873487,-0.1189005552921137,-23.82189645229806,-33.11895085394447,-58.0
1773079207.3229802,80.65696117544445,-0.40227023018441693,-7.8025349093261624,0.4354519514338895,1.1873371950784062,9.730057290198497,0.005232631264238723,-0.013883560505873487,-0.1189005552921137,-23.82189645229806,-33.11895085394447,-58.0
1773079207.3396254,80.51447944864508,-0.421896494267372,-7.8027071653376225,0.44259050216195533,1.1818007826385897,9.71331256745053,0.003917899040938976,-0.0022087479796754914,-0.1265363707695889,-23.82189645229806,-33.11895085394447,-58.0
1773079207.365371,80.3985276696398,-0.3944016110800557,-7.815378102849694,0.48693259092518254,1.3094697522334486,9.728930035171121,-0.013042131717156413,-0.014514633133694024,-0.10581058590215622,-23.82189645229806,-33.11895085394447,-58.0
1773079207.3822165,80.20023265940777,-0.399007491748949,-7.7944844126328015,0.4800756674959618,1.2621916573550291,9.752703732309907,-0.017144093435162593,-0.00886128954766223,-0.10362892433716332,-24.4847876765487,-32.93665583258763,-58.0
1773079207.396744,80.07094071367489,-0.3978990255366212,-7.793309078972248,0.5180067631644166,1.3474065487358755,9.775215085600811,-0.00462785212024752,-0.016828559193817785,-0.12435470920459599,-24.4847876765487,-32.93665583258763,-58.0
1773079207.4097428,80.07094071367489,-0.3978990255366212,-7.793309078972248,0.5180067631644166,1.3474065487358755,9.775215085600811,-0.00462785212024752,-0.016828559193817785,-0.12435470920459599,-24.4847876765487,-32.93665583258763,-58.0
1773079207.423108,79.92227692926365,-0.4032916994386991,-7.787430623510896,0.49623966232389705,1.233171241101462,9.820302145113487,0.002287632576294425,-0.004023077121387245,-0.12980886311707826,-24.4847876765487,-32.93665583258763,-58.0
1773079207.4376469,79.92227692926365,-0.4032916994386991,-7.787430623510896,0.5223129715008048,1.3298677414187858,9.840271744441761,0.0012095541428514768,-0.016171193082167912,-0.11671889372712078,-23.701370775161582,-33.152095403282075,-58.375
1773079207.4591403,79.7883003520185,-0.4020637759496686,-7.796445702982841,0.5223129715008048,1.3298677414187858,9.840271744441761,0.0012095541428514768,-0.016171193082167912,-0.11671889372712078,-23.701370775161582,-33.152095403282075,-58.375
1773079207.4805183,79.51080675244106,-0.4063332231705291,-7.79004216186434,0.4944286017306839,1.229724065931572,9.853561289719686,-0.013988738586321754,-0.00972901182020864,-0.12326387842209953,-23.701370775161582,-33.152095403282075,-58.375
1773079207.4955003,79.35676594774333,-0.4017628052083135,-7.7939091163236895,0.5357831857431615,1.3304765234679055,9.828954216575003,-0.014383157424285494,-0.015277177325792167,-0.14508049407202864,-23.701370775161582,-33.152095403282075,-58.375
1773079207.5134072,79.35676594774333,-0.4017628052083135,-7.7939091163236895,0.5357831857431615,1.3304765234679055,9.828954216575003,-0.014383157424285494,-0.015277177325792167,-0.14508049407202864,-23.701370775161582,-33.152095403282075,-58.375
1773079207.5292928,79.13022748502065,-0.42787672228602613,-7.773717218618104,0.5162943781527185,1.2265812925439825,9.812578484276234,-0.018853244496426075,-0.0027346425270477607,-0.1341721862470641,-23.990632447788833,-32.55398677205453,-58.375
1773079207.5450845,79.04587320662544,-0.42883935587176913,-7.768166167942822,0.5121139284209192,1.2903256173613735,9.79499039394568,0.005127453183790455,-0.018379941061843402,-0.13962634015954636,-23.990632447788833,-32.55398677205453,-58.375
1773079207.5593715,79.04587320662544,-0.42883935587176913,-7.768166167942822,0.5121139284209192,1.2903256173613735,9.79499039394568,0.005127453183790455,-0.018379941061843402,-0.13962634015954636,-23.990632447788833,-32.55398677205453,-58.375
1773079207.5736456,78.88838584574475,-0.44942285569423557,-7.76767331545858,0.4654667957758411,1.2615466018824808,9.820081945083052,0.001525088384196283,-0.002682051414258163,-0.1439896632895322,-23.990632447788833,-32.55398677205453,-58.375
1773079207.5873437,78.75986829152666,-0.45267580930290513,-7.782098686239187,0.47183799047245567,1.3153685956584156,9.836780092073981,-0.0009729003529946786,-0.007651735404810751,-0.09926560120717749,519.3313925689266,1943.16317568769,-57.5625
1773079207.6048446,78.63405434228449,-0.426726397410367,-7.775420115875633,0.45479048312771847,1.2737775353898428,9.847892522365921,-0.013015838233327076,-0.0020772764153978874,-0.1341721862470641,519.3313925689266,1943.16317568769,-57.5625
1773079207.6187456,78.63405434228449,-0.426726397410367,-7.775420115875633,0.45479048312771847,1.2737775353898428,9.847892522365921,-0.013015838233327076,-0.0020772764153978874,-0.1341721862470641,519.3313925689266,1943.16317568769,-57.5625
1773079207.6356397,78.47011993959975,-0.4235051959984501,-7.759554448397586,0.4452195129432995,1.2525498990416424,9.872013279127824,-0.011595927929579062,-0.009255708385625967,-0.13526301702956053,519.3313925689266,1943.16317568769,-57.5625
1773079207.6576312,78.25347024223181,-0.44809495162305196,-7.758863682996755,0.43885013920031096,1.23842314418015,9.884720261599043,-0.00707325388977981,0.0030764702522219013,-0.13962634015954636,-23.68479850049278,-33.09183256471383,-58.0
1773079207.6984327,78.05554435553819,-0.45669434793509683,-7.752741976500785,0.43436948678826043,1.2533735259492107,9.893176616487343,0.010412671415687845,-0.007388788131124616,-0.10253809355466686,-23.68479850049278,-33.09183256471383,-58.0
1773079207.7177603,77.8617091675256,-0.4500110956157706,-7.75144602994762,0.4313876626602078,1.2633228380098132,9.885423779372557,-0.001235847626680813,0.0037338363638717747,-0.12217304763960307,-23.369925281785516,-31.946838631917274,-58.0
1773079207.7394009,77.8617091675256,-0.4500110956157706,-7.75144602994762,0.4313876626602078,1.2633228380098132,9.885423779372557,-0.001235847626680813,0.0037338363638717747,-0.12217304763960307,-23.369925281785516,-31.946838631917274,-58.0
1773079207.765841,77.55361754177112,-0.43533990522288596,-7.784412462495895,0.4235169839026188,1.2611548473183065,9.83677790068238,-0.0006836595954792087,-0.00659995045519714,-0.14835298641951802,-23.369925281785516,-31.946838631917274,-58.0
1773079207.784994,77.33665475910632,-0.4551550506975953,-7.778450733944105,0.4408567589135087,1.2535032294098607,9.801059500116818,0.005627050102202461,-0.00833539500028996,-0.11999138607461016,-23.369925281785516,-31.946838631917274,-58.0
1773079207.798121,77.19279123687721,-0.45523928275690756,-7.767675070378445,0.41328852045071357,1.2071263628128177,9.777289303541115,-0.008440573080738227,-0.010123430658172375,-0.1407171709420428,-22.707034057534877,-32.12913365327411,-58.0
1773079207.8107173,77.19279123687721,-0.45523928275690756,-7.767675070378445,0.41328852045071357,1.2071263628128177,9.777289303541115,-0.008440573080738227,-0.010123430658172375,-0.1407171709420428,-22.707034057534877,-32.12913365327411,-58.0
1773079207.8296278,77.0631901141978,-0.44422549785956067,-7.76692545214382,0.41760042038905265,1.2081942882340142,9.771505838372438,0.003207945961630432,-0.021246055153168766,-0.10471975511965978,-22.707034057534877,-32.12913365327411,-58.0
1773079207.8487332,76.91451971853047,-0.4444170670876812,-7.766352698295099,0.41426109730964805,1.1863273568694894,9.77769234203018,-0.0009729003529946786,-0.007651735404810751,-0.14835298641951802,-22.707034057534877,-32.12913365327411,-58.0
1773079207.8657541,76.91451971853047,-0.4444170670876812,-7.766352698295099,0.41426109730964805,1.1863273568694894,9.77769234203018,-0.0009729003529946786,-0.007651735404810751,-0.14835298641951802,-22.707034057534877,-32.12913365327411,-58.0
1773079207.8830948,76.66462927743399,-0.4168404005732171,-7.759287816379909,0.44405065805607563,1.187256960037374,9.805225173057869,-0.01036008030289825,-0.012989544749497742,-0.14508049407202864,-22.444890674138257,-32.59014433269637,-57.1875
1773079207.9016945,76.42104079096652,-0.40911813875274733,-7.723401676930136,0.4576664336403346,1.1652979767584306,9.830238187959559,-0.019826144849420753,-0.010386377931858513,-0.14835298641951802,-22.444890674138257,-32.59014433269637,-57.1875
1773079207.914811,76.28543135601782,-0.38349581023250084,-7.727147781964059,0.4771294079790344,1.2137405959550975,9.866954740206866,-0.008572044645015832,-0.027057167932438432,-0.12217304763960307,-22.444890674138257,-32.59014433269637,-57.1875
1773079207.9337983,76.28543135601782,-0.38349581023250084,-7.727147781964059,0.4771294079790344,1.2137405959550975,9.866954740206866,-0.008572044645015832,-0.027057167932438432,-0.12217304763960307,-22.444890674138257,-32.59014433269637,-57.1875
1773079207.957063,76.15613971438898,-0.377430501750501,-7.721699110279998,0.46613340046079066,1.1588934975086493,9.891389195576686,-0.009282001869455303,-0.0008414287887170746,-0.12217304763960307,-22.62417268419086,-31.82781946043291,-57.6875
1773079207.9778178,75.9387208196874,-0.38709821577454206,-7.726028609108208,0.4987296794991508,1.2675352334786332,9.813986924869607,-0.0008940157563757454,-0.015592711567136971,-0.1341721862470641,-22.62417268419086,-31.82781946043291,-57.6875
1773079207.9973178,75.79136094196488,-0.40696701784217215,-7.725733215346389,0.48728142573629757,1.2067077494108014,9.762476578354063,0.002287632576294425,-0.004023077121387245,-0.13308135546456762,-21.863354317579518,-32.361145498637356,-58.0
1773079208.0156386,75.79136094196488,-0.40696701784217215,-7.725733215346389,0.48728142573629757,1.2067077494108014,9.762476578354063,0.002287632576294425,-0.004023077121387245,-0.13308135546456762,-21.863354317579518,-32.361145498637356,-58.0
1773079208.0429218,75.49746898781673,-0.38729828178159437,-7.704467955113509,0.5186897621906071,1.308144230726064,9.764993246936756,-0.01170110601002733,-0.013752088941595882,-0.13853550937704992,-21.863354317579518,-32.361145498637356,-58.0
1773079208.064281,75.2912654983229,-0.4159708427357881,-7.71874189326551,0.5023385933190974,1.2401833331046932,9.773358285180146,0.00028924075751547,0.0010517849496136115,-0.1189005552921137,-22.50364700705438,-31.860964009770516,-58.75
1773079208.078025,75.2912654983229,-0.4159708427357881,-7.71874189326551,0.5023385933190974,1.2401833331046932,9.773358285180146,0.00028924075751547,0.0010517849496136115,-0.1189005552921137,-22.50364700705438,-31.860964009770516,-58.75
1773079208.0963736,75.14389629857682,-0.4358284493433193,-7.718297059284914,0.4513817867084346,1.251077631850262,9.772234901272883,0.001525088384196283,-0.002682051414258163,-0.13744467859455345,-22.50364700705438,-31.860964009770516,-58.75
1773079208.1135554,74.99385744869592,-1.0584127008190827,-8.39056791338059,0.4174706011338656,1.2583276659681473,9.71462040280719,0.010885974850270519,-0.00978159878786731,-0.11453723216212788,-22.50364700705438,-31.860964009770516,-58.75
1773079208.12875,74.8058558234622,-0.4188988130334638,-7.766328849607982,0.4239314594075258,1.2551696828437524,9.67627859767439,-0.0030764702522219018,-0.00707325388977981,-0.13308135546456762,-22.387641084372756,-31.43912413979284,-58.75
1773079208.1456437,74.8058558234622,-0.4188988130334638,-7.766328849607982,0.4239314594075258,1.2551696828437524,9.67627859767439,-0.0030764702522219018,-0.00707325388977981,-0.13308135546456762,-22.387641084372756,-31.43912413979284,-58.75
1773079208.164324,74.65817866688792,-0.43387820236186564,-7.77072778142433,0.4724187146751427,1.338056709001635,9.727700123932886,0.0038916055571096403,-0.014646104697971628,-0.12435470920459599,-22.387641084372756,-31.43912413979284,-58.75
1773079208.177764,74.5097942039803,-0.4389932217390267,-7.765226582721986,0.4498550820363857,1.269523972403075,9.76192057524183,0.003234239445459767,-0.008808698434872631,-0.13199052468207118,-22.387641084372756,-31.43912413979284,-58.75
1773079208.190086,74.5097942039803,-0.4389932217390267,-7.765226582721986,0.4498550820363857,1.269523972403075,9.76192057524183,0.003234239445459767,-0.008808698434872631,-0.13199052468207118,-22.387641084372756,-31.43912413979284,-58.75
1773079208.2055771,74.3916842260196,-0.45195485622133297,-7.759813547662695,0.40758481862718154,1.238349751257172,9.767968344783844,0.001893213738330686,-0.009571242626970773,-0.10144726277217041,-22.387641084372756,-31.43912413979284,-58.75
1773079208.2241397,74.21203957551498,-0.43439424782194364,-7.759168105222955,0.37945443051813765,1.2176036553234415,9.765302844441404,-0.005495574392793931,-0.019983914042658618,-0.11126473981463851,-22.387641084372756,-31.43912413979284,-58.75
1773079208.2437992,74.08272367111846,-0.42826730795340207,-7.753772472906503,0.36782979355006923,1.2296003588604176,9.733422978373227,0.0008414287887170748,-0.009282001869455303,-0.10471975511965978,-22.387641084372756,-31.43912413979284,-58.75
1773079208.2631931,74.08272367111846,-0.42826730795340207,-7.753772472906503,0.36782979355006923,1.2296003588604176,9.733422978373227,0.0008414287887170748,-0.009282001869455303,-0.10471975511965978,-22.387641084372756,-31.43912413979284,-58.75
1773079208.2925363,73.82453203977063,-0.42107712595864033,-7.767660563865058,0.39557285062224457,1.2278272756902873,9.702171948504335,-0.007678028888640087,-0.011464456365301459,-0.12217304763960307,-21.18087780735584,-31.057961584911855,-58.75
1773079208.3161016,73.64059175323688,-0.41375004240184476,-7.767382608103162,0.44862767784071594,1.3524369269772145,9.691410072345422,-0.0007888376759274769,-0.011096331011167054,-0.12544553998709243,-21.18087780735584,-31.057961584911855,-58.75
1773079208.3375504,73.55017243932609,-1.0451652080445395,-8.367856930489216,0.44136014020450354,1.2805452661368688,9.737769951296809,-0.014172801263388955,-0.0062844162138523335,-0.12544553998709243,-21.18087780735584,-31.057961584911855,-58.75
1773079208.3528044,73.55017243932609,-1.0451652080445395,-8.367856930489216,0.44136014020450354,1.2805452661368688,9.737769951296809,-0.014172801263388955,-0.0062844162138523335,-0.12544553998709243,-21.18087780735584,-31.057961584911855,-58.75
1773079208.3792312,73.291069949747,-0.37763831184265445,-7.736933084982967,0.4758732454625412,1.2496353899600439,9.768621932865177,0.0027346425270477603,-0.018853244496426075,35.63307834102923,-21.482192000197042,-30.975100211567838,-57.5625
1773079208.393326,73.03109381026589,-0.34536752050481584,-7.716785905844523,0.5005346561203822,1.1973759059089824,9.738976906349919,-0.0013410257071290814,-0.0007625441920981415,-0.16035212502697901,-21.482192000197042,-30.975100211567838,-57.5625
1773079208.4062731,72.94197210810852,-0.3464907189658269,-7.721435511621558,0.5249293492688275,1.1916261765104608,9.71924847236066,-0.004706736716866453,-0.008887583031491564,-0.1636246173744684,-21.482192000197042,-30.975100211567838,-57.5625
1773079208.4199488,72.94197210810852,-0.3464907189658269,-7.721435511621558,0.5249293492688275,1.1916261765104608,9.71924847236066,-0.004706736716866453,-0.008887583031491564,-0.1636246173744684,-21.482192000197042,-30.975100211567838,-57.5625
1773079208.4414132,72.6813417916756,-0.37869632325686825,-7.7056295547712095,0.4783495731183107,1.1738500442867934,9.712809643336493,-0.0010517849496136115,0.00028924075751547,-0.16253378659197193,-21.664487021553878,-31.637991435818478,-58.75
1773079208.4560738,72.48919707847732,-0.3966890169109642,-7.709927037066422,0.43662687571167264,1.2239474210383956,9.73863067991322,-0.006705128535645407,-0.0038127209604907073,-0.1090830782496456,-21.664487021553878,-31.637991435818478,-58.75
1773079208.48525,72.38030385766504,-0.3989662021209708,-7.70457011514508,0.39289528697730386,1.199229918720676,9.789265408388346,-0.00173544454509282,-0.00631070969768167,-0.09490227807719166,-21.664487021553878,-31.637991435818478,-58.75
1773079208.507043,72.38030385766504,-0.3989662021209708,-7.70457011514508,0.39289528697730386,1.199229918720676,9.789265408388346,-0.00173544454509282,-0.00631070969768167,-0.09490227807719166,-21.664487021553878,-31.637991435818478,-58.75
1773079208.5290964,72.14894775204297,-0.42424115997132694,-7.693680025519248,0.4180593337325846,1.1782651773647996,9.78951113748837,-0.006810306616093676,-0.008309101516460624,-0.14944381720201447,-21.060352130219364,-31.09110613424946,-58.75
1773079208.5469656,72.01599769812255,-0.4382560609819602,-7.698136569090786,0.43480572574740306,1.16431337618397,9.793019779166782,-0.00920311727283637,-0.008782404951043295,-0.10035643198967395,-21.060352130219364,-31.09110613424946,-58.75
1773079208.5645688,72.01599769812255,-0.4382560609819602,-7.698136569090786,0.43480572574740306,1.16431337618397,9.793019779166782,-0.00920311727283637,-0.008782404951043295,-0.10035643198967395,-21.060352130219364,-31.09110613424946,-58.75
1773079208.5825114,71.7624472580183,-0.4296672397311892,-7.6631612674060285,0.44949817360454636,1.1679301076658573,9.771938959058433,-0.012069231364161733,-0.006862897728883274,-0.12435470920459599,-21.060352130219364,-31.09110613424946,-58.75
1773079208.5971391,71.63808503007702,-0.4235248053421568,-7.677994639982748,0.4642751638774222,1.1759007739632805,9.757909908764518,0.011727403638987591,-0.01906360065732261,-0.11453723216212788,-21.060352130219364,-31.09110613424946,-58.75
1773079208.6196654,71.4758280887079,-0.44432406667801766,-7.677154719658137,0.4933000603465181,1.2383749325073987,9.73853839738672,-0.0036286582834235063,0.003260532929289103,-0.14726215563702155,-21.060352130219364,-31.09110613424946,-58.75
1773079208.6376572,71.33771232858605,-0.45357508212686637,-7.676353396363237,0.5294683821608674,1.3412329088869501,9.682160420763603,0.0014199103037480147,-0.007178431970228079,-0.11453723216212788,-21.060352130219364,-31.09110613424946,-58.75
1773079208.6522746,71.33771232858605,-0.45357508212686637,-7.676353396363237,0.5294683821608674,1.3412329088869501,9.682160420763603,0.0014199103037480147,-0.007178431970228079,-0.11453723216212788,-21.060352130219364,-31.09110613424946,-58.75
1773079208.6667979,71.14638196037154,-0.41207888900900125,-7.682455454268988,0.5366854188581852,1.348401621418141,9.644641507104184,-0.015724183131414573,-0.016039721517890307,-0.11344640137963143,-21.26223267504774,-30.646667729496006,-59.1875
1773079208.6835372,71.00827884050798,-0.42133516581927827,-7.681666202724249,0.5439073041045628,1.387200023337998,9.686575323323956,0.0012095541428514768,-0.016171193082167912,-0.1189005552921137,-21.26223267504774,-30.646667729496006,-59.1875
1773079208.7056954,71.00827884050798,-0.42133516581927827,-7.681666202724249,0.5439073041045628,1.387200023337998,9.686575323323956,0.0012095541428514768,-0.016171193082167912,-0.1189005552921137,-21.26223267504774,-30.646667729496006,-59.1875
1773079208.7222216,70.75937913925802,-0.4083276022402254,-7.681852969883078,0.5203300997363814,1.3098079318819258,9.714481809586793,0.0015776794969858806,-0.02306038429488052,-0.1538071403320003,-21.26223267504774,-30.646667729496006,-59.1875
1773079208.7357774,70.61944229886058,-0.39383733478094196,-7.70721258902451,0.5297976471009134,1.3624033318315916,9.692911923971002,0.015540124599478298,-0.02576872919296802,-0.11453723216212788,-20.0614956581378,-30.523128803556787,-60.0
1773079208.749626,70.48418265562381,-0.37358458129352223,-7.71768773695825,0.48989470699653653,1.3303171839840378,9.678557406045101,-0.003102763736051237,-0.01951061060807595,-0.12217304763960307,-20.0614956581378,-30.523128803556787,-60.0
1773079208.7711504,70.3545877582202,-0.3621274276426505,-7.7078162549764135,0.48914274473391867,1.301868388935772,9.669004634715888,-0.0012621411105101486,-0.008703520354424362,-0.11453723216212788,-20.0614956581378,-30.523128803556787,-60.0
1773079208.7836514,70.3545877582202,-0.3621274276426505,-7.7078162549764135,0.48914274473391867,1.301868388935772,9.669004634715888,-0.0012621411105101486,-0.008703520354424362,-0.11453723216212788,-20.0614956581378,-30.523128803556787,-60.0
1773079208.7978113,70.2136031239283,-0.33277641031489286,-7.7289192315696456,0.5047691963929887,1.2785011448240926,9.709478936010216,-0.007020662776990214,-0.017301862628400458,-0.11235557059713497,-21.477672245742184,-31.430084630883126,-60.0
1773079208.8109155,70.04006065381844,-0.33379440906837676,-7.708954533108618,0.49299398140858663,1.182316134172623,9.736414131394021,-0.008729813838253697,-0.011175215607785989,-0.16253378659197193,-21.477672245742184,-31.430084630883126,-60.0
1773079208.8244894,70.04006065381844,-0.33379440906837676,-7.708954533108618,0.49299398140858663,1.182316134172623,9.736414131394021,-0.008729813838253697,-0.011175215607785989,-0.16253378659197193,-21.477672245742184,-31.430084630883126,-60.0
1773079208.8439462,69.90643480701418,-0.33804701551582433,-7.713661393222062,0.48580276708641856,1.2846547867142224,9.754339203036094,0.0069417823255022056,-0.020010207526487956,-0.11780972450961724,-21.477672245742184,-31.430084630883126,-60.0
1773079208.8643925,69.90643480701418,-0.33804701551582433,-7.713661393222062,0.48580276708641856,1.2846547867142224,9.754339203036094,0.0069417823255022056,-0.020010207526487956,-0.11780972450961724,-21.477672245742184,-31.430084630883126,-60.0
1773079208.90246,69.58197962890651,-0.3099656635149242,-7.7050611064615575,0.4419900728380287,1.2108435243081166,9.84320570724607,-0.01083338373748092,-0.010596734092755048,-0.11671889372712078,-19.699918626728362,-30.622562451569607,-60.0
1773079208.9278007,69.29435686164756,-0.309979615829768,-7.714826648556893,0.47322834551457804,1.2804167499512165,9.791956686752373,-0.005285218231897393,-0.010991152930718786,-0.1308996938995747,-19.699918626728362,-30.622562451569607,-60.0
1773079208.9525769,69.14469682750325,-0.3002735540193516,-7.715552775275438,0.4727296007820253,1.2493079585374538,9.834788605371234,-0.008440573080738227,-0.010123430658172375,-0.12980886311707826,-19.699918626728362,-30.622562451569607,-60.0
1773079208.9858856,68.8790785151302,-0.2634831082683315,-7.712761660201612,0.5291642810970026,1.2962576458929278,9.82315142826037,-0.004838208281144058,-0.02582132030575762,-0.12326387842209953,-20.84491255952492,-30.307689232862344,-60.375
1773079209.007277,68.72539147709819,-0.2639352069894506,-7.712717711246564,0.49060209209293865,1.2651717643933666,9.815407016888878,0.007152138486398744,-0.011017446414548122,-0.13308135546456762,-20.84491255952492,-30.307689232862344,-60.375
1773079209.021945,68.72539147709819,-0.2639352069894506,-7.712717711246564,0.49060209209293865,1.2651717643933666,9.815407016888878,0.007152138486398744,-0.011017446414548122,-0.13308135546456762,-20.84491255952492,-30.307689232862344,-60.375
1773079209.04024,68.52680176210175,-0.2627342800738724,-7.717931705517267,0.4844528968026676,1.315442703744901,9.793527639095297,-0.005101155554830192,-0.014435748537075091,-0.10690141668465268,-20.84491255952492,-30.307689232862344,-60.375
1773079209.0636916,68.33759141352641,-0.25461159677237105,-7.69884328991964,0.45729925426320955,1.2650377067668177,9.755551375631097,-0.024138462728323467,-0.013725795457766548,-0.11235557059713497,-19.936450226546466,-31.011257772209678,-60.75
1773079209.0777147,68.33759141352641,-0.25461159677237105,-7.69884328991964,0.45729925426320955,1.2650377067668177,9.755551375631097,-0.024138462728323467,-0.013725795457766548,-0.11235557059713497,-19.936450226546466,-31.011257772209678,-60.75
1773079209.0951235,68.21348382695616,-0.2530598065491117,-7.6989867251342545,0.457855341443135,1.299226615747081,9.753694378469566,-0.0118062840904756,-0.0182484694975658,-0.12217304763960307,-19.936450226546466,-31.011257772209678,-60.75
1773079209.109316,68.07910843221363,-0.24640102515284593,-7.684575895412021,0.4176663396176496,1.1492601313022823,9.816015690041652,-0.008808698434872631,-0.0032342394454597675,-0.11671889372712078,-19.936450226546466,-31.011257772209678,-60.75
1773079209.1279356,67.9601904515178,-0.25146242679180575,-7.719288773848363,0.44438157879107903,1.218630021554955,9.857489826718211,0.016039721517890307,-0.015724183131414573,-0.10799224746714914,-19.513103850916668,-30.41465564663425,-60.375
1773079209.144203,67.84139084973404,-0.2594837088160382,-7.719220099644034,0.4515165389100077,1.2260904106579642,9.848294172599484,-0.0019983918187789548,0.0050748620710008565,-0.10144726277217041,-19.513103850916668,-30.41465564663425,-60.375
1773079209.1727455,67.84139084973404,-0.2594837088160382,-7.719220099644034,0.4515165389100077,1.2260904106579642,9.848294172599484,-0.0019983918187789548,0.0050748620710008565,-0.10144726277217041,-19.513103850916668,-30.41465564663425,-60.375
1773079209.1985872,67.71500052896342,-0.22377363490565377,-7.7263658547047545,0.5240782647386562,1.3893404882244274,9.842174567505658,-0.01141186525251186,-0.012700303991982272,-0.05999569303730508,-19.513103850916668,-30.41465564663425,-60.375
1773079209.2156713,67.48548566383684,-0.21362110315217048,-7.713054695806177,0.5893005037399867,1.458632020850831,9.838102038676185,-0.007283610050676347,-0.005916290859717931,-0.10253809355466686,-19.139474299293283,-29.99884203676355,-61.1875
1773079209.2340646,67.34235668560827,-0.22326134956394925,-7.712507307319685,0.5893005037399867,1.458632020850831,9.838102038676185,0.001761742174053082,-0.026504979901236826,-0.12980886311707826,-19.139474299293283,-29.99884203676355,-61.1875
1773079209.2485883,67.34235668560827,-0.22326134956394925,-7.712507307319685,0.5893005037399867,1.458632020850831,9.838102038676185,0.001761742174053082,-0.026504979901236826,-0.12980886311707826,-19.139474299293283,-29.99884203676355,-61.1875
1773079209.2674768,67.2143542485161,-0.24178567162495623,-7.711725294001518,0.6327051752152238,1.5047447617765664,9.852117374769897,-0.005180040151449125,-0.006494772374748871,-0.12544553998709243,-19.139474299293283,-29.99884203676355,-61.1875
1773079209.2844198,67.01816133551,-0.20686762137816875,-7.734413974843628,0.6571556104191221,1.5193054016047018,9.814612860476227,-0.007520259695402221,-0.027346408689953902,-0.11562806294462433,-20.163942554953362,-29.717113367393893,-60.375
1773079209.298692,66.87499089080805,-0.2158667602613192,-7.723988698333014,0.5906156212978002,1.3540187571076092,9.813069807117902,-0.012358472121677204,-0.007914682678496885,-0.11780972450961724,-20.163942554953362,-29.717113367393893,-60.375
1773079209.3143718,66.87499089080805,-0.2158667602613192,-7.723988698333014,0.5906156212978002,1.3540187571076092,9.813069807117902,-0.012358472121677204,-0.007914682678496885,-0.11780972450961724,-20.163942554953362,-29.717113367393893,-60.375
1773079209.328041,66.73545094038145,-0.21011112239294727,-7.719844472021248,0.5844740455258722,1.382713459213504,9.76855647014982,-0.010176017625831047,-0.016434140355854047,-0.13526301702956053,-20.163942554953362,-29.717113367393893,-60.375
1773079209.3427567,66.73545094038145,-0.21011112239294727,-7.719844472021248,0.5844740455258722,1.382713459213504,9.76855647014982,-0.010176017625831047,-0.016434140355854047,-0.13526301702956053,-20.163942554953362,-29.717113367393893,-60.375
1773079209.370874,66.56776753117231,-0.22671361816191132,-7.723981582958689,0.5228139719186681,1.2303001554400723,9.782419793839267,-0.006337003181511005,-0.010701912173203315,-0.15162547876700738,-18.899929450672442,-30.777739183695807,-61.5625
1773079209.3926437,66.30412225981242,-0.2293320805162002,-7.719992761802496,0.49750357606788836,1.2112791305917494,9.778265234061845,-0.007572850808191817,-0.0069680758093315425,-0.11126473981463851,-18.899929450672442,-30.777739183695807,-61.5625
1773079209.4166687,66.09508766295112,-0.21907749100615648,-7.72595385181803,0.4806597903648418,1.1986208510339604,9.788880867768722,0.003207945961630432,-0.021246055153168766,-0.12980886311707826,-18.69804890584406,-31.222177588449263,-62.0
1773079209.433112,66.09508766295112,-0.21907749100615648,-7.72595385181803,0.47477230569798573,1.2095491563643477,9.782565006586971,0.0006573661116498731,-0.005837406263098997,-0.12871803233458182,-18.69804890584406,-31.222177588449263,-62.0
1773079209.4613128,65.95032405056914,-0.2144069958183063,-7.731982817763756,0.47477230569798573,1.2095491563643477,9.782565006586971,0.0006573661116498731,-0.005837406263098997,-0.12871803233458182,-18.69804890584406,-31.222177588449263,-62.0
1773079209.4751606,65.7464435038752,-0.21297303589301958,-7.727766696653165,0.4782726087129444,1.2564132971924316,9.77167164810867,-0.01580306772803351,-0.008098745355564086,-0.11780972450961724,-18.69804890584406,-31.222177588449263,-62.0
1773079209.4884984,65.61703639067512,-0.2110511060703981,-7.71844682546685,0.4708452659064241,1.2521217362880452,9.764422239728148,-0.005863699746928333,-0.01309472282994601,-0.10799224746714914,-19.32176932065012,-30.661733261014184,-62.0
1773079209.502673,65.61703639067512,-0.2110511060703981,-7.71844682546685,0.4708452659064241,1.2521217362880452,9.764422239728148,-0.005863699746928333,-0.01309472282994601,-0.10799224746714914,-19.32176932065012,-30.661733261014184,-62.0
1773079209.5231273,65.52252316888904,-0.20753965893014648,-7.718885773802997,0.4982368314023918,1.278536029243483,9.8097745150419,-0.00010517808044826849,-0.004496380555969916,-0.07744898555724837,-19.32176932065012,-30.661733261014184,-62.0
1773079209.54038,65.36783410469974,-0.20275773754926943,-7.715044429059925,0.5163849813810181,1.2579743897390663,9.863371729596327,-0.007862091565707286,-0.008019860758945153,-0.09272061651219876,-19.32176932065012,-30.661733261014184,-62.0
1773079209.5644286,65.2131289382442,-0.19668521845494147,-7.755881012582486,0.532977892139702,1.2985577788815883,9.875624295210946,0.016171193082167912,0.0012095541428514774,-0.08508480103472356,-19.139474299293283,-29.99884203676355,-60.75
1773079209.5896912,65.2131289382442,-0.19668521845494147,-7.755881012582486,0.532977892139702,1.2985577788815883,9.875624295210946,0.016171193082167912,0.0012095541428514774,-0.08508480103472356,-19.139474299293283,-29.99884203676355,-60.75
1773079209.60578,65.0628786672812,-0.1792757077840604,-7.723089529478856,0.5545833911417565,1.3261300125581967,9.850327123684155,-0.01887953798025541,-0.015171999245343896,-0.08072147790473774,-19.139474299293283,-29.99884203676355,-60.75
1773079209.6191196,65.0628786672812,-0.1792757077840604,-7.723089529478856,0.5545833911417565,1.3261300125581967,9.850327123684155,-0.01887953798025541,-0.015171999245343896,-0.08072147790473774,-19.139474299293283,-29.99884203676355,-60.75
1773079209.6433198,64.88734238988032,-0.15896629962901096,-7.695833591119586,0.5528347352335126,1.3489139148688705,9.833492138620997,-0.006810306616093676,-0.008309101516460624,-0.11126473981463851,-19.139474299293283,-29.99884203676355,-60.75
1773079209.6742756,64.6990164223505,-0.16174736532375275,-7.695996363526178,0.5516710242603426,1.3640763473437585,9.82228864412057,0.008125038839393422,-0.0033657110097373715,-0.10581058590215622,-18.237038226421802,-30.960034205052644,-62.0
1773079209.689646,64.48490424060955,-0.1671588282634751,-7.706788577883587,0.5130790801310343,1.2492641362104997,9.851629072462284,-0.01170110601002733,-0.013752088941595882,-0.12871803233458182,-18.237038226421802,-30.960034205052644,-62.0
1773079209.7142644,64.3632702306058,-0.1331336705119292,-7.735104154197819,0.5317454604224635,1.3341266336864839,9.804252565623248,-0.0070995473736091465,-0.009360886466074235,-0.11017390903214205,-18.237038226421802,-30.960034205052644,-62.0
1773079209.735133,64.13440640169658,-0.13334309874780984,-7.731203840882324,0.49336809032210877,1.2311068918521755,9.839626263698515,-0.007862091565707286,-0.008019860758945153,-0.14289883250703572,-17.453621325034682,-31.175473775747086,-62.375
1773079209.7800398,63.84640770597776,-0.1483371221155012,-7.7364202854561395,0.5498335129588156,1.3724396736873758,9.816335500715034,0.005232631264238723,-0.013883560505873487,-0.1439896632895322,-17.453621325034682,-31.175473775747086,-62.375
1773079209.821427,63.58107134079814,-0.12680569378029466,-7.739834024025668,0.5519315105560669,1.3374800680490948,9.800835758124398,0.00244540176953229,-0.019905029446039686,-0.11671889372712078,-18.237038226421802,-30.960034205052644,-63.5625
1773079209.8409045,63.58107134079814,-0.12680569378029466,-7.739834024025668,0.5519315105560669,1.3374800680490948,9.800835758124398,0.00244540176953229,-0.019905029446039686,-0.11671889372712078,-18.237038226421802,-30.960034205052644,-63.5625
1773079209.8792367,63.40774842423843,-0.13852761553860524,-7.73949716007476,0.5604235266023444,1.3400178396529994,9.767105070622563,-0.006626243939026475,-0.011753697122816929,-0.14944381720201447,-18.237038226421802,-30.960034205052644,-63.5625
1773079209.9111757,62.9494322857697,-0.14437313010189975,-7.736740903394495,0.5460775470217331,1.3194516107155716,9.731277228057282,0.0028398206074960295,-0.014356863940456158,-0.1308996938995747,-18.237038226421802,-30.960034205052644,-63.5625
1773079209.9305735,62.745267270497486,-0.13742351124537386,-7.728290580799842,0.5134690361011336,1.2219052695442025,9.707434199053314,-0.007967269646155557,-0.01251624131491507,-0.0719948316447661,-18.237038226421802,-30.960034205052644,-63.5625
1773079209.9484015,62.62476997525687,-0.13571185549293466,-7.729667407258964,0.5014445608313332,1.1543283358781318,9.691566929595258,0.0001314757094085304,-0.028319309042948576,-0.10035643198967395,-18.237038226421802,-30.960034205052644,-63.5625
1773079209.9717543,62.62476997525687,-0.13571185549293466,-7.729667407258964,0.5014445608313332,1.1543283358781318,9.691566929595258,0.0001314757094085304,-0.028319309042948576,-0.10035643198967395,-18.237038226421802,-30.960034205052644,-63.5625
1773079209.9853513,62.45146414577898,-0.14741513470135303,-7.729219574298262,0.49344240686147073,1.109356641407173,9.681007439019936,0.0005521880312016048,-0.010333786819068913,-0.11344640137963143,-18.11651254928532,-30.99317875439025,-63.5625
1773079209.9988887,62.45146414577898,-0.14741513470135303,-7.729219574298262,0.49344240686147073,1.109356641407173,9.681007439019936,0.0005521880312016048,-0.010333786819068913,-0.11344640137963143,-18.11651254928532,-30.99317875439025,-63.5625
1773079210.0214696,62.32173299249217,-0.139795460839999,-7.715655417751785,0.4708613055427281,1.1049895743986327,9.627148652096826,-0.005285218231897393,-0.010991152930718786,-0.1265363707695889,-18.11651254928532,-30.99317875439025,-63.5625
1773079210.0405266,62.200628036568695,-0.11410257992840221,-7.67926597917232,0.45583383486253454,1.1020833400877839,9.591306231041568,-0.010728205657032652,-0.006100353536785132,-0.10362892433716332,-18.11651254928532,-30.99317875439025,-63.5625
1773079210.064958,62.200628036568695,-0.11410257992840221,-7.67926597917232,0.45583383486253454,1.1020833400877839,9.591306231041568,-0.010728205657032652,-0.006100353536785132,-0.10362892433716332,-18.11651254928532,-30.99317875439025,-63.5625
1773079210.0872617,61.94308131365349,-0.14233648192256015,-7.687801263224269,0.4733295315584295,1.2001358933168935,9.597559505581245,0.01001825257772411,-0.012936953636708144,-0.11235557059713497,-16.885643994342008,-32.17433024782865,-63.5625
1773079210.1053102,61.74699703197555,-0.12381561714017911,-7.716144962320497,0.5043249712436577,1.2600669056109715,9.605066101641066,-0.009597536110800107,-0.01433057045662682,-0.12217304763960307,-16.885643994342008,-32.17433024782865,-63.5625
1773079210.1217654,61.54848319527768,-0.13494214166712995,-7.696128485004987,0.48874726369507704,1.2439900696299946,9.610061657464705,-0.014935345455487099,-0.004943390506723252,-0.10035643198967395,-16.885643994342008,-32.17433024782865,-63.5625
1773079210.1501458,61.54848319527768,-0.13494214166712995,-7.696128485004987,0.48874726369507704,1.2439900696299946,9.610061657464705,-0.014935345455487099,-0.004943390506723252,-0.10035643198967395,-16.885643994342008,-32.17433024782865,-63.5625
1773079210.172662,61.299070895608324,-0.13842232663064363,-7.667625333826172,0.48176712262642035,1.1699125013920293,9.690323713329667,-0.012936953636708144,-0.01001825257772411,-0.12871803233458182,-17.307483864319686,-32.05832432514703,-64.375
1773079210.1931932,61.17397156964726,-0.133779284692464,-7.683926677596756,0.47712191671851406,1.1206147072303208,9.743737214921888,0.010202315254791311,-0.01638154924306445,-0.1189005552921137,-17.307483864319686,-32.05832432514703,-64.375
1773079210.207217,61.17397156964726,-0.133779284692464,-7.683926677596756,0.47712191671851406,1.1206147072303208,9.743737214921888,0.010202315254791311,-0.01638154924306445,-0.1189005552921137,-17.307483864319686,-32.05832432514703,-64.375
1773079210.228955,61.030971373113104,-0.1563854454396228,-7.667158435436044,0.49822088893879024,1.1505411169672721,9.735796851368452,-0.018274762981395135,-0.0006310726278205371,-0.12980886311707826,-17.307483864319686,-32.05832432514703,-64.375
1773079210.2433066,60.855989567937726,-0.15946233756927367,-7.678154930238622,0.5335494855048473,1.2478658042427044,9.730512628123313,-0.009045348079598503,-0.02466435727569574,-0.10035643198967395,-16.528586717387427,-31.81877947652618,-65.1875
1773079210.2580805,60.727528412972724,-0.1699964367184008,-7.652504174717265,0.5357728056288501,1.2352253005411198,9.74706670682623,-0.01961578868852422,-0.001393616819918679,-0.11780972450961724,-16.528586717387427,-31.81877947652618,-65.1875
1773079210.2742121,60.62287191617604,-0.17699905038776592,-7.652486937516216,0.5368492332483933,1.1748846530560357,9.79153437835504,-0.003944192524768311,-0.010228608738620644,-0.08508480103472356,-16.528586717387427,-31.81877947652618,-65.1875
1773079210.2980962,60.62287191617604,-0.17699905038776592,-7.652486937516216,0.5368492332483933,1.1748846530560357,9.79153437835504,-0.003944192524768311,-0.010228608738620644,-0.08508480103472356,-16.528586717387427,-31.81877947652618,-65.1875
1773079210.3161337,60.40878816231209,-0.18455558592975937,-7.637958420749725,0.5269218506825019,1.0960241282562144,9.821127117021025,-0.00688919121271261,-0.0003681253541344029,-0.12217304763960307,-15.960609386694749,-32.817635948607744,-64.75
1773079210.3419302,60.177641189847165,-0.16618873959315494,-7.646880296666784,0.5085684184196763,1.1458926865029255,9.811559174506568,-0.010728205657032652,-0.006100353536785132,-0.10471975511965978,-15.960609386694749,-32.817635948607744,-64.75
1773079210.3845618,60.00778624406156,-0.16341907922259322,-7.6532935978504195,0.5192288154155773,1.2055033861989348,9.821072948338958,-0.00173544454509282,-0.00631070969768167,-0.10253809355466686,-15.92143857725017,-32.4394866425295,-64.375
1773079210.402394,59.88214001313826,-0.15088742532472382,-7.645782605350302,0.5168889713816467,1.223482994908844,9.827404258548597,-0.007678028888640087,-0.011464456365301459,-0.11453723216212788,-15.92143857725017,-32.4394866425295,-64.375
1773079210.423744,59.88214001313826,-0.15088742532472382,-7.645782605350302,0.5168889713816467,1.223482994908844,9.827404258548597,-0.007678028888640087,-0.011464456365301459,-0.11453723216212788,-15.92143857725017,-32.4394866425295,-64.375
1773079210.4411569,59.697529607348365,-0.15766598689306097,-7.641337760295675,0.5025916064604915,1.1765044989781706,9.831617674767744,-0.00144620378757735,-0.005258924748068057,-0.11017390903214205,-15.92143857725017,-32.4394866425295,-64.375
1773079210.4570003,59.697529607348365,-0.15766598689306097,-7.641337760295675,0.5025916064604915,1.1765044989781706,9.831617674767744,-0.00144620378757735,-0.005258924748068057,-0.11017390903214205,-15.92143857725017,-32.4394866425295,-64.375
1773079210.4738169,59.511336150052635,-0.14061977029819445,-7.645004951844218,0.49630224464646827,1.1443538569603078,9.854492326438558,-0.012936953636708144,-0.01001825257772411,-0.08290313946973066,-16.103733598607004,-33.10237786678014,-65.1875
1773079210.4942663,59.395655719485504,-0.13032606025552343,-7.622344570051801,0.49211674461601074,1.1229579638436238,9.88644071013548,-0.01406762318294069,-0.0017880356578824173,-0.10035643198967395,-16.103733598607004,-33.10237786678014,-65.1875
1773079210.5079658,59.29936199220376,-0.11577189955116693,-7.615230059192052,0.5171501878783201,1.2224943327565554,9.90770200259895,-0.005285218231897393,-0.010991152930718786,-0.0818123086872342,-16.103733598607004,-33.10237786678014,-65.1875
1773079210.5238924,59.29936199220376,-0.11577189955116693,-7.615230059192052,0.5171501878783201,1.2224943327565554,9.90770200259895,-0.005285218231897393,-0.010991152930718786,-0.0818123086872342,-16.103733598607004,-33.10237786678014,-65.1875
1773079210.5403435,59.14438516938485,-0.10509951238600217,-7.607557625183448,0.46575426981861634,1.15480098174079,9.895090261570637,-0.010149724142001713,-0.0039967836375579095,-0.10144726277217041,-15.540276022369186,-33.64624991954641,-65.1875
1773079210.5569289,59.14438516938485,-0.10509951238600217,-7.607557625183448,0.46575426981861634,1.15480098174079,9.895090261570637,-0.010149724142001713,-0.0039967836375579095,-0.10144726277217041,-15.540276022369186,-33.64624991954641,-65.1875
1773079210.5740047,59.014593355968444,-0.11373098750110831,-7.6075804100711695,0.43598574928082884,1.1258786869689497,9.833175501481563,0.005600756618373124,-0.020772751718586096,-0.0719948316447661,-15.540276022369186,-33.64624991954641,-65.1875
1773079210.5907557,58.89392483788215,-0.11193728415575077,-7.609033731628138,0.4581050041757652,1.0951005119990944,9.791971920275472,-0.0016302664646445516,-0.001814329141711753,-0.10362892433716332,-15.540276022369186,-33.64624991954641,-65.1875
1773079210.6054707,58.89392483788215,-0.11193728415575077,-7.609033731628138,0.4581050041757652,1.0951005119990944,9.791971920275472,-0.0016302664646445516,-0.001814329141711753,-0.10362892433716332,-15.540276022369186,-33.64624991954641,-65.1875
1773079210.6211865,58.787491274054425,-0.09229015930141606,-7.632585350010192,0.48169489882192246,1.1068717286611447,9.764551397256978,0.0031290613650114996,-0.013305078990842547,-0.10253809355466686,-16.70786848994152,-33.64926316834916,-64.75
1773079210.6391428,58.59170108055208,-0.07873386349428382,-7.621048579793374,0.48449221087665184,1.1182532528973708,9.749648457202802,-0.010649321060413719,-0.01404132969911135,-0.11562806294462433,-16.70786848994152,-33.64926316834916,-64.75
1773079210.6554947,58.59170108055208,-0.07873386349428382,-7.621048579793374,0.48449221087665184,1.1182532528973708,9.749648457202802,-0.010649321060413719,-0.01404132969911135,-0.11562806294462433,-16.70786848994152,-33.64926316834916,-64.75
1773079210.6750305,58.370422790494075,-0.06122761951163545,-7.605449377417018,0.5077218879205819,1.2413765824312901,9.739730717073497,-0.021456411314065303,-0.012200707073570264,-0.10253809355466686,-16.203167246619824,-33.46395489818958,-65.5625
1773079210.7150261,58.21970186638926,-0.05025139153289278,-7.633204139060692,0.523180978500822,1.3233137828584038,9.766581688879056,0.010202315254791311,-0.01638154924306445,-0.08726646259971647,-16.203167246619824,-33.46395489818958,-65.5625
1773079210.7329807,58.09055034500454,-0.06867781752659402,-7.631801004101116,0.533468830592615,1.3778420744441462,9.784450710670646,-0.008414279596908892,0.00231392606012376,-0.07417649320975901,-16.203167246619824,-33.46395489818958,-65.5625
1773079210.759614,58.09055034500454,-0.06867781752659402,-7.631801004101116,0.533468830592615,1.3778420744441462,9.784450710670646,-0.008414279596908892,0.00231392606012376,-0.07417649320975901,-16.203167246619824,-33.46395489818958,-65.5625
1773079210.783562,57.90407267303152,-0.047367814215159065,-7.606558738007157,0.5741817232967716,1.335430902631085,9.766236339697022,-0.02171935858775144,-0.0008151353048877389,-0.08617563181722002,-15.623137395713202,-33.94756411238762,-66.25
1773079210.7975907,57.90407267303152,-0.047367814215159065,-7.606558738007157,0.5741817232967716,1.335430902631085,9.766236339697022,-0.02171935858775144,-0.0008151353048877389,-0.08617563181722002,-15.623137395713202,-33.94756411238762,-66.25
1773079210.8184724,57.81929587287157,-0.05863226072699722,-7.610843067115792,0.5496697013349823,1.3213983857162752,9.75411487928193,0.0017091510612634849,-0.006126647020614467,-0.08290313946973066,-15.623137395713202,-33.94756411238762,-66.25
1773079210.832633,57.695740954483696,-0.076653262942856,-7.609093414719231,0.5462587238525367,1.3085119914222165,9.729322624244675,-0.0022087479796754914,-0.003917899040938976,-0.06435901616729091,-15.623137395713202,-33.94756411238762,-66.25
1773079210.8462284,57.695740954483696,-0.076653262942856,-7.609093414719231,0.5462587238525367,1.3085119914222165,9.729322624244675,-0.0022087479796754914,-0.003917899040938976,-0.06435901616729091,-15.623137395713202,-33.94756411238762,-66.25
1773079210.873362,57.541449196068434,-0.09671787274964688,-7.60763613235054,0.5364091236862921,1.3228363999845623,9.676027426684504,-0.007756913485259019,-0.003523480202975237,-0.07417649320975901,-16.1444109137037,-34.19313522111543,-65.5625
1773079210.8977275,57.386774588019215,-0.11116087538844474,-7.601984863731274,0.5267902244354786,1.2707644759063934,9.640560068054576,-0.011306687172063592,-0.008203923436012355,-0.09053895494720585,-16.1444109137037,-34.19313522111543,-65.5625
1773079210.9134438,57.28236579397594,-0.12224910746556368,-7.5961956959352,0.5203889544342074,1.2361111921138774,9.630337383911991,-0.000946606869165343,0.004785621313485386,-0.08399397025222712,-16.1444109137037,-34.19313522111543,-65.5625
1773079210.9305913,57.28236579397594,-0.12224910746556368,-7.5961956959352,0.5203889544342074,1.2361111921138774,9.630337383911991,-0.000946606869165343,0.004785621313485386,-0.08399397025222712,-16.1444109137037,-34.19313522111543,-65.5625
1773079210.9444127,57.213070131151206,-0.13399850346812822,-7.609961865709666,0.5152420029950482,1.2098244440235273,9.667020754005119,0.011464456365301459,-0.007678028888640086,-0.06872233929727672,-14.913542358760386,-35.374286714553826,-66.0
1773079210.9581854,57.213070131151206,-0.13399850346812822,-7.609961865709666,0.5152420029950482,1.2098244440235273,9.667020754005119,0.011464456365301459,-0.007678028888640086,-0.06872233929727672,-14.913542358760386,-35.374286714553826,-66.0
1773079210.9731095,57.10752795060961,-0.1282004328174292,-7.5917564560144575,0.4993990756649206,1.1471756592059703,9.718194020680556,0.010044546061553444,-0.0004995969184120068,-0.04690572364734761,-14.913542358760386,-35.374286714553826,-66.0
1773079210.987392,57.03618589828847,-0.10920001022556163,-7.60027164062209,0.5077242228043463,1.1488648848279441,9.752249258010215,0.008098745355564086,-0.01580306772803351,-0.07853981633974483,-14.913542358760386,-35.374286714553826,-66.0
1773079211.001681,57.03618589828847,-0.10920001022556163,-7.60027164062209,0.5077242228043463,1.1488648848279441,9.752249258010215,0.008098745355564086,-0.01580306772803351,-0.07853981633974483,-14.913542358760386,-35.374286714553826,-66.0
1773079211.0243108,56.93060017336995,-0.10228205901058766,-7.607236549462352,0.5421316142268653,1.2044978814902876,9.778257749738495,0.0024979887371909615,0.004969683990552588,-0.09926560120717749,-15.838576966407645,-34.73098101377473,-66.375
1773079211.0399537,56.85442783064476,-0.09602425552474413,-7.599154269156659,0.5650293488628054,1.2415210193077848,9.738699211425347,0.005627050102202461,-0.00833539500028996,-0.05672320068981571,-15.838576966407645,-34.73098101377473,-66.375
1773079211.05831,56.76503722522143,-0.10041869808374113,-7.589061741971032,0.5157600388990744,1.2838990591534694,9.722408781197732,-0.003917899040938976,0.0022087479796754914,-0.05345070834232634,-15.838576966407645,-34.73098101377473,-66.375
1773079211.0749836,56.76503722522143,-0.10041869808374113,-7.589061741971032,0.5157600388990744,1.2838990591534694,9.722408781197732,-0.003917899040938976,0.0022087479796754914,-0.05345070834232634,-15.838576966407645,-34.73098101377473,-66.375
1773079211.091345,56.688970483259446,-0.09567491209340558,-7.590738089981185,0.5015983964563387,1.3798340426855173,9.711567681857284,0.00515374666761979,-0.005942584343547266,-0.038179077387375956,-15.576433583011026,-35.19199169319699,-66.375
1773079211.1047513,56.64843585806298,-0.09836701200635382,-7.59094181038554,0.5415222253878634,1.3329667188665784,9.734459056715105,0.0006573661116498731,-0.005837406263098997,-0.07635815477475191,-15.576433583011026,-35.19199169319699,-66.375
1773079211.1178098,56.64843585806298,-0.09836701200635382,-7.59094181038554,0.5415222253878634,1.3329667188665784,9.734459056715105,0.0006573661116498731,-0.005837406263098997,-0.07635815477475191,-15.576433583011026,-35.19199169319699,-66.375
1773079211.1311345,56.56272486001764,-0.09582002517736661,-7.602261267798537,0.5831697094865373,1.356608410499955,9.749693010969573,0.00846687070969849,-0.022692258940746116,-0.06981317007977318,-15.576433583011026,-35.19199169319699,-66.375
1773079211.1458604,56.46176698110511,-0.07315676697058236,-7.606462419265083,0.5571025250504927,1.3281540532166107,9.76652126076614,-0.018011815707709,-0.012016644396503061,-0.06326818538479445,-15.938010614420465,-35.09255804518417,-65.5
1773079211.1613858,56.46176698110511,-0.07315676697058236,-7.606462419265083,0.5571025250504927,1.3281540532166107,9.76652126076614,-0.018011815707709,-0.012016644396503061,-0.06326818538479445,-15.938010614420465,-35.09255804518417,-65.5
1773079211.177728,56.430593438454636,-0.06955450223745557,-7.6026866136094675,0.5166936832330399,1.2253582507472014,9.777720273021888,-0.01170110601002733,-0.013752088941595882,-0.03599741582238305,-15.938010614420465,-35.09255804518417,-65.5
1773079211.1918423,56.37621440221335,-0.07316523648160697,-7.602405439144601,0.5027035497157636,1.1534008814674255,9.81193398423548,0.0027872294947064316,0.0060214689401661995,-0.06544984694978735,-15.938010614420465,-35.09255804518417,-65.5
1773079211.2074752,152.84247803649032,41.89652733226077,142.29607259001426,0.507423654552789,1.0808399404932632,9.83470282685593,-0.011280393688234256,0.004233433282283781,-0.06544984694978735,-14.491702488782707,-35.49029263723545,-65.5
1773079211.2326164,56.229602095302305,-0.061751763733334596,-7.595822662858611,0.5593486084049467,1.2099470604273863,9.816404120202005,0.01635525575923511,-0.002235041463504826,-0.08399397025222712,-14.491702488782707,-35.49029263723545,-65.5
1773079211.2517908,56.229602095302305,-0.061751763733334596,-7.595822662858611,0.5593486084049467,1.2099470604273863,9.816404120202005,0.01635525575923511,-0.002235041463504826,-0.08399397025222712,-14.491702488782707,-35.49029263723545,-65.5
1773079211.2868266,56.0653274250251,-0.07924199171753346,-7.574535355845327,0.5528612028486756,1.1718507437128736,9.78081075338253,-0.001235847626680813,0.0037338363638717747,-0.02945243112740431,-16.236311558458922,-36.17728913941249,-65.875
1773079211.307852,56.010623800948686,-0.07805127214230684,-7.545020109912035,0.5324170327751722,1.1509329593040292,9.75712376536813,-0.015303470809621501,0.001945800705989357,-0.04799655442984406,-16.236311558458922,-36.17728913941249,-65.875
1773079211.3309338,55.9354440184582,-0.08709623817546722,-7.539468923298064,0.5188116659675992,1.1370124074469057,9.74136033944554,0.00515374666761979,-0.005942584343547266,-0.06435901616729091,-16.236311558458922,-36.17728913941249,-65.875
1773079211.3550808,55.9354440184582,-0.08709623817546722,-7.539468923298064,0.5188116659675992,1.1370124074469057,9.74136033944554,0.00515374666761979,-0.005942584343547266,-0.06435901616729091,-16.236311558458922,-36.17728913941249,-65.875
1773079211.3778348,55.83063377017406,-0.09153801467050432,-7.554648328108601,0.5166113630838819,1.177903013643732,9.707454173631826,0.011569634445749726,-0.00318164833267017,-0.031634092692397225,-16.41860657981576,-36.84018036366313,-65.0625
1773079211.4038365,55.79980993745293,-0.09357709071629194,-7.554946879850148,0.47966796297504033,1.2148720106517483,9.684889999039488,-0.007756913485259019,-0.003523480202975237,-0.016362461737446838,-16.41860657981576,-36.84018036366313,-65.0625
1773079211.418161,55.79980993745293,-0.09357709071629194,-7.554946879850148,0.47966796297504033,1.2148720106517483,9.684889999039488,-0.007756913485259019,-0.003523480202975237,-0.016362461737446838,-16.41860657981576,-36.84018036366313,-65.0625
1773079211.4365776,55.78033607637159,-0.09486016477412261,-7.554717628614385,0.4550825428874257,1.2394744651898275,9.696634686565188,0.001525088384196283,-0.002682051414258163,-0.018544123302439753,-16.41860657981576,-36.84018036366313,-65.0625
1773079211.4543543,55.72901747943286,-0.08276860436280935,-7.552345226041283,0.48210251254153225,1.236978685556963,9.704450644916786,0.0089138765153209,0.007730620001429683,-0.037088246604879506,-15.092824131314483,-37.2047704063768,-64.6875
1773079211.4704545,55.699432855095615,-0.07901406784664085,-7.547946245688485,0.5116147113958996,1.277247644867648,9.702961854475161,0.00707325388977981,-0.0030764702522219013,-0.032724923474893676,-15.092824131314483,-37.2047704063768,-64.6875
1773079211.4845698,55.699432855095615,-0.07901406784664085,-7.547946245688485,0.5116147113958996,1.277247644867648,9.702961854475161,0.00707325388977981,-0.0030764702522219013,-0.032724923474893676,-15.092824131314483,-37.2047704063768,-64.6875
1773079211.498225,55.667962404994185,-0.07131588148214602,-7.54987034044232,0.5182726198696155,1.2694540420966218,9.678555299115901,0.002682051414258163,0.001525088384196283,-0.018544123302439753,-15.092824131314483,-37.2047704063768,-64.6875
1773079211.5127168,55.672624033585365,-0.0555239501257313,-7.547175430043762,0.5162526339272132,1.2660414420331203,9.662313009163402,-0.00021035616089653698,-0.008992761111939833,-0.009817477042468103,-15.553834810736742,-37.46691378977342,-67.0625
1773079211.526588,55.672624033585365,-0.0555239501257313,-7.547175430043762,0.5162526339272132,1.2660414420331203,9.662313009163402,-0.00021035616089653698,-0.008992761111939833,-0.009817477042468103,-15.553834810736742,-37.46691378977342,-67.0625
1773079211.5550663,55.62115198221516,-0.04100265034344321,-7.560247866300649,0.5016036894444996,1.2153897723774802,9.668229505174876,-0.004101961718006177,0.005653343586031796,-0.04908738521234052,-15.553834810736742,-37.46691378977342,-67.0625
1773079211.5879056,55.56410291996592,-0.02850395637515873,-7.583333901759341,0.49185498053068577,1.1816816520378757,9.718998431081394,-0.006810306616093676,-0.008309101516460624,-0.018544123302439753,-15.275119390169825,-35.274853066541006,-66.25
1773079211.6028557,55.56410291996592,-0.02850395637515873,-7.583333901759341,0.49185498053068577,1.1816816520378757,9.718998431081394,-0.006810306616093676,-0.008309101516460624,-0.018544123302439753,-15.275119390169825,-35.274853066541006,-66.25
1773079211.6197891,55.569675966290845,-0.026492914425250626,-7.5733335086062885,0.49181807330670607,1.1574753189758766,9.75278458414612,0.0006573661116498731,-0.005837406263098997,0.015271630954950384,-15.275119390169825,-35.274853066541006,-66.25
1773079211.636569,55.553881768800295,-0.02182979058890957,-7.569440395636774,0.4756666378165548,1.1458011635264962,9.775268891594635,-0.009071645708558763,0.008151332323222757,-0.02181661564992912,-15.275119390169825,-35.274853066541006,-66.25
1773079211.6589363,55.543128386420086,-0.007055705288005868,-7.56691726992621,0.4842702868950636,1.132710276922688,9.810302617279367,0.007756913485259019,0.003523480202975237,-0.007635815477475192,-16.054016299603582,-38.10720647924828,-66.25
1773079211.6799433,55.52392958974626,-0.012390400819383298,-7.561014484891509,0.48040042563593416,1.1647994278024667,9.8168916118336,-0.00828280803263129,0.019247663334389813,-0.013089969389957472,-16.054016299603582,-38.10720647924828,-66.25
1773079211.703854,55.52392958974626,-0.012390400819383298,-7.561014484891509,0.48040042563593416,1.1647994278024667,9.8168916118336,-0.00828280803263129,0.019247663334389813,-0.013089969389957472,-16.054016299603582,-38.10720647924828,-66.25
1773079211.72083,55.5584372900407,-0.004401568794329292,-7.5570252562447635,0.4728257458478227,1.180590627355892,9.821276514105552,-0.0024979887371909615,-0.004969683990552588,0.030543261909900768,-16.054016299603582,-38.10720647924828,-66.25
1773079211.7398984,55.5584372900407,-0.004401568794329292,-7.5570252562447635,0.48995932506816253,1.2717338649838061,9.817504394170328,-0.007914682678496885,0.012358472121677204,-0.008726646259971648,-16.51502697902584,-38.3693498626449,-64.6875
1773079211.7591734,55.5332865827454,-0.006062644595516145,-7.557075466251532,0.5026516882030747,1.2487708312718244,9.814994090490778,0.017222978031781522,0.0009203133853360081,-0.00545415391248228,-16.51502697902584,-38.3693498626449,-64.6875
1773079211.7861013,55.5332865827454,-0.006062644595516145,-7.557075466251532,0.5026516882030747,1.2487708312718244,9.814994090490778,0.017222978031781522,0.0009203133853360081,-0.00545415391248228,-16.51502697902584,-38.3693498626449,-64.6875
1773079211.8088622,55.52472832982814,-0.024533697333822182,-7.543959311621565,0.5110983140863725,1.2334891888503945,9.806633288019329,-0.010202315254791311,0.01638154924306445,-0.007635815477475192,-17.500324425241338,-37.709471887197004,-65.1875
1773079211.8265889,55.544085060638395,-0.02161530897616488,-7.534445631009444,0.5296209485726124,1.2197715154853264,9.797724155663541,-0.02219266202233411,0.0015776753518549538,0.007635815477475192,-17.500324425241338,-37.709471887197004,-65.1875
1773079211.840373,55.544085060638395,-0.02161530897616488,-7.534445631009444,0.5296209485726124,1.2197715154853264,9.797724155663541,-0.02219266202233411,0.0015776753518549538,0.007635815477475192,-17.500324425241338,-37.709471887197004,-65.1875
1773079211.8564768,55.54464734229421,-0.005230690657314743,-7.496508678403412,0.501791650366863,1.0898522691166566,9.791795227602295,-0.014540926617523361,0.0006047749988602756,-0.001090830782496456,-17.500324425241338,-37.709471887197004,-65.1875
1773079211.879548,55.52922942977806,-0.006240894142243864,-7.496665928631479,0.5491498228748727,1.2177186199723162,9.821300709281196,0.003155354848840835,-0.00086772227254641,-0.02945243112740431,-16.1534499476164,-38.46878351065772,-65.1875
1773079211.9291306,55.49839166709952,-0.008261555382958316,-7.4969796333035825,0.5289795422261482,1.1400920873486888,9.840936277740678,0.010701912173203315,-0.006337003181511005,0.00545415391248228,-16.1534499476164,-38.46878351065772,-65.1875
1773079211.955452,55.528324215403714,0.007629972703950472,-7.443950569427529,0.4929788219683975,1.094641341354143,9.854003529206791,-0.003812720960490707,0.006705128535645408,0.028361600344907856,-16.93686684900352,-38.25334393996328,-65.1875
1773079211.969736,55.528324215403714,0.007629972703950472,-7.443950569427529,0.4929788219683975,1.094641341354143,9.854003529206791,-0.003812720960490707,0.006705128535645408,0.028361600344907856,-16.93686684900352,-38.25334393996328,-65.1875
1773079211.9869826,55.534009496512226,0.007999529228873868,-7.443686833263847,0.46902074479125994,1.0643943776128724,9.869389862501365,0.00115696303006188,0.004207139798454446,-0.007635815477475192,-16.93686684900352,-38.25334393996328,-65.1875
1773079212.0045106,55.54326879217638,0.015953661511304007,-7.430009840116018,0.43090246805452237,0.9636309903994139,9.916425524212812,-0.0089138765153209,-0.007730620001429683,0.002181661564992912,-16.93686684900352,-38.25334393996328,-65.1875
1773079212.018059,55.54326879217638,0.015953661511304007,-7.430009840116018,0.43090246805452237,0.9636309903994139,9.916425524212812,-0.0089138765153209,-0.007730620001429683,0.002181661564992912,-16.93686684900352,-38.25334393996328,-65.1875
1773079212.0343199,55.53768872422041,0.013948546121918872,-7.440007605555671,0.4519805604366277,1.0780820499924113,9.910931002878499,0.015697889647585242,0.0036023647995941706,0.00545415391248228,-17.480738901769794,-38.816801516201096,-63.5625
1773079212.0489278,55.55247447847616,0.024684762742265012,-7.441483978092609,0.3982749367620755,1.0341027360923016,9.934035353966893,-0.005101155554830192,-0.014435748537075091,0.022907446432425576,-17.480738901769794,-38.816801516201096,-63.5625
1773079212.067023,55.6024107628312,0.03363854011104081,-7.437318583758239,0.4274450950928031,1.17779572076559,9.835677243474848,-0.00028924075751547,-0.0010517849496136115,0.014180800172453928,-17.480738901769794,-38.816801516201096,-63.5625
1773079212.084395,55.6024107628312,0.03363854011104081,-7.437318583758239,0.4274450950928031,1.17779572076559,9.835677243474848,-0.00028924075751547,-0.0010517849496136115,0.014180800172453928,-17.480738901769794,-38.816801516201096,-63.5625
1773079212.108677,55.610410397336985,0.06105470471818714,-7.426895342612433,0.4104914214423218,1.1411814289218885,9.883954817723337,0.001525088384196283,-0.002682051414258163,0.018544123302439753,-17.596744824451417,-39.23864138617878,-65.1875
1773079212.1238217,55.65071324504951,0.06774001680740604,-7.432345383912811,0.47427952712812765,1.2384116615740932,9.896012333845949,0.0029187010589840356,0.022955206214432252,0.031634092692397225,-17.596744824451417,-39.23864138617878,-65.1875
1773079212.1383321,55.65071324504951,0.06774001680740604,-7.432345383912811,0.47427952712812765,1.2384116615740932,9.896012333845949,0.0029187010589840356,0.022955206214432252,0.031634092692397225,-17.596744824451417,-39.23864138617878,-65.1875
1773079212.1571352,55.66081533841956,0.06269242591733973,-7.436499811882898,0.4954423326577758,1.2257082993758779,9.904036476134268,0.002419104140572029,0.01291066015287881,-0.00545415391248228,-17.596744824451417,-39.23864138617878,-65.1875
1773079212.1796274,55.70537152093473,0.06640555327469586,-7.461785025556737,0.5323454597618655,1.3254656786153527,9.875925336118407,0.0007888376759274769,0.011096331011167054,-0.004363323129985824,-18.044196478007613,-38.27292946343482,-64.0
1773079212.1975214,55.69426504994772,0.08686464324429337,-7.4551959386960585,0.5276338125286109,1.2854157307801162,9.857217686459862,0.00144620378757735,0.005258924748068057,-0.008726646259971648,-18.044196478007613,-38.27292946343482,-64.0
1773079212.2115505,55.68472691524102,0.08298051727746909,-7.474568281681089,0.5395768858505632,1.3135943099755674,9.844767954590239,0.014172801263388955,0.0062844162138523335,0.001090830782496456,-18.044196478007613,-38.27292946343482,-64.0
1773079212.2340248,55.68472691524102,0.08298051727746909,-7.474568281681089,0.5395768858505632,1.3135943099755674,9.844767954590239,0.014172801263388955,0.0062844162138523335,0.001090830782496456,-18.044196478007613,-38.27292946343482,-64.0
1773079212.2598026,55.688585197955454,0.08649767142617514,-7.45546451221836,0.4913227199187257,1.2541314968743134,9.833137685396304,-0.003917899040938976,0.0022087479796754914,0.002181661564992912,-17.96434811596783,-39.39683136710772,-64.0
1773079212.2816985,55.7096801357021,0.08786707196147676,-7.455025588988437,0.48138455553005094,1.2951940297229412,9.82539787116636,0.0036286582834235063,-0.003260532929289103,0.006544984694978736,-17.96434811596783,-39.39683136710772,-64.0
1773079212.2952437,55.7096801357021,0.08786707196147676,-7.455025588988437,0.4841244191324639,1.167299527757504,9.820247111255721,-0.005364102828516326,-0.003050176768392566,0.00545415391248228,-17.96434811596783,-39.39683136710772,-64.0
1773079212.3148026,55.7096801357021,0.08786707196147676,-7.455025588988437,0.4841244191324639,1.167299527757504,9.820247111255721,-0.005364102828516326,-0.003050176768392566,0.00545415391248228,-17.96434811596783,-39.39683136710772,-64.0
1773079212.336346,55.7206703443456,0.1309673893289928,-7.502542381978962,0.5411016633465758,1.219668769048667,9.81681933807295,-0.015329764293450836,-0.01049155601230678,-0.020725784867432664,-18.32592514737727,-39.2973977190949,-64.0
1773079212.3606844,55.701471108856325,0.12563087629707226,-7.496672591637051,0.5524100500880129,1.1577586692559394,9.76770662940808,0.0009729003529946786,0.007651735404810751,0.02181661564992912,-18.32592514737727,-39.2973977190949,-64.0
1773079212.381353,55.726253970103855,0.13295604363355337,-7.492534061947267,0.5018789082199382,1.132523789108328,9.73502267041651,-0.006231825101062736,-0.006205531617233401,0.002181661564992912,-18.32592514737727,-39.2973977190949,-64.0
1773079212.4183807,55.77069805760161,0.13832305550425744,-7.5080533353358305,0.4682509977765748,1.115730258262174,9.763448536421157,0.01464610469797163,0.0038916055571096408,0.04363323129985824,-18.32592514737727,-39.2973977190949,-64.0
1773079212.4444788,55.77069805760161,0.13832305550425744,-7.5080533353358305,0.4682509977765748,1.115730258262174,9.763448536421157,0.01464610469797163,0.0038916055571096408,0.04363323129985824,-18.32592514737727,-39.2973977190949,-64.0
1773079212.4723985,55.76548384135375,0.1306604861326662,-7.5221227086945435,0.47844828352639945,1.1094730505543289,9.78236563270952,0.013699497828806284,0.008677226870595026,0.013089969389957472,-18.32592514737727,-39.2973977190949,-64.0
1773079212.4869688,55.76548384135375,0.1306604861326662,-7.5221227086945435,0.47844828352639945,1.1094730505543289,9.78236563270952,0.013699497828806284,0.008677226870595026,0.013089969389957472,-18.32592514737727,-39.2973977190949,-64.0
1773079212.5029504,55.77015075987685,0.14644212279884666,-7.519407078877968,0.4852344632817621,1.1053089487223478,9.77153896702038,-0.015408648890069772,-0.0025505798499805593,-0.01090830782496456,-19.049079210196147,-39.09853042306926,-64.0
1773079212.518406,55.80503689790577,0.14873562280509867,-7.5194136897294515,0.4897505901023611,1.1025377854692298,9.764333941946036,0.0036549517672528416,0.009176823789007034,0.037088246604879506,-19.049079210196147,-39.09853042306926,-64.0
1773079212.5333807,55.81440650218822,0.15505299389401142,-7.515445262745642,0.4522775685849626,1.1048865907444652,9.816405977268893,0.0016302664646445516,0.001814329141711753,0.006544984694978736,-19.049079210196147,-39.09853042306926,-64.0
1773079212.549105,55.81440650218822,0.15505299389401142,-7.515445262745642,0.4522775685849626,1.1048865907444652,9.816405977268893,0.0016302664646445516,0.001814329141711753,0.006544984694978736,-19.049079210196147,-39.09853042306926,-64.0
1773079212.5657523,55.850028783553974,0.14599702790564204,-7.52357539284648,0.4775749001963058,1.137735834071718,9.851059335093506,0.01830105646522447,0.013068429346116675,0.031634092692397225,-17.86491446795501,-39.03525433569828,-62.375
1773079212.5790482,55.850028783553974,0.14599702790564204,-7.52357539284648,0.4775749001963058,1.137735834071718,9.851059335093506,0.01830105646522447,0.013068429346116675,0.031634092692397225,-17.86491446795501,-39.03525433569828,-62.375
1773079212.6012177,55.87508512694696,0.149257976383996,-7.513749437199418,0.4538509074507749,1.1256495656209022,9.864085422500457,-0.014251685860007891,0.0016565599484738873,0.013089969389957472,-17.86491446795501,-39.03525433569828,-62.375
1773079212.6182823,55.91962162803825,0.1530489715491805,-7.538994777756824,0.5036992222579794,1.2175122778024599,9.83261279767102,0.004207139798454446,-0.00115696303006188,0.0272707695624114,-17.86491446795501,-39.03525433569828,-62.375
1773079212.6312044,55.92455756517493,0.16475978115602072,-7.530585078213836,0.474703632120653,1.153501340679067,9.798287670590009,-0.00794097616232622,-7.888459661893302e-05,0.007635815477475192,-19.311222593592767,-38.637519743647005,-62.75
1773079212.648533,55.92455756517493,0.16475978115602072,-7.530585078213836,0.474703632120653,1.153501340679067,9.798287670590009,-0.00794097616232622,-7.888459661893302e-05,0.007635815477475192,-19.311222593592767,-38.637519743647005,-62.75
1773079212.6633794,55.94467811883375,0.15630732288060936,-7.529165229862318,0.4736307566632323,1.1267071150055792,9.76540934683243,0.014383157424285494,0.015277177325792167,0.02945243112740431,-19.311222593592767,-38.637519743647005,-62.75
1773079212.6760924,55.94467811883375,0.15630732288060936,-7.529165229862318,0.4736307566632323,1.1267071150055792,9.76540934683243,0.014383157424285494,0.015277177325792167,0.02945243112740431,-19.311222593592767,-38.637519743647005,-62.75
1773079212.691845,55.96982676198003,0.1579608686866915,-7.52907363416717,0.4564673596744866,1.0995222688558246,9.75356452476866,-0.0033657110097373715,-0.008125038839393422,0.008726646259971648,-19.311222593592767,-38.637519743647005,-62.75
1773079212.705761,56.01445469034821,0.1609005571610302,-7.529164184027381,0.43891709725999684,1.096993490014244,9.752372151415193,-0.005732228182650729,0.003839014444320043,0.03381575425739013,-20.296520039808264,-37.977641768199106,-62.75
1773079212.7214367,56.01445469034821,0.1609005571610302,-7.529164184027381,0.43891709725999684,1.096993490014244,9.752372151415193,-0.005732228182650729,0.003839014444320043,0.03381575425739013,-20.296520039808264,-37.977641768199106,-62.75
1773079212.7428532,56.02986288196963,0.16191088072840562,-7.528979474396728,0.43699434903445944,1.130789739062204,9.751578640268143,-0.005942584343547266,-0.005153746667619789,-0.009817477042468103,-20.296520039808264,-37.977641768199106,-62.75
1773079212.775584,56.019479671737436,0.1710075420127361,-7.530484525509202,0.4647431550296415,1.145297965433123,9.76108590258584,0.009176823789007034,-0.003654951767252841,0.001090830782496456,-20.296520039808264,-37.977641768199106,-62.75
1773079212.8016264,56.01289069028755,0.18445210301616802,-7.538026360674642,0.4743398978431175,1.1226992797257151,9.770757991162508,0.0006573661116498731,-0.005837406263098997,0.022907446432425576,-19.21480219438269,-37.10835024466523,-62.0
1773079212.8221028,56.06290884654391,0.1918363459984658,-7.5434945873679125,0.4807264229828443,1.1076601068312955,9.803955551724528,-0.001525088384196283,0.002682051414258163,0.002181661564992912,-19.21480219438269,-37.10835024466523,-62.0
1773079212.8366866,56.06290884654391,0.1918363459984658,-7.5434945873679125,0.4807264229828443,1.1076601068312955,9.803955551724528,-0.001525088384196283,0.002682051414258163,0.002181661564992912,-19.21480219438269,-37.10835024466523,-62.0
1773079212.8542864,56.08814460937452,0.19190206334083687,-7.553134041248368,0.5217458520869457,1.143048858210932,9.826048157437501,0.006126647020614467,0.0017091510612634849,0.02945243112740431,-19.21480219438269,-37.10835024466523,-62.0
1773079212.8732955,56.113658422625946,0.18789583199895235,-7.557108611791597,0.5729922234636576,1.2536847973181413,9.870856545114783,0.012148115960780666,-0.001078078433442947,0.013089969389957472,-20.495387335833904,-38.700795831017984,-61.1875
1773079212.9001913,56.15828728533693,0.19084705601569815,-7.557184363299325,0.5670208374855293,1.2446615473281761,9.893985803156887,0.003944192524768311,0.010228608738620644,0.05890486225480862,-20.495387335833904,-38.700795831017984,-61.1875
1773079212.9304295,56.15828728533693,0.19084705601569815,-7.557184363299325,0.5670208374855293,1.2446615473281761,9.893985803156887,0.003944192524768311,0.010228608738620644,0.05890486225480862,-20.495387335833904,-38.700795831017984,-61.1875
1773079212.9501307,56.21795498893521,0.2004725079600562,-7.552984958274736,0.5373245917764887,1.1451208052158957,9.909378066013167,0.006126647020614467,0.0017091510612634849,0.028361600344907856,-20.495387335833904,-38.700795831017984,-61.1875
1773079212.9674234,56.21795498893521,0.2004725079600562,-7.552984958274736,0.5373245917764887,1.1451208052158957,9.909378066013167,0.006126647020614467,0.0017091510612634849,0.028361600344907856,-20.495387335833904,-38.700795831017984,-61.1875
1773079212.986916,56.295987361848,0.227726207819825,-7.571580744686604,0.524012821643872,1.0771035977627512,9.899550774757262,0.018958422576874343,0.0072310230830176766,0.03381575425739013,-19.874680169830587,-38.09364769088073,-62.0
1773079213.0095744,56.32158404944939,0.2221599391631622,-7.585298256579179,0.5426502978885483,1.1318255257028902,9.86290481683862,0.008414279596908892,-0.00231392606012376,0.018544123302439753,-19.874680169830587,-38.09364769088073,-62.0
1773079213.0336587,56.33076312836147,0.2309826442205733,-7.596697384647792,0.5099787134045884,1.2188001025049213,9.86862334657181,-0.012726597475811606,-0.001025491465784276,0.001090830782496456,-19.874680169830587,-38.09364769088073,-62.0
1773079213.0592341,56.40509631528564,0.252947230215752,-7.584081602853996,0.4784793835339968,1.2412015886782686,9.885809411058363,-0.008230216919841691,-0.0011306695462325448,0.050178215994836975,-21.519855591493982,-38.41906716164833,-60.5
1773079213.156592,56.449648998562296,0.2574705640243007,-7.574379440557852,0.4435671925493959,1.1801519508988476,9.897246544993244,-0.017038915354714322,-0.004364908991692312,0.003272492347489368,-21.519855591493982,-38.41906716164833,-60.5
1773079213.228335,56.59631214319186,0.3321162169054071,-7.543937115114345,0.4314610632394008,1.1295254382270945,9.904857829865751,0.002971292171773633,0.0025768733338098946,0.038179077387375956,-21.602716964838,-38.720381354489525,-60.0
1773079213.2703094,56.65546935540612,0.32211112757151666,-7.632113830807102,0.4251785249382932,1.1022848092371942,9.846365932485712,0.02277114353736505,0.0005258945473722696,-0.00545415391248228,-21.602716964838,-38.720381354489525,-60.0
1773079213.3118782,56.77106001931601,0.3112941777173018,-7.654065765668253,0.36882712706744114,1.1089112213522392,9.807440228176603,-0.004601558636418185,-0.0043912024755216475,0.04908738521234052,-22.866730069118923,-37.65975553818761,-60.75
1773079213.3366659,56.77106001931601,0.3112941777173018,-7.654065765668253,0.36882712706744114,1.1089112213522392,9.807440228176603,-0.004601558636418185,-0.0043912024755216475,0.04908738521234052,-22.866730069118923,-37.65975553818761,-60.75
1773079213.3584695,56.77106001931601,0.3112941777173018,-7.654065765668253,0.36882712706744114,1.1089112213522392,9.807440228176603,-0.004601558636418185,-0.0043912024755216475,0.04908738521234052,-22.866730069118923,-37.65975553818761,-60.75
1773079213.405961,56.792443326228835,0.3090583467878036,-7.613031702752861,0.34906545647443743,1.1778285211724213,9.781535606787498,-0.02671534020726429,0.03449854303122172,0.015271630954950384,-22.866730069118923,-37.65975553818761,-60.75
1773079213.4315968,56.91903857800786,0.278954691311256,-7.66693413520998,0.49557033312569254,1.2491726894774497,9.791057264285186,0.035997337931588665,0.01159593207470999,0.04036073895236887,-22.384627360573003,-37.79233373553804,-61.1875
1773079213.457601,56.990053170846764,0.26564233659371284,-7.65403940595892,0.5753281367667097,1.232143939938373,9.797393820986015,-0.02140382434640663,0.01267400636302201,0.022907446432425576,-22.384627360573003,-37.79233373553804,-61.1875
1773079213.4873667,56.990053170846764,0.26564233659371284,-7.65403940595892,0.5753281367667097,1.232143939938373,9.797393820986015,-0.02140382434640663,0.01267400636302201,0.022907446432425576,-22.384627360573003,-37.79233373553804,-61.1875
1773079213.5119946,57.04984883157882,0.27418362811072805,-7.624593066248826,0.49463364596508996,1.226375256530134,9.80161072868644,-0.017880344143431398,0.00491709287776299,0.03599741582238305,-22.384627360573003,-37.79233373553804,-61.1875
1773079213.5274467,57.17056071937613,0.27242507612897066,-7.62270413540973,0.44093236375313766,1.2225362621623672,9.827832815606362,0.013594319748358017,0.004180846314625111,0.07963064712224129,-22.566922381929835,-38.45522495978867,-60.375
1773079213.5477698,57.21514761071211,0.27504858187776826,-7.657612483918257,0.44204467187593444,1.164746915115558,9.845283321531667,0.019011013689663937,-0.013147309797604681,0.025089107997418487,-22.566922381929835,-38.45522495978867,-60.375
1773079213.5773714,57.243401326034416,0.2905585056322837,-7.699850203944658,0.49511660106858524,1.1778141165937015,9.820100209509521,0.031106538537655014,0.0061529446495747295,0.032724923474893676,-22.566922381929835,-38.45522495978867,-60.375
1773079213.594076,57.243401326034416,0.2905585056322837,-7.699850203944658,0.49511660106858524,1.1778141165937015,9.820100209509521,0.031106538537655014,0.0061529446495747295,0.032724923474893676,-22.566922381929835,-38.45522495978867,-60.375
1773079213.6079443,57.28775545678711,0.29770119159666114,-7.705481764691324,0.5135827996504958,1.1252280714566822,9.803341129772576,-0.008992761111939833,0.00021035616089653712,0.026179938779914945,-23.229813606180475,-38.27292993843184,-59.1875
1773079213.622455,57.35303418090422,0.3077287608536146,-7.700837650975345,0.43935116969190824,1.1036179431204807,9.792188149418827,0.0035497736868045733,0.004680443233037118,0.06981317007977318,-23.229813606180475,-38.27292993843184,-59.1875
1773079213.6386995,57.35303418090422,0.3077287608536146,-7.700837650975345,0.43935116969190824,1.1036179431204807,9.792188149418827,0.0035497736868045733,0.004680443233037118,0.06981317007977318,-23.229813606180475,-38.27292993843184,-59.1875
1773079213.6579611,57.40677821778422,0.32115669984543455,-7.7023889811948445,0.3899508491761078,1.0892366441136894,9.801491524116956,-0.008151332323222757,-0.009071645708558765,0.037088246604879506,-23.229813606180475,-38.27292993843184,-59.1875
1773079213.6777008,57.44144611560354,0.32617103057103025,-7.717685131810437,0.42803373394802363,1.0601525395502487,9.807682816053058,0.010991152930718786,-0.005285218231897393,0.016362461737446838,-23.565779091509906,-36.43039372639492,-60.375
1773079213.6985812,57.45105155069145,0.3280241628385369,-7.742889401961963,0.469343068033356,1.0988541397755587,9.808457939967951,0.009834189900656905,-0.00949235803035184,0.006544984694978736,-23.565779091509906,-36.43039372639492,-60.375
1773079213.7144668,57.45105155069145,0.3280241628385369,-7.742889401961963,0.469343068033356,1.0988541397755587,9.808457939967951,0.009834189900656905,-0.00949235803035184,0.006544984694978736,-23.565779091509906,-36.43039372639492,-60.375
1773079213.733874,57.5208321925592,0.3327478107969659,-7.742724378125326,0.40958758627912156,1.072277909126731,9.80897377627461,-0.00018406267706720146,0.003444595606356305,0.04254240051736178,-23.565779091509906,-36.43039372639492,-60.375
1773079213.750226,57.570657453679594,0.3432191017642065,-7.728506664462967,0.3893344914082043,1.1255499707433274,9.812662171281744,-0.010228608738620644,0.003944192524768311,0.039269908169872414,-23.502503004138926,-37.614558468636055,-60.75
1773079213.7688937,57.570657453679594,0.3432191017642065,-7.728506664462967,0.3893344914082043,1.1255499707433274,9.812662171281744,-0.010228608738620644,0.003944192524768311,0.039269908169872414,-23.502503004138926,-37.614558468636055,-60.75
1773079213.7880971,57.62470204588656,0.3525142479024374,-7.724406069399956,0.4412507573531806,1.1464877522865384,9.815116756956918,0.01638154924306445,0.01020231525479131,0.05235987755982989,-23.502503004138926,-37.614558468636055,-60.75
1773079213.8018415,57.664904990951506,0.3593877325146659,-7.729624361057004,0.48112231895797875,1.1797738609870485,9.816750256304228,0.007651735404810751,-0.0009729003529946785,0.0272707695624114,-23.502503004138926,-37.614558468636055,-60.75
1773079213.8169339,57.71895250344526,0.368680423870116,-7.725508560213694,0.48943303193444004,1.18612105656393,9.81449222016516,0.004312317878902715,0.003339417525908036,0.030543261909900768,-23.502503004138926,-37.614558468636055,-60.75
1773079213.829901,57.71895250344526,0.368680423870116,-7.725508560213694,0.48943303193444004,1.18612105656393,9.81449222016516,0.004312317878902715,0.003339417525908036,0.030543261909900768,-23.502503004138926,-37.614558468636055,-60.75
1773079213.8437183,57.7882023332713,0.3802616818933129,-7.746279112434947,0.5139934186342686,1.3100064492013503,9.823024857460485,0.003260532929289103,0.003628658283423506,0.050178215994836975,-23.502503004138926,-37.614558468636055,-60.75
1773079213.8573272,57.81260084895543,0.3931656020984855,-7.7377918025090855,0.47623243825425865,1.1957029295435861,9.815322785435443,-0.008019860758945153,0.007862091565707286,0.0272707695624114,-23.502503004138926,-37.614558468636055,-60.75
1773079213.8702106,57.81260084895543,0.3931656020984855,-7.7377918025090855,0.47623243825425865,1.1957029295435861,9.815322785435443,-0.008019860758945153,0.007862091565707286,0.0272707695624114,-23.502503004138926,-37.614558468636055,-60.75
1773079213.8830512,57.86285690204522,0.39655528700293335,-7.73744545986686,0.4807763735134497,1.139229368375828,9.81019714254056,0.010912268334099855,0.0026557579304288276,0.04799655442984406,-24.410965337117382,-36.91098992928872,-60.375
1773079213.8955638,57.88762009308125,0.40385060720820876,-7.73310886676737,0.47404355630733,1.066167721150977,9.769989855670683,-0.0003681253541344029,0.00688919121271261,0.014180800172453928,-24.410965337117382,-36.91098992928872,-60.375
1773079213.9149778,57.91691055283799,0.4058455066053875,-7.733296337266295,0.4244076940615081,1.0299636997174968,9.743232355403604,-0.00707325388977981,0.0030764702522219013,0.030543261909900768,-24.410965337117382,-36.91098992928872,-60.375
1773079213.9423993,57.91691055283799,0.4058455066053875,-7.733296337266295,0.4244076940615081,1.0299636997174968,9.743232355403604,-0.00707325388977981,0.0030764702522219013,0.030543261909900768,-24.410965337117382,-36.91098992928872,-60.375
1773079213.9914331,58.01145747813748,0.4178525224672903,-7.728717099136544,0.39137558220582525,1.0058703278789343,9.718735314462087,-0.0036549517672528416,-0.009176823789007034,0.02945243112740431,-25.349558970630703,-37.4955395346502,-59.5625
1773079214.0249958,58.116434855991784,0.42075030882617087,-7.7227579017511045,0.3552014365957845,0.9382304607973742,9.68570724882879,-0.01348914166790975,0.00031553424134480543,0.03490658503988659,-25.349558970630703,-37.4955395346502,-59.5625
1773079214.0475392,58.22044622534338,0.4375832185229661,-7.723792682959815,0.43321103279164375,1.1635032980517666,9.663727440097496,-0.006810306616093676,-0.008309101516460624,0.055632369907319255,-22.405720102192184,-29.619186462531694,-61.1875
1773079214.0777946,58.22044622534338,0.4375832185229661,-7.723792682959815,0.43321103279164375,1.1635032980517666,9.663727440097496,-0.006810306616093676,-0.008309101516460624,0.055632369907319255,-22.405720102192184,-29.619186462531694,-61.1875
1773079214.0945318,58.33939632544537,0.4624281741804529,-7.710594514160643,0.46577331137319683,1.1799699728221775,9.669170793161289,0.01693373727426605,-0.00013147156427760322,0.05781403147231216,-22.405720102192184,-29.619186462531694,-61.1875
1773079214.1086283,58.34855530788979,0.47146147124939425,-7.72181805664358,0.48744314402473515,1.1909283609370762,9.743040629672711,-0.00462785212024752,-0.016828559193817785,0.004363323129985824,-22.405720102192184,-29.619186462531694,-61.1875
1773079214.1259196,58.34855530788979,0.47146147124939425,-7.72181805664358,0.48744314402473515,1.1909283609370762,9.743040629672711,-0.00462785212024752,-0.016828559193817785,0.004363323129985824,-22.405720102192184,-29.619186462531694,-61.1875
1773079214.141445,58.427443807646284,0.4866057113842331,-7.722974896164695,0.46985233263335374,1.1827392440929776,9.792200180690921,0.00967642070741904,0.006389594294300602,0.04363323129985824,-25.85727346275514,-36.513255337237446,-59.5625
1773079214.1636884,58.472055070558746,0.4910152977299951,-7.713105665977662,0.4324234891092799,1.0837536082713937,9.824915312745373,-0.017512218789296992,-0.0019720983349496204,0.03490658503988659,-25.85727346275514,-36.513255337237446,-59.5625
1773079214.211582,58.582566792117134,0.4956121656103745,-7.696988829931973,0.4622657403577068,1.1034328435727387,9.843341755968321,0.008729813838253697,0.011175215607785989,0.04690572364734761,-25.349558970630703,-37.4955395346502,-58.0
1773079214.225873,58.59203226373447,0.500471972428511,-7.702614836052285,0.4776905364028237,1.1004022806894482,9.855604348096335,0.014172801263388955,0.0062844162138523335,0.019634954084936207,-25.349558970630703,-37.4955395346502,-58.0
1773079214.2477272,58.59203226373447,0.500471972428511,-7.702614836052285,0.4776905364028237,1.1004022806894482,9.855604348096335,0.014172801263388955,0.0062844162138523335,0.019634954084936207,-25.349558970630703,-37.4955395346502,-58.0
1773079214.2916594,58.63776955114776,0.48676288991580385,-7.715103028422426,0.5042436890483252,1.309002447462867,9.820278513980247,0.015513826970518039,0.007046960405950474,0.04254240051736178,-25.349558970630703,-37.4955395346502,-58.0
1773079214.323785,58.782050062833,0.5117536095900986,-7.6764338088088815,0.49441820495003896,1.3478369085358168,9.796769565991413,-0.006126647020614467,-0.0017091510612634849,0.019634954084936207,-26.69643344825564,-36.73622791118948,-59.5625
1773079214.347603,58.82671759148309,0.5147557130363877,-7.676315850100895,0.4814287053825292,1.3754547640908792,9.817920852497513,0.011096331011167054,-0.0007888376759274769,0.04036073895236887,-26.69643344825564,-36.73622791118948,-59.5625
1773079214.3827314,58.90592529741158,0.5256619658900893,-7.671814901790573,0.47834811042033404,1.3888348081017687,9.831996797391971,-0.010623027576584385,-0.0016039729808152163,0.044724062082354694,-26.69643344825564,-36.73622791118948,-59.5625
1773079214.3977125,58.90592529741158,0.5256619658900893,-7.671814901790573,0.47834811042033404,1.3888348081017687,9.831996797391971,-0.010623027576584385,-0.0016039729808152163,0.044724062082354694,-26.69643344825564,-36.73622791118948,-59.5625
1773079214.4123833,59.00932345784874,0.5508878687574138,-7.683759859963319,0.4762980088854937,1.3977390779261307,9.841364181480627,-0.010333786819068914,-0.0005521880312016049,0.05890486225480862,-26.978162117625295,-37.76069616684956,-59.1875
1773079214.428122,59.05880651671037,0.5667020445221254,-7.665094546172964,0.5007366878469895,1.3965689479455567,9.817492065585215,-0.010991152930718786,0.005285218231897393,0.025089107997418487,-26.978162117625295,-37.76069616684956,-59.1875
1773079214.4423242,59.05880651671037,0.5667020445221254,-7.665094546172964,0.5007366878469895,1.3965689479455567,9.817492065585215,-0.010991152930718786,0.005285218231897393,0.025089107997418487,-26.978162117625295,-37.76069616684956,-59.1875
1773079214.4701035,59.1073877897676,0.5742319337614903,-7.670856263793086,0.48063426753037214,1.2635498715267315,9.825021221077062,0.0036549517672528416,0.009176823789007034,0.05126904677733343,-26.978162117625295,-37.76069616684956,-59.1875
1773079214.491031,59.19219784572979,0.5841463617513247,-7.675755272487108,0.43177720824969057,1.1847839174524772,9.83003178995071,-0.00144620378757735,-0.005258924748068057,0.04363323129985824,-27.303581588392895,-36.11552074518617,-58.375
1773079214.5050848,59.2955488428208,0.6107240155998916,-7.677803683479637,0.4036982698684316,1.1484929290342933,9.880197831466871,0.0038390144443200434,0.005732228182650729,0.05999569303730508,-27.303581588392895,-36.11552074518617,-58.375
1773079214.5239837,59.2955488428208,0.6107240155998916,-7.677803683479637,0.4036982698684316,1.1484929290342933,9.880197831466871,0.0038390144443200434,0.005732228182650729,0.05999569303730508,-27.303581588392895,-36.11552074518617,-58.375
1773079214.5379303,59.35003909904565,0.6130752906048526,-7.687450740915434,0.3753359255510734,1.1270026149194485,9.913582771704474,-0.006231825101062736,-0.006205531617233401,0.04145156973486533,-27.303581588392895,-36.11552074518617,-58.375
1773079214.5575154,59.4048096469073,0.6125105860265908,-7.681767356850473,0.45265789284549146,1.2354265689011492,9.935800076498381,0.017065208838543656,0.01680226570998845,0.050178215994836975,-27.601882532431354,-37.200251839414484,-58.375
1773079214.576672,59.43875774500392,0.6275630085712279,-7.698193968348505,0.47040964344994907,1.1850172556000076,9.9037538807527,0.004785621313485386,0.000946606869165343,0.013089969389957472,-27.601882532431354,-37.200251839414484,-58.375
1773079214.5898128,59.43875774500392,0.6275630085712279,-7.698193968348505,0.47040964344994907,1.1850172556000076,9.9037538807527,0.004785621313485386,0.000946606869165343,0.013089969389957472,-27.601882532431354,-37.200251839414484,-58.375
1773079214.6038442,59.48929177836255,0.6266838844609363,-7.692154932550015,0.4822232351771681,1.1514704207070239,9.835595931560938,-0.00457526515258885,0.00804615424277449,0.038179077387375956,-27.601882532431354,-37.200251839414484,-58.375
1773079214.617669,59.48929177836255,0.6266838844609363,-7.692154932550015,0.4822232351771681,1.1514704207070239,9.835595931560938,-0.00457526515258885,0.00804615424277449,0.038179077387375956,-27.601882532431354,-37.200251839414484,-58.375
1773079214.6335223,59.544132983940166,0.6235177947074673,-7.706033037800855,0.490085048505166,1.1291453768284432,9.837069141650472,0.006231825101062736,0.006205531617233401,0.032724923474893676,-27.05801047966508,-36.63679426317666,-59.5625
1773079214.6559746,59.63348405280311,0.6295451158756795,-7.705668165096529,0.4782225146725769,1.0773577670870012,9.8514299933375,0.008151332323222757,0.009071645708558765,0.06654067773228381,-27.05801047966508,-36.63679426317666,-59.5625
1773079214.6763396,59.63348405280311,0.6295451158756795,-7.705668165096529,0.4782225146725769,1.0773577670870012,9.8514299933375,0.008151332323222757,0.009071645708558765,0.06654067773228381,-27.05801047966508,-36.63679426317666,-59.5625
1773079214.697097,59.687596975972326,0.638760293852478,-7.7012650656691894,0.5175798575466072,1.189486977922044,9.87771253825059,0.0013410257071290814,0.0007625441920981415,0.002181661564992912,-27.820335351928538,-36.816076273229264,-58.75
1773079214.7176442,59.73815800149377,0.6365870711752138,-7.705008543141062,0.5000679139932522,1.1304159278708406,9.87847771975839,0.010938561817929189,0.015093114648724964,0.05672320068981571,-27.820335351928538,-36.816076273229264,-58.75
1773079214.7361772,59.79780479709054,0.646146120035279,-7.700276086055647,0.4917199168838009,1.1283578825677205,9.902402721455429,-0.00678401313226434,0.004128255201835513,0.032724923474893676,-27.820335351928538,-36.816076273229264,-58.75
1773079214.7570426,59.79780479709054,0.646146120035279,-7.700276086055647,0.4917199168838009,1.1283578825677205,9.902402721455429,-0.00678401313226434,0.004128255201835513,0.032724923474893676,-27.820335351928538,-36.816076273229264,-58.75
1773079214.7754009,59.86173745186315,0.6547464513186846,-7.705668464693645,0.4749562433900646,1.098846880707779,9.891563649166473,-0.004207139798454446,0.00115696303006188,0.04690572364734761,-27.820335351928538,-36.816076273229264,-59.1875
1773079214.789546,59.921411969172155,0.6630339942043361,-7.710703826223811,0.47500838061312034,1.1073490343300663,9.894385702760502,0.0004733034345826715,-0.002392810656742693,0.03490658503988659,-27.820335351928538,-36.816076273229264,-59.1875
1773079214.8024187,59.94064016584328,0.6698939338105175,-7.706498998422693,0.5011686121962134,1.1196997775850273,9.886228412780966,0.010728205657032652,0.006100353536785132,0.015271630954950384,-27.820335351928538,-36.816076273229264,-59.1875
1773079214.8166413,59.94064016584328,0.6698939338105175,-7.706498998422693,0.5011686121962134,1.1196997775850273,9.886228412780966,0.010728205657032652,0.006100353536785132,0.015271630954950384,-27.820335351928538,-36.816076273229264,-59.1875
1773079214.845122,59.974863958943345,0.6820285933532583,-7.707524069486286,0.5221258651265652,1.1408205585702607,9.79382692303218,0.006126647020614467,0.0017091510612634849,0.03490658503988659,-29.589049699531152,-35.94075872708692,-59.1875
1773079214.8910134,60.05443342332243,0.6873895414146779,-7.707065413762623,0.5163978976582485,1.146409591866374,9.732334763796635,-0.00515374666761979,0.005942584343547266,0.04363323129985824,-29.589049699531152,-35.94075872708692,-59.1875
1773079214.9245744,60.15776830745907,0.7140084816187703,-7.708820246692706,0.5111345799850671,1.1574667585094784,9.701447753859766,0.008992761111939833,-0.00021035616089653712,0.038179077387375956,-28.769475237502196,-34.61045652413079,-58.375
1773079214.946251,60.20214729641315,0.720053496507816,-7.72389512030244,0.48553808773916973,1.1223308650687276,9.734414581094398,0.007257316566847013,-0.006521065858578206,0.014180800172453928,-28.769475237502196,-34.61045652413079,-58.375
1773079214.9673567,60.20214729641315,0.720053496507816,-7.72389512030244,0.48553808773916973,1.1223308650687276,9.734414581094398,0.007257316566847013,-0.006521065858578206,0.014180800172453928,-28.769475237502196,-34.61045652413079,-58.375
1773079214.985696,60.291162261154994,0.7316066440282117,-7.719142388000221,0.47914764120329156,1.1376528184252512,9.759698748062775,-0.006678835051816072,0.00862463575780543,0.05345070834232634,-29.37361012883671,-35.15734182569981,-58.75
1773079214.9996436,60.345655570459996,0.7340625703376333,-7.728711822558887,0.4713469593788922,1.1349479079106852,9.779870190444898,0.007546557324362482,-0.0054692809089645945,0.019634954084936207,-29.37361012883671,-35.15734182569981,-58.75
1773079215.0130837,60.37075155597082,0.7357457808240842,-7.728427077459543,0.46615569276408003,1.133147820179072,9.799984283435064,0.00996566146493451,0.007441379243914213,0.044724062082354694,-29.37361012883671,-35.15734182569981,-58.75
1773079215.0349197,60.37075155597082,0.7357457808240842,-7.728427077459543,0.46615569276408003,1.133147820179072,9.799984283435064,0.00996566146493451,0.007441379243914213,0.044724062082354694,-29.37361012883671,-35.15734182569981,-58.75
1773079215.0571134,60.42558985820699,0.7327047056995495,-7.74227744715257,0.4788278369670436,1.1275149931010584,9.813369987630878,0.01262141939536334,-0.00347088909018564,0.018544123302439753,-28.93821099549446,-36.63830100632729,-58.75
1773079215.0847664,60.49500160642778,0.744140774755464,-7.727661762699237,0.4640383111506412,1.1023982997725665,9.82227802424508,0.0013410257071290814,0.0007625441920981415,0.04690572364734761,-28.93821099549446,-36.63830100632729,-58.75
1773079215.1010716,60.53966563332412,0.7483760478374002,-7.71761409537962,0.515155619757065,1.1938141149357322,9.801445329443986,-0.01435686394045616,-0.0028398206074960295,0.01090830782496456,-28.93821099549446,-36.63830100632729,-58.75
1773079215.1157942,60.58038179460921,0.7467759583442465,-7.7115124835574,0.456444107173047,1.1066862436992855,9.767510733526391,-0.0036286582834235063,0.003260532929289103,0.030543261909900768,-30.169079550437775,-35.45714951288889,-58.0
1773079215.1384182,60.58038179460921,0.7467759583442465,-7.7115124835574,0.456444107173047,1.1066862436992855,9.767510733526391,-0.0036286582834235063,0.003260532929289103,0.030543261909900768,-30.169079550437775,-35.45714951288889,-58.0
1773079215.186838,60.593524302742686,0.7582271455893284,-7.747970025391402,0.5133271366717677,1.1957807159593068,9.751617862432145,0.02008909212310689,-0.0009991938368240135,-0.001090830782496456,-30.169079550437775,-35.45714951288889,-58.0
1773079215.228013,60.69819922307579,0.7640987269104186,-7.756928890232665,0.5155417597978167,1.3273204830823795,9.741041334253927,0.015119408132554302,0.0014987949003669471,0.06326818538479445,-30.64967551583307,-37.20477183136785,-58.75
1773079215.2491996,60.781079116378955,0.782722786211631,-7.773208913769787,0.59894008232066,1.4478381930070285,9.770799001679396,0.0037338363638717747,0.001235847626680813,0.019634954084936207,-30.64967551583307,-37.20477183136785,-58.75
1773079215.2746937,60.761829949378885,0.7758800254315977,-7.777481397820782,0.5963839874177629,1.5440069823741704,9.790602396936121,-0.0019983918187789548,0.0050748620710008565,-0.007635815477475192,-30.268513198450595,-35.81872654429833,-58.375
1773079215.3006873,60.79055941539135,0.7865050717850857,-7.7885147004204445,0.5246116917587667,1.3532016259332373,9.790400888431774,0.003339417525908036,-0.004312317878902715,0.0272707695624114,-30.268513198450595,-35.81872654429833,-58.375
1773079215.3141057,60.79055941539135,0.7865050717850857,-7.7885147004204445,0.5246116917587667,1.3532016259332373,9.790400888431774,0.003339417525908036,-0.004312317878902715,0.0272707695624114,-30.268513198450595,-35.81872654429833,-58.375
1773079215.3296452,60.8352161890977,0.7919277946759348,-7.768642450613388,0.45564119537745856,1.1869538531611679,9.79026678677313,-0.013121016313775343,-0.006573656971367804,0.032724923474893676,-30.268513198450595,-35.81872654429833,-58.375
1773079215.355901,60.870458258303124,0.7876132411947617,-7.782453121622559,0.4212728113690222,1.1182476902673313,9.790177543617315,0.00018406267706720146,-0.003444595606356305,0.026179938779914945,-31.615387676075535,-35.05941492083761,-57.1875
1773079215.3813286,60.85054538307892,0.7893806690061933,-7.7977166511292735,0.42323641301657655,1.1628350015709024,9.790118153294031,0.01193775979988413,-0.01007083954538278,-0.013089969389957472,-31.615387676075535,-35.05941492083761,-57.1875
1773079215.4058838,60.85054538307892,0.7893806690061933,-7.7977166511292735,0.42323641301657655,1.1628350015709024,9.790118153294031,0.01193775979988413,-0.01007083954538278,-0.013089969389957472,-31.615387676075535,-35.05941492083761,-57.1875
1773079215.4234614,60.880282331850424,0.785917174645422,-7.802061744679475,0.41164166866225754,1.1960552702112641,9.716486172136293,0.00231392606012376,0.008414279596908892,0.019634954084936207,-31.499381753393912,-34.63757505085993,-58.0
1773079215.4391177,60.96018094654004,0.7870300415472157,-7.795999715494806,0.39102399650034064,1.2217108989374466,9.741077368759967,0.006626243939026475,0.011753697122816929,0.06654067773228381,-31.499381753393912,-34.63757505085993,-58.0
1773079215.4562473,60.96018094654004,0.7870300415472157,-7.795999715494806,0.39102399650034064,1.2217108989374466,9.741077368759967,0.006626243939026475,0.011753697122816929,0.06654067773228381,-31.499381753393912,-34.63757505085993,-58.0
1773079215.495187,61.00969780885208,0.7978701120824927,-7.816157514455041,0.3693203661494141,1.2097560598017978,9.750752311996719,0.017696281466364195,-0.0014724972714066854,0.037088246604879506,-32.73928957974843,-35.139263282877394,-58.0
1773079215.5240104,60.99476986483797,0.7901858653995728,-7.830588633792724,0.39833876555669046,1.2210718660000703,9.757190878644579,0.010728205657032652,0.006100353536785132,-0.011999138607461015,-32.73928957974843,-35.139263282877394,-58.0
1773079215.5421102,61.02415399723144,0.7933949677796932,-7.820826715554443,0.43184183036842255,1.2802084058827778,9.761475672825227,-0.00086772227254641,-0.003155354848840835,0.0545415391248228,-32.73928957974843,-35.139263282877394,-58.0
1773079215.5573936,61.067824958066915,0.8105647164708298,-7.827194607008578,0.4541377457468741,1.3195631125762848,9.754291820366205,-0.010228608738620644,0.003944192524768311,0.017453292519943295,-31.714821324088355,-35.42099195224705,-58.375
1773079215.5786934,61.07228661960381,0.8261910879811032,-7.823714444798218,0.4662338642138818,1.297937049373736,9.749511046803615,0.001603972980815216,-0.010623027576584383,0.001090830782496456,-31.714821324088355,-35.42099195224705,-58.375
1773079215.5920067,61.07228661960381,0.8261910879811032,-7.823714444798218,0.4662338642138818,1.297937049373736,9.749511046803615,0.001603972980815216,-0.010623027576584383,0.001090830782496456,-31.714821324088355,-35.42099195224705,-58.375
1773079215.6058338,61.09120696892474,0.837346677400369,-7.824899738874143,0.47428369593117853,1.283545145891395,9.74632949540245,-0.007020662776990214,-0.017301862628400458,0.026179938779914945,-31.714821324088355,-35.42099195224705,-58.375
1773079215.624661,61.075923195643234,0.836324633377051,-7.825227123904976,0.48109218832513306,1.266629767473859,9.740867096777915,-0.00862463575780543,-0.006678835051816072,-0.001090830782496456,-33.040603772589634,-35.05640190953338,-58.0
1773079215.6426585,61.075923195643234,0.836324633377051,-7.825227123904976,0.48109218832513306,1.266629767473859,9.740867096777915,-0.00862463575780543,-0.006678835051816072,-0.001090830782496456,-33.040603772589634,-35.05640190953338,-58.0
1773079215.6639662,61.126089452838336,0.8397258943910839,-7.824587322077793,0.4951380139828366,1.3152034745360597,9.767337936878151,0.004391202475521647,-0.004601558636418185,0.05126904677733343,-33.040603772589634,-35.05640190953338,-58.0
1773079215.691618,61.15082853484227,0.846906950817934,-7.819947558850664,0.4949705040305148,1.2876980315401805,9.761538203314965,-0.007257316566847013,0.006521065858578206,0.015271630954950384,-33.040603772589634,-35.05640190953338,-58.0
1773079215.7218652,61.17956262698284,0.8564214547762325,-7.840728428260136,0.5499322927463367,1.3687350137570424,9.787784550781808,0.004207139798454446,-0.00115696303006188,0.002181661564992912,-32.493718471020614,-35.660536800867895,-58.75
1773079215.7383053,61.17956262698284,0.8564214547762325,-7.840728428260136,0.5499322927463367,1.3687350137570424,9.787784550781808,0.004207139798454446,-0.00115696303006188,0.002181661564992912,-32.493718471020614,-35.660536800867895,-58.75
1773079215.7578218,61.234726181469135,0.8503655036302484,-7.839263491181235,0.5483687054853775,1.2839731025340473,9.775145196464205,0.0010780784334429468,0.012148115960780666,0.06435901616729091,-32.493718471020614,-35.660536800867895,-58.75
1773079215.779761,61.28488025898376,0.8549224880571561,-7.828810974957057,0.5537789052875727,1.225791041947364,9.776769182478636,-0.004101961718006177,0.005653343586031796,0.013089969389957472,-33.57844956524893,-35.362235856829436,-58.75
1773079215.7926853,61.28488025898376,0.8549224880571561,-7.828810974957057,0.5537789052875727,1.225791041947364,9.776769182478636,-0.004101961718006177,0.005653343586031796,0.013089969389957472,-33.57844956524893,-35.362235856829436,-58.75
1773079215.8074913,61.30482589405022,0.8508058491442118,-7.833147487318587,0.5799569566228645,1.1808626862418379,9.774504815322809,0.013883560505873485,0.005232631264238722,0.007635815477475192,-33.57844956524893,-35.362235856829436,-58.75
1773079215.8245344,61.26596337946148,0.8426116052833311,-7.837448376814743,0.6168916680825643,1.2219216136398712,9.776343015982564,0.008703520354424362,-0.0012621411105101486,-0.04363323129985824,-33.57844956524893,-35.362235856829436,-58.75
1773079215.839368,61.26596337946148,0.8426116052833311,-7.837448376814743,0.6168916680825643,1.2219216136398712,9.776343015982564,0.008703520354424362,-0.0012621411105101486,-0.04363323129985824,-33.57844956524893,-35.362235856829436,-58.75
1773079215.8724272,61.285572055935006,0.8428202906777911,-7.84726251239144,0.5513029022965653,1.1995842437848274,9.805129485472287,-0.008125038839393422,0.0033657110097373715,0.013089969389957472,-34.18559770538619,-34.741528690826115,-59.1875
1773079215.8946824,61.285572055935006,0.8428202906777911,-7.84726251239144,0.5513029022965653,1.1995842437848274,9.805129485472287,-0.008125038839393422,0.0033657110097373715,0.013089969389957472,-34.18559770538619,-34.741528690826115,-59.1875
1773079215.9125388,61.3149892971214,0.8425654213307044,-7.866884899545521,0.5020290914925654,1.1635836165639961,9.816794062110977,0.018564003738910605,0.0016828575774341492,0.019634954084936207,-34.18559770538619,-34.741528690826115,-59.1875
1773079215.9329002,61.3149892971214,0.8425654213307044,-7.866884899545521,0.5020290914925654,1.1635836165639961,9.816794062110977,0.018564003738910605,0.0016828575774341492,0.019634954084936207,-34.18559770538619,-34.741528690826115,-59.1875
1773079215.9491816,61.31533398164204,0.8370909884914746,-7.871211421266052,0.515683313279733,1.18236182096364,9.827901819269487,0.005180040151449125,0.006494772374748871,-0.002181661564992912,-34.66920691958422,-35.32155854173274,-58.0
1773079215.9973276,61.325128744662145,0.8389211644099113,-7.8614166582459655,0.5247700453514418,1.1948585062253152,9.852019466113294,-0.01406762318294069,-0.0017880356578824173,0.002181661564992912,-34.66920691958422,-35.32155854173274,-58.0
1773079216.0114105,61.325128744662145,0.8389211644099113,-7.8614166582459655,0.5247700453514418,1.1948585062253152,9.852019466113294,-0.01406762318294069,-0.0017880356578824173,0.002181661564992912,-34.66920691958422,-35.32155854173274,-58.0
1773079216.033977,61.35020670907575,0.8406290199901882,-7.861092223269941,0.527591789210741,1.2040618884300234,9.86806949067608,0.01280548207243054,-0.006915484696541945,-0.002181661564992912,-35.57164299245571,-34.36036637344364,-57.5625
1773079216.0543153,61.40603953619425,0.8270600928051384,-7.83889803736546,0.5525310499929553,1.2940463820320827,9.848644597366217,0.017722574950193533,0.010964859446889451,0.032724923474893676,-35.57164299245571,-34.36036637344364,-57.5625
1773079216.115038,61.431116516465764,0.828763020035172,-7.838575394167548,0.5691278494537221,1.3539300573315964,9.802266430785586,-0.0011306695462325448,0.008230216919841691,0.0272707695624114,-35.38633472229613,-34.86506761676534,-57.6875
1773079216.1381538,61.431116516465764,0.828763020035172,-7.838575394167548,0.5691278494537221,1.3539300573315964,9.802266430785586,-0.0011306695462325448,0.008230216919841691,0.0272707695624114,-35.38633472229613,-34.86506761676534,-57.6875
1773079216.163197,61.425996604052145,0.8218103516903442,-7.853047149172067,0.525583380051898,1.2457372683778667,9.771402279004242,-0.0038390144443200434,-0.005732228182650729,-0.00545415391248228,-35.38633472229613,-34.86506761676534,-57.6875
1773079216.2260258,61.39627513715342,0.8206735839633512,-7.887902658689246,0.4724147172269414,1.1110026348626778,9.750862530768924,0.012148115960780666,-0.001078078433442947,-0.004363323129985824,-36.04922594654677,-34.6827725954085,-58.0
1773079216.2476606,61.3613884832123,0.819420033655713,-7.878413528994748,0.4338061912208381,1.0222252191029777,9.804095791908729,-0.019720966768972486,-0.005889997375888595,-0.16580627893946132,-36.04922594654677,-34.6827725954085,-58.0
1773079216.330823,61.30040225702686,0.8305883139359322,-7.8758679705641335,0.3887603994754228,0.9684667071847176,9.745858804737836,-0.004838208281144058,-0.02582132030575762,-0.04145156973486533,-36.471065816524444,-34.56676667272688,-58.0
1773079216.371742,61.33495879284899,0.8350162704798066,-7.900630526009516,0.3703136391457109,0.9746208908017122,9.787385421301044,0.0007362507082688058,-0.01377838242542522,-0.008726646259971648,-36.471065816524444,-34.56676667272688,-58.0
1773079216.455841,61.30042641959901,0.8271395437614376,-7.905272194026968,0.38384052484189984,0.9716206091706113,9.758154021716729,-0.001525088384196283,0.002682051414258163,-0.02181661564992912,-37.278587758339455,-35.38182161779949,-12.0
1773079216.4979284,61.27100660096361,0.827387336434711,-7.885645101848622,0.4386428234853264,1.1235549692910558,9.795567750853925,0.00678401313226434,-0.004128255201835513,-0.004363323129985824,-37.278587758339455,-35.38182161779949,-12.0
1773079216.5153153,61.24663089431574,0.8135656816217478,-7.904412989349764,0.4928526962544274,1.289173085312696,9.810430834534031,0.00370754288004244,-0.011201509091615323,-0.002181661564992912,-38.0153008470244,-36.41080962791442,-56.75
1773079216.5297315,61.24663089431574,0.8135656816217478,-7.904412989349764,0.4928526962544274,1.289173085312696,9.810430834534031,0.00370754288004244,-0.011201509091615323,-0.002181661564992912,-38.0153008470244,-36.41080962791442,-56.75
1773079216.5565991,61.21173144249389,0.8134764625837132,-7.885119707847376,0.5418302603342058,1.3958421804087813,9.840392720935535,-0.024690650759525073,-0.0033920086386976336,-0.030543261909900768,-38.0153008470244,-36.41080962791442,-56.75
1773079216.6096601,61.19143788765231,0.8230672778907654,-7.876458513108598,0.5004019482205397,1.2859663758641187,9.870367356761493,0.009755305304037974,-0.0015513818680256183,-0.031634092692397225,-38.94786845792925,-34.14492704024771,-56.0
1773079216.6599138,61.16602948036501,0.8245132731018514,-7.892057668632053,0.48250799378038833,1.2101843220522512,9.890315142065045,0.014435748537075091,-0.005101155554830192,-0.018544123302439753,-38.94786845792925,-34.14492704024771,-56.0
1773079216.729611,61.15557167370823,0.8301418364460991,-7.922609148692047,0.5070464860317018,1.330132636168699,9.793201484011657,0.012042937880332399,-0.005574458989412863,0.018544123302439753,-40.67138549848181,-35.22664512317179,-56.0
1773079216.7558398,61.09562170351404,0.8248435550516628,-7.933038180544667,0.5233765785120318,1.4099568993027314,9.72857342940777,-0.00515374666761979,0.005942584343547266,-0.04908738521234052,-40.67138549848181,-35.22664512317179,-56.0
1773079216.7995825,61.05972374722894,0.8353722453177327,-7.949799321822379,0.5357761228223162,1.4938813837041254,9.752466415157945,0.010780796769822252,-0.014277979343837226,0.00545415391248228,-40.11094117104673,-34.602924708365734,-55.5625
1773079216.823406,60.98017638689452,0.8286707314831993,-7.960206148922275,0.5504786307067742,1.5479582350549657,9.768366930272547,0.017196684547952187,-0.01151704333296013,-0.030543261909900768,-40.11094117104673,-34.602924708365734,-55.5625
1773079216.838503,60.98017638689452,0.8286707314831993,-7.960206148922275,0.5504786307067742,1.5479582350549657,9.768366930272547,0.017196684547952187,-0.01151704333296013,-0.030543261909900768,-40.11094117104673,-34.602924708365734,-55.5625
1773079216.8685806,60.870845179873356,0.8301176749168157,-7.927077474676925,0.5312346120053344,1.5919285753925994,9.778948545460922,-0.006678835051816072,0.00862463575780543,-0.04581489286485115,-40.67138549848181,-35.22664512317179,-56.5
1773079216.8905096,60.835614772779415,0.8331988196084065,-7.923078901642294,0.4704505026042374,1.4088800485425022,9.84285739118883,-0.01193775979988413,0.01007083954538278,-0.03599741582238305,-40.67138549848181,-35.22664512317179,-56.5
1773079216.9088666,60.8199869497783,0.8364651668303741,-7.928899694233672,0.4299993568007995,1.2870632987097876,9.885388014112166,0.008808698434872631,0.0032342394454597675,-0.009817477042468103,-40.67138549848181,-35.22664512317179,-56.5
1773079216.9301407,60.8199869497783,0.8364651668303741,-7.928899694233672,0.4299993568007995,1.2870632987097876,9.885388014112166,0.008808698434872631,0.0032342394454597675,-0.009817477042468103,-40.67138549848181,-35.22664512317179,-56.5
1773079216.9543095,60.75023265515387,0.8304446089998284,-7.939305330035882,0.471376871383063,1.3155777257884085,9.813338317349878,-0.006205531617233401,0.006231825101062736,-0.05781403147231216,-41.03296252989125,-35.12721147515897,-55.1875
1773079217.0008442,60.63762806165994,0.8175547000735315,-7.899125176814247,0.49891314512043566,1.3345537584822094,9.765390049002423,-0.018090700304327932,-0.004075668234176843,-0.04036073895236887,-41.03296252989125,-35.12721147515897,-55.1875
1773079217.0295851,60.57800524825707,0.807930744954121,-7.904020608642712,0.5172382276923246,1.3471820962637593,9.780312575936918,0.002760936010877096,-0.0064158877781299375,-0.03599741582238305,-42.877005247580286,-36.17578500874545,-54.75
1773079217.0543623,60.57800524825707,0.807930744954121,-7.904020608642712,0.5172382276923246,1.3471820962637593,9.780312575936918,0.002760936010877096,-0.0064158877781299375,-0.03599741582238305,-42.877005247580286,-36.17578500874545,-54.75
1773079217.0751429,60.52353532127009,0.8041556092068198,-7.90428273695085,0.505726858539666,1.3829211628051126,9.790243350916276,0.0019195072221600217,0.0028661140913253647,-0.030543261909900768,-42.877005247580286,-36.17578500874545,-54.75
1773079217.090278,60.492649811237,0.8027165403662957,-7.9398069817453125,0.516612073047759,1.4362979273660446,9.75002060682854,-0.0018406226255410884,-0.010807090253651584,-0.031634092692397225,-42.877005247580286,-36.17578500874545,-54.75
1773079217.1040177,60.44794164556364,0.8020568549286181,-7.920494892203934,0.5238560617070815,1.4718195679238164,9.723252819955645,-0.020010207526487956,-0.0069417823255022056,-0.03599741582238305,-43.31843064102951,-34.952449457059735,-54.75
1773079217.1193736,60.44794164556364,0.8020568549286181,-7.920494892203934,0.5238560617070815,1.4718195679238164,9.723252819955645,-0.020010207526487956,-0.0069417823255022056,-0.03599741582238305,-43.31843064102951,-34.952449457059735,-54.75
1773079217.1413374,60.42800622228231,0.8061915649210912,-7.9161791898405705,0.5057767079359641,1.3491074416364806,9.755615832417297,-0.016565611920131652,-0.006757719648435004,-0.03490658503988659,-43.31843064102951,-34.952449457059735,-54.75
1773079217.1639106,60.36837994993056,0.79654933655022,-7.9210515181482775,0.49753491633829605,1.2559938123692342,9.777153055691988,0.016276371162616182,0.005705934698821393,-0.05126904677733343,-43.31843064102951,-34.952449457059735,-54.75
1773079217.1893907,60.26374133144825,0.7880781982970841,-7.9316897052703235,0.4947110293774459,1.203703856726198,9.77476027865815,0.009176823789007034,-0.003654951767252841,-0.055632369907319255,-42.877005247580286,-36.17578500874545,-55.1875
1773079217.2195108,60.23370139580054,0.7945649924510663,-7.942665012739894,0.4990406084711753,1.1914830991656578,9.756442353734604,0.00794097616232622,7.888459661893302e-05,-0.013089969389957472,-42.877005247580286,-36.17578500874545,-55.1875
